0,35,0
key,merger [Bool],mass [kg],x [m],y [m],z [m],vx [m/s],vy [m/s],vz [m/s]
12818434731354970689,0,7.955680000000000e+36,-3.700810090371200e+13,-2.704282654966000e+13,-7.652436758683688e+12,-2.653104858396748e+02,-3.103960685770403e+02,-7.318464897854624e+01
12818434731354970689,0,1.988920000000000e+33,1.406729343983784e+16,-1.361048581437368e+16,2.755297034153706e+15,-1.089810719407996e+05,-5.486075316040227e+04,-1.318649561187114e+04
12818434731354970689,0,1.988920000000000e+33,1.559173626227704e+15,-1.301047916878276e+15,5.234705057908850e+14,5.432366799379791e+05,3.018107498699322e+05,1.232801983657112e+05
12818434731354970689,0,1.988920000000000e+33,6.957049655163240e+14,6.727646904077612e+15,2.559137205120761e+15,2.134216911728079e+05,5.855040257283197e+04,5.864727684644114e+03
12818434731354970689,0,1.988920000000000e+33,6.405641199301968e+15,1.130856976466492e+16,2.441113082641136e+15,1.493214378236205e+05,-4.603949256523562e+04,-2.329436200185425e+04
12818434731354970689,0,1.988920000000000e+33,1.920101731615788e+16,1.467890587021144e+16,1.645092361793912e+15,-9.364221131322398e+04,-9.042706207735180e+04,-1.973135964295440e+04
12818434731354970689,0,1.988920000000000e+33,-1.704963189718825e+16,-5.568752148961372e+15,2.244365093880718e+15,7.444272571461120e+04,-1.474938375529255e+04,-1.633228708842417e+04
12818434731354970689,0,1.988920000000000e+33,2.342472606513986e+16,5.365604564407380e+15,2.221120361427179e+14,5.532296760833890e+04,8.189156309832096e+04,5.009700865399702e+03
12818434731354970689,0,1.988920000000000e+33,1.265857742440358e+16,-9.293744308354548e+15,-9.198959213821650e+14,1.559842042677904e+05,6.700099458832898e+04,-6.964941754505020e+03
12818434731354970689,0,1.988920000000000e+33,-3.195772539813784e+15,1.035120208999151e+16,5.947441203909582e+14,-1.635816159668558e+05,4.291058789526898e+04,1.301987251405864e+04
12818434731354970689,0,1.988920000000000e+33,5.324482051331400e+14,1.185926333201053e+16,-1.120201639238274e+15,-1.636690175216061e+05,1.146271079600994e+05,-1.457922552733978e+04
12818434731354970689,0,1.988920000000000e+33,1.449294615750076e+16,-1.170065424144530e+16,1.877243087006222e+15,-4.665649141116922e+04,-5.860393624874349e+04,1.710975768528586e+04
12818434731354970689,0,1.988920000000000e+33,-5.141591910222820e+15,-8.346990515923200e+13,1.649316590097654e+15,1.487916269072584e+05,-2.895449201663340e+05,-1.952275716567011e+04
12818434731354970689,0,1.988920000000000e+33,-1.464312825217248e+16,-2.838434521482406e+16,-1.725478619466141e+14,-2.077769042172112e+04,1.223213061548964e+04,7.936364997207207e+02
12818434731354970689,0,1.988920000000000e+33,3.503552100790344e+15,3.979564501824660e+15,-6.789923861675062e+14,-1.846244081891107e+05,2.926657101398094e+05,-2.697182242223278e+04
12818434731354970689,0,1.988920000000000e+33,1.112667309379494e+16,-1.720506438424396e+15,9.232581184739655e+14,-3.831627356307082e+04,-1.195033438982949e+05,-1.852929608079336e+04
12818434731354970689,0,1.988920000000000e+33,9.962355910895640e+15,9.398910607280620e+15,1.536486928672337e+15,-6.464804331733995e+04,1.839176173493965e+05,1.767875092614950e+04
12818434731354970689,0,1.988920000000000e+33,1.621960688387544e+16,1.283324753867071e+16,2.209494605082562e+12,-4.403395616108317e+04,1.297984542061068e+05,-7.624823076321590e+03
12818434731354970689,0,1.988920000000000e+33,9.044313479803544e+15,5.363557563233404e+15,-8.540386214524868e+14,3.523460600110101e+04,-1.863847686818977e+05,1.899861453790198e+04
12818434731354970689,0,1.988920000000000e+33,4.955162159496736e+15,7.601939902362532e+15,2.229655793746789e+15,-1.678826251693110e+05,1.951077483461832e+05,1.084076560907367e+04
12818434731354970689,0,1.988920000000000e+33,1.050722094011604e+16,7.144146211849720e+14,2.282874206406146e+15,-4.199891053980253e+04,-1.682791156898379e+05,4.432421334633799e+04
12818434731354970689,0,1.988920000000000e+33,6.913164347495064e+15,6.887994841048028e+15,4.155076225744710e+14,2.188385127796099e+05,-5.046213376301160e+04,-2.370977627347835e+04
12818434731354970689,0,1.988920000000000e+33,7.404520526668704e+15,6.867182447969908e+15,-6.433560343177392e+14,9.473520589429550e+04,-1.501682547027882e+05,-1.972614572783109e+04
12818434731354970689,0,1.988920000000000e+33,9.488047126017824e+15,6.891998698871324e+15,3.304278732700536e+14,-5.149215286908610e+04,1.199586188412901e+05,1.379695904902484e+04
12818434731354970689,0,1.988920000000000e+33,-8.116733801249600e+14,-2.132759842610852e+15,-9.827569184432522e+14,1.797576004168572e+05,4.813770973225602e+05,2.248047942052471e+05
12818434731354970689,0,1.988920000000000e+33,-2.330010727242760e+15,-2.794512601655600e+14,-8.711172519845102e+14,4.608904111449302e+05,3.945381399210052e+05,1.150155939715428e+05
12818434731354970689,0,1.988920000000000e+33,-2.220811425308276e+15,-8.644317033882808e+15,-9.303818673505338e+14,2.631786068944852e+05,-7.393341073496327e+04,-6.751863567907110e+04
12818434731354970689,0,1.988920000000000e+33,-1.534231655707841e+16,1.298444020817823e+16,3.793002328750126e+15,1.117776738642953e+04,-1.299879719914722e+05,-3.042539823734053e+04
12818434731354970689,0,1.988920000000000e+33,-2.056457930393879e+16,1.020327453962628e+16,1.938773085033738e+15,1.204811797125431e+04,-1.337489760671135e+05,-9.732105545147086e+03
12818434731354970689,0,1.988920000000000e+33,3.794960165388520e+14,-4.968141686263628e+15,6.200891034134298e+14,-2.639591451375003e+05,2.790173166763085e+05,-6.974535555949603e+04
12818434731354970689,0,1.988920000000000e+33,9.503172912143120e+15,1.343042167306320e+14,5.122263205603424e+14,1.406953778633745e+05,3.176290197865688e+04,4.769857691479042e+04
12818434731354970689,0,1.988920000000000e+33,1.824427554999378e+16,2.095928893509065e+16,1.538520194253384e+15,-5.423031349910976e+04,-8.336684324839979e+04,-6.229260586723907e+03
12818434731354970689,0,1.988920000000000e+33,1.466951879166128e+15,1.107360551099419e+16,1.681474183097584e+15,-1.111366339542836e+05,1.985155489876749e+05,1.386296813092417e+04
12818434731354970689,0,1.988920000000000e+33,1.498716062686434e+16,8.589846516193788e+15,4.125837107184846e+15,8.809243287515770e+04,-1.159435363347146e+05,1.271784927146987e+04
12818434731354970689,0,1.988920000000000e+33,2.588717655043504e+15,1.108421883534130e+16,-6.591979400428842e+14,-1.642974683261289e+05,2.190548702475148e+04,1.745664317957028e+03
