0,35,0
key,merger [Bool],mass [kg],x [m],y [m],z [m],vx [m/s],vy [m/s],vz [m/s]
6274906630812631318,0,7.955680000000000e+36,-2.101522391715200e+13,-4.604651971612800e+13,-1.533226606084800e+13,3.817344184089725e+02,1.085478834024354e+02,-7.463496028742202e+01
6274906630812631318,0,1.988920000000000e+33,-4.705325926061056e+15,7.882321152194080e+15,5.101134987065175e+13,-2.531064791039928e+05,-5.083247165403362e+04,5.054575138795150e+04
6274906630812631318,0,1.988920000000000e+33,6.801983695186688e+15,2.117619024651856e+16,7.210062860193684e+15,-8.554957433665119e+04,-1.019434876763801e+04,1.841657048028577e+04
6274906630812631318,0,1.988920000000000e+33,-5.860766823103328e+15,5.087158860972544e+15,2.707108320007741e+15,-6.074113540991600e+04,-1.476253094895596e+05,-9.284847774189719e+04
6274906630812631318,0,1.988920000000000e+33,-4.438816330400704e+15,1.330750754956464e+16,2.093950924458432e+15,-5.821938617293500e+04,-1.630725873895209e+05,-7.423360128161580e+04
6274906630812631318,0,1.988920000000000e+33,5.728464087495552e+15,-9.795679357403952e+15,-7.316478109583441e+15,1.632175659727351e+05,9.374887138277209e+04,4.127044429970360e+03
6274906630812631318,0,1.988920000000000e+33,1.224169092624896e+15,-1.900596100180480e+15,-1.649154700436794e+15,-3.710770039219700e+05,2.400979548571435e+05,3.671970415268629e+05
6274906630812631318,0,1.988920000000000e+33,7.132201535860608e+15,7.898544109933888e+15,1.476788531249629e+15,5.811974254502260e+04,1.044109698876411e+05,7.624013200143991e+04
6274906630812631318,0,1.988920000000000e+33,1.876554831902720e+15,6.641076904683072e+15,2.236094370253101e+15,-2.044737296604957e+04,-1.587408574546229e+04,-1.524953386491031e+05
6274906630812631318,0,1.988920000000000e+33,2.559251161106656e+15,4.439254672119168e+15,4.198563147399054e+15,2.577414510697499e+05,-1.545036713131678e+05,3.492910463785033e+04
6274906630812631318,0,1.988920000000000e+33,1.248691690655520e+16,2.218500708581709e+16,1.730683583238899e+15,-2.264023566011587e+04,-5.961410293686951e+04,-9.271558787885906e+03
6274906630812631318,0,1.988920000000000e+33,-4.176911792247616e+15,9.443801206475808e+15,6.362351551787896e+15,7.792096494184546e+04,-1.317872826513016e+05,-3.237824614234179e+04
6274906630812631318,0,1.988920000000000e+33,9.335625050935392e+15,4.128884007233632e+15,-1.773904106909044e+15,8.619351424042496e+04,-1.374140190616746e+05,-5.636864641768311e+04
6274906630812631318,0,1.988920000000000e+33,-4.831730217099072e+15,-4.731604775484701e+16,-7.227159630772227e+15,-7.424376018124455e+03,8.710321598595272e+04,2.201070236898956e+04
6274906630812631318,0,1.988920000000000e+33,4.134474586212640e+15,5.868472689499616e+15,-1.062393092742748e+15,-2.278186334208232e+05,-1.098216461469183e+05,-1.311930027462673e+04
6274906630812631318,0,1.988920000000000e+33,2.254540336060736e+15,1.547510540158688e+15,-2.269388181535908e+14,3.283263987903754e+05,4.607220844525011e+05,8.288220973165728e+04
6274906630812631318,0,1.988920000000000e+33,5.183277581020448e+15,2.652883907082138e+16,9.561688116277082e+15,1.471908865914209e+03,8.798534647470280e+04,3.809427765890172e+04
6274906630812631318,0,1.988920000000000e+33,-1.606533073811394e+16,2.099703832617280e+14,-1.784218154596970e+15,-9.420029524874481e+04,1.220672651638143e+05,2.955458801842670e+02
6274906630812631318,0,1.988920000000000e+33,8.225349333035168e+15,4.188739774165504e+15,3.160444973561263e+15,-1.871289922565603e+05,1.656952996981319e+05,-4.558360102902448e+04
6274906630812631318,0,1.988920000000000e+33,1.100761360234400e+15,-1.775433974196992e+15,-1.931299221921289e+15,-4.952563512020622e+05,-7.416687949659189e+04,4.484379624140605e+04
6274906630812631318,0,1.988920000000000e+33,3.230667754610080e+15,4.666946116833024e+15,9.677499158447096e+14,-1.937030951371172e+05,-2.797727381215515e+05,-5.739473487150834e+04
6274906630812631318,0,1.988920000000000e+33,5.663886392466080e+15,-1.402910200866496e+15,-2.964956997366166e+15,5.934774648896593e+04,2.798607921795996e+05,1.102972254353736e+04
6274906630812631318,0,1.988920000000000e+33,3.231808989020256e+15,1.200744569317955e+16,3.564461368244168e+15,-1.467816280990473e+01,6.978952266314549e+04,6.362437281218736e+04
6274906630812631318,0,1.988920000000000e+33,-1.607957982026240e+14,6.928860114901952e+15,2.272482953089069e+15,-9.703054848781420e+04,-3.003951640828697e+05,-4.320371610739540e+04
6274906630812631318,0,1.988920000000000e+33,7.641064142900096e+15,-8.239966156089104e+15,4.764883375392451e+15,-2.487736400131914e+02,-1.838632476142602e+05,5.785636858342186e+04
6274906630812631318,0,1.988920000000000e+33,1.021220323506170e+16,-1.967829362045555e+16,1.386449311173034e+16,4.082298350546908e+04,-1.063217515582538e+05,5.421851610419659e+04
6274906630812631318,0,1.988920000000000e+33,1.252837511909846e+16,8.552474774830272e+15,2.164198518773894e+15,-2.212135491187013e+03,1.442455069224658e+05,4.072172003970182e+04
6274906630812631318,0,1.988920000000000e+33,5.556553955709152e+15,-1.147015126184208e+16,-4.969242221175652e+15,-1.612230127248504e+05,-1.104586095207642e+05,-3.772544243562616e+04
6274906630812631318,0,1.988920000000000e+33,6.342286589656192e+15,3.420388719808038e+16,5.085934765424924e+15,-4.449269158290882e+04,-8.366676759354006e+04,4.579379108639851e+03
6274906630812631318,0,1.988920000000000e+33,-1.462743718750672e+16,9.364692197529760e+15,-1.702787793622934e+15,-6.808599962702259e+03,-8.842063922714345e+04,7.262175220963496e+04
6274906630812631318,0,1.988920000000000e+33,-4.493657901042912e+15,1.426262055700915e+16,4.766965475096400e+14,-1.013475163308767e+05,-7.199160691947908e+04,-6.532610919349856e+04
6274906630812631318,0,1.988920000000000e+33,3.657469851639203e+16,5.113631112917446e+16,1.486083566504890e+16,-1.223993719398900e+04,-1.171264627233603e+04,7.714947533105708e+03
6274906630812631318,0,1.988920000000000e+33,-5.185027042648832e+15,-9.590247368451424e+15,2.384090738477043e+15,-3.966595302814637e+04,1.937365331051013e+05,4.751071674106663e+04
6274906630812631318,0,1.988920000000000e+33,-8.975947607493728e+15,8.683300900666880e+14,2.712827555595104e+15,1.055266370806115e+05,-1.845461668978757e+05,-7.829050272586514e+04
6274906630812631318,0,1.988920000000000e+33,-1.442471220706368e+15,1.283055853384963e+16,3.019484724490050e+13,-1.630298096766447e+05,-7.599153921903525e+03,-4.268055521323188e+04
