0,35,0
key,merger [Bool],mass [kg],x [m],y [m],z [m],vx [m/s],vy [m/s],vz [m/s]
3.423980940264549e+18,1,7.955680000000000e+36,3.908879159404000e+12,1.366290293410000e+12,-3.057639227172547e+12,-5.382437618709855e+01,1.340328652324160e+02,1.878226820009082e+01
8.840365051895404e+18,0,1.988920000000000e+33,1.815354758632866e+16,-8.766652786700344e+15,-1.753195364828908e+15,4.499355847732274e+03,-1.382218462761264e+05,-5.775840554361862e+02
5.191792129399977e+18,0,1.988920000000000e+33,8.389785594588402e+15,8.400275958851140e+15,-4.912673908723878e+14,-5.280912942458768e+04,2.192834149900764e+05,-1.448040852783604e+04
6.594413394496701e+18,0,1.988920000000000e+33,1.630818196592228e+15,9.105976305923272e+15,2.056584558277116e+14,1.947577489696818e+05,6.309979029239023e+04,2.174264881089676e+04
8.286106970154108e+18,0,1.988920000000000e+33,-3.043822725120836e+15,8.845478203978098e+15,2.109655881154843e+14,2.183518174161331e+05,1.331904420336352e+05,-4.866861338226765e+03
6.266787746405359e+18,0,1.988920000000000e+33,2.032485467374961e+16,1.210756959620961e+16,3.644207500444640e+15,-4.722629508370555e+04,-6.192432130214978e+04,8.732982064640336e+02
1.562175468605680e+19,0,1.988920000000000e+33,-4.934532201247203e+15,-6.796637227084010e+15,1.343389397857310e+15,2.229499655100955e+05,1.460234166243774e+05,-1.717025659795449e+04
1.280216149312889e+19,0,1.988920000000000e+33,3.768343708631322e+15,5.366987865444292e+15,1.898411821154634e+15,-2.488939046708503e+05,-9.330301790073726e+04,-4.915726633771687e+04
5.611207501405878e+18,0,1.988920000000000e+33,5.043290747358924e+15,-2.057609112895301e+15,5.639180009951360e+14,2.075349704222690e+05,2.623502903076956e+05,5.205666200365620e+04
6.424323622715821e+16,0,1.988920000000000e+33,-1.055822219331926e+16,2.289926477331674e+15,8.599862592242284e+13,-1.962638112223012e+04,-1.600087202602051e+05,-9.339279071756049e+03
7.791732828112477e+18,0,1.988920000000000e+33,-7.333268102454944e+15,-4.341254930087594e+15,-4.854951582061571e+14,2.566532359980787e+05,-4.205048324780871e+04,-2.773085537518410e+04
5.422048326593680e+18,0,1.988920000000000e+33,3.285925026614748e+15,-1.410426646591136e+16,2.406702646123896e+14,-8.878704007242710e+04,-8.251072443310123e+04,-1.231656960935687e+04
1.798068885582531e+19,0,1.988920000000000e+33,-6.746332238104638e+15,-4.189325411894574e+15,-2.372178391658674e+14,2.687879631627967e+05,-1.943153580009906e+04,2.847887864295414e+04
5.854221591607914e+18,0,1.988920000000000e+33,-7.637774726283034e+15,-1.611278737027640e+16,1.604214592745980e+15,-1.051673806921977e+05,-1.422025936776743e+05,4.921312516741829e+03
1.051710053405440e+19,0,1.988920000000000e+33,6.789110716275302e+15,-3.647940394648320e+15,5.403528821324009e+13,1.226931837558609e+05,2.220811145596255e+05,-5.895782329340906e+04
6.046977314959793e+17,0,1.988920000000000e+33,5.278072663324536e+15,-7.058804676695382e+15,3.057142512830726e+14,-2.180362498545288e+05,-1.065918218675020e+05,-2.580009991412544e+04
8.434700111032737e+18,0,1.988920000000000e+33,-7.985175927749464e+15,-4.434985888688722e+15,-2.499306184514822e+14,2.036092160226155e+05,-1.696325394595650e+05,2.309161085447167e+04
1.767487365595998e+19,0,1.988920000000000e+33,-1.532351915841947e+15,1.695187537579544e+16,-1.326660615603575e+15,-1.538375771883972e+05,1.294641930031691e+04,-5.903536852726616e+03
6.030476048657218e+18,0,1.988920000000000e+33,4.710341854395058e+15,7.009603028599058e+15,-9.503435264972412e+14,2.081979487459432e+05,-6.911286815986061e+04,-6.325802429909557e+03
3.671910083330941e+18,0,1.988920000000000e+33,-5.199036183932594e+15,-4.994260446153202e+15,1.318705769043341e+14,2.220715241900726e+05,-1.887676273685637e+05,1.120091520885862e+04
1.383037786466881e+19,0,1.988920000000000e+33,-4.153373088277466e+15,-7.563597675271032e+15,-1.939640241191988e+15,-1.143207218881497e+05,2.021292313753713e+05,-1.235039587278665e+04
2.548243186515702e+18,0,1.988920000000000e+33,1.348308667296796e+15,6.335876989673942e+15,-2.112086006219997e+14,3.181582984251092e+05,1.607877262027268e+04,3.051788658408836e+04
6.741953494252143e+18,0,1.988920000000000e+33,6.606875164114354e+15,-3.121197143505815e+15,3.469854668341104e+15,-1.613063911627888e+05,-1.699725489223094e+05,-1.862482316162561e+04
4.510951990155625e+18,0,1.988920000000000e+33,8.360402503644582e+15,1.653919598667508e+15,-3.878753048505832e+14,7.145737523236549e+03,2.629340666739154e+05,1.800088876452441e+04
8.059718912084679e+18,0,1.988920000000000e+33,-6.311804848383962e+15,4.801234951020240e+14,6.861860924768824e+14,-3.047315352983698e+05,-1.155900873182149e+05,-5.514090515750718e+03
6.932240760322017e+18,0,1.988920000000000e+33,-6.146350300631438e+15,-1.003728879169725e+16,-6.170117064592318e+13,-1.336961275927939e+05,-1.460264375357356e+05,2.371291738221045e+04
1.386315199048480e+19,0,1.988920000000000e+33,-1.020661958279590e+16,-3.656017207561928e+15,1.384168634270123e+15,9.613871019072481e+04,-1.926356949995990e+05,1.082845728784595e+04
4.239391235958313e+18,0,1.988920000000000e+33,-2.741492060401312e+16,4.876750644196006e+15,-3.242483870546649e+15,-5.167868770268344e+04,-6.143913155166306e+04,-2.636564342062164e+03
1.671382127291157e+19,0,1.988920000000000e+33,-1.082368072795956e+16,2.204726763438900e+16,3.231541952455931e+14,-1.216823195638409e+05,-1.130646380864320e+04,-5.247695493946721e+02
2.234653178110303e+17,0,1.988920000000000e+33,3.326904848168660e+14,-1.754116362887356e+16,6.150105681026108e+15,-8.841234211758501e+04,4.295369389118446e+04,-2.905185616324456e+03
5.711476025841299e+17,0,1.988920000000000e+33,1.388731842527900e+16,1.418032657530495e+16,2.117157184302397e+15,4.833403156455423e+04,4.538776808399679e+04,1.730032777358371e+04
5.209108368969438e+18,1,1.988920000000000e+33,2.015377784486924e+15,2.594188607751312e+15,-3.385293138879255e+13,-3.372653862424489e+05,-4.333425097542417e+05,2.585358131239743e+03
7.694446250270331e+18,0,1.988920000000000e+33,-4.287298711153244e+15,4.584046953454674e+15,-1.705014751792031e+14,-2.692171357632289e+05,-1.073830402296411e+05,-9.130741275438924e+03
1.424701212635595e+19,0,1.988920000000000e+33,-4.460225747661226e+15,-9.233446709409602e+15,8.996670705574906e+13,-1.599954551152896e+05,1.584203443530885e+05,-4.331810125679027e+04
5.422973646334341e+17,0,1.988920000000000e+33,3.214209389811976e+15,-4.638118616962676e+15,-7.377165100533455e+14,2.921038575595918e+05,1.884437878378274e+05,7.190780025912393e+03
