0,35,0
key,merger [Bool],mass [kg],x [m],y [m],z [m],vx [m/s],vy [m/s],vz [m/s]
5.541155248268104e+17,1,7.955680000000000e+36,-2.848120977569600e+13,-4.841454794891200e+13,-8.341711962019562e+12,1.030787635409949e+02,8.569788373105530e+01,-1.867980430534009e+01
1.935344683754577e+18,0,1.988920000000000e+33,5.144515864599808e+15,5.532604276550208e+15,7.775417991254620e+14,-2.606950882504800e+05,-1.060731224630570e+05,4.673656376270826e+03
2.152822698969911e+18,0,1.988920000000000e+33,-5.110829634038080e+14,1.215546868935078e+16,1.519966886142473e+15,-8.396437170615341e+04,-1.883763903324813e+03,-2.753859004478605e+04
4.576571962944228e+18,0,1.988920000000000e+33,2.528720453993856e+15,-4.232406026226744e+15,-7.452020340401208e+14,-3.802636685002435e+05,1.046579214389180e+05,-1.304544393050304e+04
4.556546499158050e+18,0,1.988920000000000e+33,2.713701970235856e+15,2.827282647724640e+14,1.329174023034470e+15,-4.898681059482726e+05,-1.340607446993974e+05,-9.401455779144354e+04
1.336745590684374e+19,0,1.988920000000000e+33,3.073545454536608e+15,4.027721208223200e+15,2.834730415712323e+15,-2.726142606535490e+05,-2.279647726349040e+05,-7.854433608556897e+04
6.361407572837970e+18,0,1.988920000000000e+33,-5.084052676439120e+15,-2.896354525366824e+15,9.135676760284624e+15,-1.812051622396988e+05,3.696561021500013e+02,9.701462427780000e+04
1.533294012054177e+19,0,1.988920000000000e+33,2.241446330859280e+15,8.193716339949456e+15,-1.862471832267177e+15,-2.586923792363770e+05,-5.144726265263587e+04,-7.641757103169968e+04
1.021275048869528e+19,0,1.988920000000000e+33,-6.782460533767208e+15,1.915183467920306e+16,1.709159891497712e+15,-4.273137411216313e+04,5.694744757896628e+04,3.278822244643286e+04
1.552299795500939e+19,0,1.988920000000000e+33,-5.217374903291744e+15,3.881505706962784e+15,-1.372016448469275e+15,1.834687938594226e+05,-1.239855952211717e+05,-1.495249096492875e+03
1.730869441750500e+19,0,1.988920000000000e+33,-1.982797118536688e+15,-2.247135844636720e+15,-1.007442649277297e+15,5.401904118239979e+05,-1.099187919854857e+05,3.729329633432633e+04
1.259500526876310e+19,0,1.988920000000000e+33,2.049191531673518e+16,-1.936758363846040e+15,2.954707760940426e+15,-8.295283804415505e+03,4.897331287821123e+04,-2.582736737298506e+04
9.758173462837158e+17,0,1.988920000000000e+33,2.329856257650672e+15,7.433204244376928e+15,-2.158528771498182e+15,-6.156779299169474e+04,2.026260301328575e+05,8.447690900369027e+03
1.535997924013906e+19,0,1.988920000000000e+33,-4.296352136342656e+15,-6.030229894438472e+15,2.723474906168061e+15,1.147719346077110e+05,2.895137855698014e+05,-2.901708972478228e+04
1.693868679891744e+19,0,1.988920000000000e+33,-2.068067794095840e+15,1.013577078950477e+16,-1.262898112620462e+14,-5.061515622644919e+04,-6.663957861580371e+04,6.650711742833281e+04
1.497331747648233e+19,0,1.988920000000000e+33,1.052884763695360e+15,7.591170796027264e+15,-2.997712475516173e+15,1.924324358867525e+05,1.920299513530984e+05,-4.245457037808251e+04
5.273323379305568e+18,0,1.988920000000000e+33,-2.459381771705440e+15,9.666836302474336e+15,-1.407524673068836e+15,-7.445353259644387e+04,-1.096075484505233e+05,-1.807699873203682e+04
5.578376155326552e+17,0,1.988920000000000e+33,-1.855662805250432e+15,1.915537260357510e+16,-1.111430908908778e+15,-7.429695985961467e+04,3.171741594074208e+03,3.178229106626645e+04
1.714773440706400e+19,0,1.988920000000000e+33,1.913597657013008e+15,9.168664538678128e+15,-2.911138244504958e+15,1.996100101030209e+05,1.278200608980484e+05,1.675889134190429e+04
7.119893592552183e+18,0,1.988920000000000e+33,-2.119964765535152e+15,1.340906906971723e+16,5.440623163726395e+15,-9.879572755471364e+04,-7.514569900638516e+04,2.105082230035406e+04
1.140795701433632e+19,0,1.988920000000000e+33,1.218291002116189e+16,6.642027420596448e+15,1.217578663166615e+15,4.569366119624807e+04,-1.053557407824637e+05,-1.758604879678596e+04
6.656042812749108e+18,0,1.988920000000000e+33,1.026880820014002e+16,1.284054696447208e+16,7.209691868575270e+14,1.630156571713583e+05,-1.497625492787616e+04,1.689695391960278e+04
1.790168652441712e+19,0,1.988920000000000e+33,1.115084701829250e+16,-7.064356651616640e+14,-7.112378689560208e+14,-1.357223161303239e+05,-7.355470474098320e+04,-1.686208437710376e+04
1.671799159943619e+18,0,1.988920000000000e+33,2.759481691543296e+15,1.121130265073138e+16,-1.253361662543939e+15,-1.518092623035577e+05,-9.519203852805548e+04,-1.393776311988839e+04
7.446506514837005e+18,0,1.988920000000000e+33,-1.243428558168658e+16,2.035735060744080e+15,2.143110563020518e+15,2.208591270425486e+05,-2.974675175393757e+04,2.497428309698250e+04
2.859644062684294e+18,0,1.988920000000000e+33,-1.497340897679840e+15,-2.182801180181923e+16,5.230290949740915e+15,-3.647917341178922e+04,5.058664408616108e+04,-4.220820538689323e+04
7.872739431640974e+18,0,1.988920000000000e+33,1.156397094803955e+16,1.323255043271838e+16,2.313298333881788e+15,-7.274243335235382e+04,1.304641133798803e+05,6.586148040739316e+04
1.697881402898146e+19,0,1.988920000000000e+33,6.072385893902400e+14,6.106043381858816e+15,7.377847275347109e+14,-8.815491364847773e+04,3.497420871109816e+05,4.018605322434175e+04
9.985285821368889e+18,0,1.988920000000000e+33,-1.369413024399552e+15,-1.274238786265616e+15,-6.791987709264275e+14,5.813176436060922e+05,-3.987838291139259e+05,1.506974961382690e+05
1.609135147182267e+19,0,1.988920000000000e+33,1.699093024919179e+16,-7.622339128192664e+15,2.539722850635500e+15,-2.758233902348384e+04,9.783830027169094e+04,-1.971358418549393e+04
7.607276114318962e+16,0,1.988920000000000e+33,9.174552605014016e+15,1.686245670764902e+16,5.900950810991083e+15,2.784484206421642e+04,-2.378165544089336e+04,-3.432808106167617e+04
8.619109381949638e+18,0,1.988920000000000e+33,2.683058769162862e+16,2.595558537554680e+16,7.169958050521578e+15,4.581876083253462e+04,4.517545549313467e+04,1.739702820077525e+04
1.311439912371589e+19,1,1.988920000000000e+33,-2.507443121533440e+15,2.596181362545552e+15,-3.434693693455261e+14,3.259047591723624e+05,-3.469881337180258e+05,4.526164441230533e+04
7.801306154575174e+18,0,1.988920000000000e+33,6.475737878189824e+15,5.781116669474864e+15,-1.895645958576388e+15,-1.964615880551281e+05,-5.384138688339031e+04,-3.211718026815400e+04
1.477902493071411e+19,0,1.988920000000000e+33,1.461527023449747e+16,9.382888295850944e+15,-2.449200415742522e+15,-6.232201924862238e+03,1.062393327100445e+05,-1.968761326598976e+04
