0,35,0
key,merger [Bool],mass [kg],x [m],y [m],z [m],vx [m/s],vy [m/s],vz [m/s]
3036084341640210704,0,7.955680000000000e+36,-3.251508236392000e+13,-4.695940941388800e+13,-9.176909635464875e+12,3.027028612560275e+01,-9.270254932463445e+01,1.908049848684250e+01
3036084341640210704,0,1.988920000000000e+33,2.346217248488778e+16,1.701989633135309e+16,-8.737704687416401e+14,4.776704745086529e+04,-2.473566077824750e+04,-2.056430372442333e+04
3036084341640210704,0,1.988920000000000e+33,8.762515241744480e+14,7.595750122946720e+14,-9.142985280895521e+14,-4.741444846224254e+04,7.723181864787883e+05,-1.651797875855238e+05
3036084341640210704,0,1.988920000000000e+33,1.609299778863181e+16,2.328866382620016e+15,1.033041333263732e+15,-2.382631983057255e+04,-2.762969812163129e+04,-4.778946797235914e+03
3036084341640210704,0,1.988920000000000e+33,1.334288289033747e+16,6.222250632250144e+15,3.737542648578423e+15,-1.678333394892804e+04,-2.319584283037688e+04,-7.886148751904251e+03
3036084341640210704,0,1.988920000000000e+33,-5.634727269306720e+14,6.773706382259536e+15,9.238362291378025e+14,-2.004335887233423e+05,-2.214893332393584e+05,-2.070055748134013e+04
3036084341640210704,0,1.988920000000000e+33,-1.060106559012352e+16,2.117519805652322e+16,2.575719018773815e+15,-1.713953019581700e+04,3.037567373545767e+04,-1.799382969737000e+04
3036084341640210704,0,1.988920000000000e+33,-2.178322518453664e+15,2.904471380446336e+15,7.978712028041658e+14,-1.266995539951245e+04,4.738606947531056e+05,1.474024470548150e+05
3036084341640210704,0,1.988920000000000e+33,2.554690588134240e+15,1.115415407139875e+16,1.179883291250162e+15,-1.063555608100537e+05,-5.893847060887104e+04,-1.081454386094165e+04
3036084341640210704,0,1.988920000000000e+33,-1.027525441329934e+16,-4.428463818008488e+15,2.024172746568731e+15,9.157872760594610e+04,1.226843940884958e+05,-2.697432572168727e+04
3036084341640210704,0,1.988920000000000e+33,-2.983192051608160e+14,1.128906942452955e+16,1.839195553438970e+15,-2.999668302651260e+04,6.144800487606089e+04,1.393678881574583e+04
3036084341640210704,0,1.988920000000000e+33,2.442692774526811e+16,-4.919450638003160e+15,-1.976662430049786e+15,-1.999216915186229e+04,1.922738281236701e+04,-9.078063196093667e+02
3036084341640210704,0,1.988920000000000e+33,-4.435700693483584e+15,1.177789991696781e+16,3.441983844315172e+15,-4.041996399149324e+04,-1.489636093991247e+05,-2.400887161527002e+04
3036084341640210704,0,1.988920000000000e+33,1.970148417430400e+14,-2.084272521735329e+16,5.334187336212279e+14,-4.850618286582201e+04,-1.694693031943557e+05,-5.019168124880925e+03
3036084341640210704,0,1.988920000000000e+33,-2.539896512796512e+15,-6.734445204153120e+14,-3.633300695533774e+15,9.771061883299088e+04,2.343474770551677e+04,1.376240509836340e+05
3036084341640210704,0,1.988920000000000e+33,1.409679349394715e+16,4.803396736878816e+15,1.952957849726834e+15,-1.135003686924588e+05,-5.357707793531449e+04,-2.617621503037875e+04
3036084341640210704,0,1.988920000000000e+33,9.442756340902496e+15,1.064836054306518e+16,-1.185400650359780e+15,1.000620175983022e+05,8.256745755623451e+04,-9.826015452711399e+03
3036084341640210704,0,1.988920000000000e+33,-1.086954196279499e+16,9.153925556461648e+15,-7.911418746340379e+14,-9.887411005862072e+04,-1.747872399058183e+05,-3.198972191085773e+04
3036084341640210704,0,1.988920000000000e+33,7.982020349078464e+15,9.195773307640176e+15,2.345987031301960e+15,1.132744433926359e+05,5.005010843507832e+04,-2.592292809828431e+04
3036084341640210704,0,1.988920000000000e+33,5.131891889228272e+15,2.154027972074910e+16,3.783342411370850e+15,-7.196821023239325e+04,2.385645331660337e+04,4.164131308354600e+04
3036084341640210704,0,1.988920000000000e+33,9.594557389477904e+15,3.173087484953120e+14,1.262136383947963e+15,-2.987870646970133e+04,7.341470579688581e+04,3.847058809939082e+04
3036084341640210704,0,1.988920000000000e+33,5.041926062442144e+15,1.128621449772880e+16,4.539739115269999e+14,1.474332710528065e+05,8.468147595194527e+03,2.569505530761681e+04
3036084341640210704,0,1.988920000000000e+33,9.073960576357440e+15,-5.591802768698400e+14,6.143614989114302e+15,-1.762134984478758e+05,-1.172411335538729e+05,-1.660245987327188e+04
3036084341640210704,0,1.988920000000000e+33,-4.628411937868224e+15,1.033291821745955e+16,-3.540557106299000e+13,-1.039698907343744e+05,-3.605056182428919e+04,2.240818189570519e+04
3036084341640210704,0,1.988920000000000e+33,-2.200897747784769e+16,6.958967970529136e+15,4.271409060755129e+15,4.130278540474117e+04,-1.495824677649079e+04,1.496356302878200e+04
3036084341640210704,0,1.988920000000000e+33,1.458216310630784e+15,-1.398188551395498e+16,1.264899924407949e+15,-6.993362592642891e+03,-1.567465632810779e+05,-1.005829136167810e+04
3036084341640210704,0,1.988920000000000e+33,-8.029519459554392e+15,-5.510829977259648e+15,8.093316274412674e+14,2.508949737024599e+05,-1.264552350953531e+05,-5.113838213208945e+03
3036084341640210704,0,1.988920000000000e+33,6.225956379362240e+15,1.691395849833899e+16,-1.292375109867329e+14,-3.726578109876137e+04,-1.211491193623207e+05,6.575576590491779e+03
3036084341640210704,0,1.988920000000000e+33,8.028029480166336e+15,1.525716566692690e+16,5.651557772459043e+15,-1.228010433934275e+05,-2.448782887889369e+03,6.043715497313194e+02
3036084341640210704,0,1.988920000000000e+33,3.026023096516976e+15,-1.119021081646363e+16,-6.786099160177226e+14,1.694315805145797e+05,-1.031314142296232e+05,-9.775782883149428e+03
3036084341640210704,0,1.988920000000000e+33,1.092050813707435e+16,7.919552854285760e+14,-3.974599806109649e+14,2.615413113314054e+04,2.045701168106821e+05,-2.846235925449671e+04
3036084341640210704,0,1.988920000000000e+33,1.653884846667408e+16,1.725411724967226e+16,3.703341731092818e+15,-1.013461578160937e+05,-1.197156895878601e+05,-2.542923892355165e+04
3036084341640210704,0,1.988920000000000e+33,-6.920843948373776e+15,8.417687951364240e+15,8.868200628346600e+14,1.142607539868226e+05,2.723169623305099e+03,-2.684053711456699e+04
3036084341640210704,0,1.988920000000000e+33,1.294728046913475e+16,9.542374899437216e+15,-1.907637506653424e+15,4.463296786562052e+04,-5.566715490900647e+04,-2.584908675052082e+04
3036084341640210704,0,1.988920000000000e+33,1.294794959823286e+16,6.124335993041616e+15,-1.385473683132713e+15,6.076440289918484e+04,1.781610912356426e+05,2.123083419003475e+04
