0,40,0
key,merger [Bool],mass [kg],x [m],y [m],z [m],vx [m/s],vy [m/s],vz [m/s]
1.567148089802976e+19,1,7.955680000000000e+36,-3.841447243745600e+13,-5.275823030378400e+13,1.552198354200788e+13,-4.976021010905761e+02,2.022160649632224e+01,1.939844010978923e+02
8.026886149152571e+18,0,1.988920000000000e+33,2.270364154964914e+16,1.322329884065307e+16,-6.755349135946152e+15,8.201084629544507e+04,-1.386733118011384e+04,-2.700223461264667e+04
1.006186906737238e+19,0,1.988920000000000e+33,-2.112603368202671e+16,9.301856054343656e+15,7.727024021430458e+14,-3.319673748051954e+04,-3.636673681775711e+04,-1.888955365868768e+04
4.506001441057205e+18,0,1.988920000000000e+33,5.945613694630312e+15,-2.019887371978525e+16,-1.745950558775308e+15,-3.776665012176939e+04,4.092452200646931e+04,-1.088506183584648e+04
1.623233130962438e+19,0,1.988920000000000e+33,2.064891901718444e+16,4.538690434367232e+15,-6.157866343971890e+15,5.426757752523470e+04,7.516113568734381e+04,-3.378555749546436e+04
1.347549229353737e+19,0,1.988920000000000e+33,1.135096396658847e+16,6.602567948057600e+14,-4.007358037558372e+15,-1.444181371011566e+04,-2.110663863777094e+04,-8.007243778656470e+03
1.840616915330304e+19,0,1.988920000000000e+33,7.359490932481128e+15,1.952609813076586e+16,-3.213915553532782e+15,-5.770178143009400e+03,1.230075214836077e+05,-2.010269442917088e+04
1.827778587995341e+18,1,1.988920000000000e+33,-5.556528152821832e+15,3.051717763053944e+15,1.391118597225858e+14,1.438433823651718e+05,-8.202062880775041e+04,-2.909988631737919e+03
3.136025671897939e+18,0,1.988920000000000e+33,7.958846791644216e+15,5.278296733191352e+15,-1.922246109074942e+15,-1.510130673499961e+05,-3.343795032280444e+04,2.134924905435507e+04
5.890892422196778e+18,0,1.988920000000000e+33,5.310414628166344e+15,5.793208089935688e+15,1.071703950158000e+14,-1.610819592530116e+04,-2.320458121956841e+05,2.235423893498964e+03
9.118021299201323e+18,0,1.988920000000000e+33,2.542077663003092e+16,1.030674353018296e+15,-5.650191869015558e+15,7.844025977489155e+03,-4.626621177750822e+02,1.136675870639986e+03
1.688244274332065e+19,0,1.988920000000000e+33,1.447215253607004e+16,2.931206005192168e+15,-9.687996329866050e+14,-4.037415138295524e+04,-6.211476963963802e+04,-9.453879950670786e+03
5.409933794007114e+18,0,1.988920000000000e+33,8.021328190901608e+15,3.619584023517888e+15,-2.581763483992431e+15,-1.503529194367304e+05,9.967339784861740e+04,-3.492940132832067e+03
1.049620439830779e+19,0,1.988920000000000e+33,-2.140551611817926e+16,5.357498500031648e+15,-7.462598266526462e+14,1.063692815698228e+05,-1.344753329529105e+05,1.242869370961926e+04
4.491963020824764e+17,0,1.988920000000000e+33,-2.425623276992960e+15,-2.394095824977120e+14,5.198933499300360e+14,5.883472484810892e+05,-9.893597305496642e+03,-7.096051864127179e+04
6.592090726561891e+18,0,1.988920000000000e+33,9.252380716393040e+14,-2.565326032890048e+15,-1.960159414470704e+15,4.184934573533111e+05,-1.171856371697491e+05,-2.369294174171521e+05
2.283072494413616e+18,0,1.988920000000000e+33,4.116926938130904e+15,3.193111455368000e+16,1.255651331281305e+15,-5.480167946089505e+04,5.002765322592103e+04,6.120486553719685e+03
1.607581220923502e+19,0,1.988920000000000e+33,-1.105273642373913e+16,9.601945723454760e+15,8.289322352439625e+14,-1.862698641539363e+04,-1.926343552930628e+04,1.176077470446206e+04
1.044483123742062e+19,0,1.988920000000000e+33,2.730399753175592e+15,1.819270502867506e+16,2.724241001480110e+15,2.008082652309180e+04,-2.785380214520233e+04,-4.421803470813236e+04
5.451558719965498e+18,0,1.988920000000000e+33,1.548832596977914e+16,1.066317228732776e+15,-1.615624068046202e+15,8.571865842131343e+04,-7.128137924291514e+03,2.134623346291826e+03
7.388632033248559e+18,0,1.988920000000000e+33,5.821948636653296e+15,-1.158284830614528e+15,3.236395040651312e+14,2.637303867170769e+05,1.847265782047128e+05,-5.297382628431740e+04
1.123921409584988e+19,0,1.988920000000000e+33,2.411044773303688e+15,1.323958507053484e+16,-8.222384238960532e+14,-1.432572045122097e+05,-7.302535320352601e+04,3.633149677960356e+04
9.336691359194698e+18,0,1.988920000000000e+33,-2.585273007849352e+15,1.960218019028187e+16,3.875525334235024e+14,5.991971721236591e+04,3.677240872380303e+04,5.121911129013275e+03
1.136314209092312e+19,0,1.988920000000000e+33,7.917043303491368e+15,4.961582011826080e+15,-6.594787760200266e+15,1.889239595576906e+05,5.013367795031851e+04,-6.710999049605565e+04
7.276015886834876e+17,0,1.988920000000000e+33,-3.355292695878344e+15,7.530137067330632e+15,1.242788116123452e+14,8.035562554049553e+04,1.710132606770786e+05,-5.308164948556803e+04
1.340219233385201e+18,0,1.988920000000000e+33,1.198290036381552e+15,7.815285583717336e+15,-1.932508554128408e+15,9.866877667600945e+04,2.507282113935268e+05,-2.610284414202411e+03
8.002288236112443e+18,0,1.988920000000000e+33,3.217871036556496e+15,1.255063556926665e+16,-4.631818953071502e+14,5.159953077848755e+03,-1.311440151555630e+04,-2.969424017354353e+04
9.459733692189702e+18,0,1.988920000000000e+33,7.950585639476864e+15,1.332875249560080e+15,-2.457697861509784e+14,2.113166298663973e+05,2.128985352075259e+05,-9.354946025330488e+03
3.296667144908081e+18,0,1.988920000000000e+33,-2.354667486978449e+16,-1.302711263252704e+16,-2.341699342010544e+15,7.710065076748817e+04,2.394695039946949e+04,-8.389876138620593e+03
1.508081992849177e+19,0,1.988920000000000e+33,6.849281807219256e+15,-4.157578489721616e+15,-3.531141718324054e+15,2.215093168249793e+05,3.487465087843910e+04,-2.679031202776185e+04
1.546894825487376e+19,0,1.988920000000000e+33,7.693691286254968e+15,1.347178593766905e+16,3.425432783445895e+15,7.424303794570436e+04,-6.855309603489864e+04,6.617266261538868e+03
1.461044917931648e+17,0,1.988920000000000e+33,1.890634228072692e+16,2.174995019520574e+16,-3.379983566482327e+15,-7.487012540533104e+04,-2.425279084390459e+04,6.946652323715278e+03
6.958712580428191e+17,0,1.988920000000000e+33,2.272593918848576e+15,1.158193212440934e+16,-1.591242621423550e+15,-2.010113709517026e+04,-8.626265623447401e+04,1.934430248205384e+04
2.633784182847945e+18,0,1.988920000000000e+33,9.098919279654960e+15,1.442050453856990e+16,-1.906902975037341e+15,-1.841778039203679e+04,-3.298138711421285e+04,-6.502851843280308e+04
8.313040129739644e+18,0,1.988920000000000e+33,-7.154162669783608e+15,-2.112187898846475e+16,1.779904874803125e+15,-6.057916263204176e+04,-9.392507194365076e+04,-1.075290728430701e+04
1.180437702223531e+19,0,1.988920000000000e+33,1.186087498314346e+16,-9.459105180770248e+15,-1.044098748057671e+15,8.250253914979860e+04,-1.711569015018213e+05,-2.897484984073514e+04
8.078573526568354e+18,0,1.988920000000000e+33,-2.266795680718476e+16,8.123646511524336e+15,-1.172783260190902e+15,-4.499433320645620e+04,-4.926828395085608e+03,-2.070237855336561e+04
1.035109061034710e+19,0,1.988920000000000e+33,2.014675939421782e+16,4.844734575028536e+15,-4.553809680023052e+15,-8.668163407437678e+03,-8.719556140037881e+04,-1.859330543714059e+04
5.194947437871977e+18,0,1.988920000000000e+33,9.687709401358896e+15,4.610664300033080e+15,-2.331288484765156e+15,2.282260372872977e+05,2.900354041452610e+04,-5.457928914217630e+04
1.219923954465417e+19,0,1.988920000000000e+33,7.047693006682104e+15,2.020523490025216e+15,-5.239524400176164e+15,-2.148832446954481e+05,-1.116194915289021e+04,2.780833852811625e+04
