0,35,0
key,merger [Bool],mass [kg],x [m],y [m],z [m],vx [m/s],vy [m/s],vz [m/s]
17635824084712733688,0,7.955680000000000e+36,-1.033849965744000e+13,-3.073102335816000e+13,-2.105146087725250e+13,-7.052592295893330e+02,-5.396177852215806e+02,-1.058253793421151e+01
17635824084712733688,0,1.988920000000000e+33,1.557559882244744e+16,2.508230031426304e+16,3.579903655396276e+15,-4.484598581867106e+04,-1.351992459274386e+04,-1.114049250555818e+04
17635824084712733688,0,1.988920000000000e+33,-4.261351603570224e+15,-2.363195542763200e+14,4.131124847122825e+14,9.376536782678423e+04,3.889007735640376e+05,5.708833101741327e+04
17635824084712733688,0,1.988920000000000e+33,2.529062260618128e+15,8.830940676050352e+15,-4.730993483349590e+14,1.068049602853745e+05,2.377016064247843e+05,7.148516651963144e+04
17635824084712733688,0,1.988920000000000e+33,-3.995154515849920e+14,1.866052612984979e+16,7.558546779597291e+15,1.006786494118836e+05,-3.239262596223271e+03,2.016705990547028e+04
17635824084712733688,0,1.988920000000000e+33,2.332816964249918e+16,-1.729115044426376e+16,1.770419574737406e+15,2.717005314292041e+04,8.865722844710261e+04,2.298344288409720e+04
17635824084712733688,0,1.988920000000000e+33,-2.486466766680688e+15,1.674883704872016e+15,3.314044278226550e+13,1.903020032888959e+05,4.773845532684894e+05,-5.887948311107373e+04
17635824084712733688,0,1.988920000000000e+33,-1.890775429297024e+15,1.091628205966098e+16,2.347659698395892e+15,-1.502996374921667e+05,1.528801497639089e+04,9.129948228922350e+04
17635824084712733688,0,1.988920000000000e+33,-9.317867194619808e+15,4.414147907220592e+15,1.408720518023874e+15,-4.009148673947706e+03,-1.980874915666076e+05,-1.083147077859154e+05
17635824084712733688,0,1.988920000000000e+33,1.143517079239656e+16,2.365365590777360e+16,9.846674524786044e+15,1.430320783109584e+03,1.059406729675715e+05,3.923856155074698e+04
17635824084712733688,0,1.988920000000000e+33,-4.907634514797088e+15,8.056034832052976e+15,2.483068818189176e+15,-8.532596936910979e+04,-1.498628372588672e+05,-1.573196329016587e+04
17635824084712733688,0,1.988920000000000e+33,-4.305804319599664e+15,-5.964200988638208e+15,-3.374961247305925e+13,3.100518086855495e+05,2.283988536868291e+04,2.008055844764397e+03
17635824084712733688,0,1.988920000000000e+33,-1.462239827204182e+16,8.877337937400992e+15,6.224848688724855e+15,-2.655690136102927e+04,1.089300592265684e+05,4.904609016712340e+04
17635824084712733688,0,1.988920000000000e+33,1.054573146565914e+16,-3.636496963682410e+16,-2.350481803947824e+15,-2.109511413716402e+04,3.618254943108659e+03,2.078083730799430e+04
17635824084712733688,0,1.988920000000000e+33,-4.104834514195328e+15,4.456549693708992e+15,1.762412178205702e+15,2.404617116239743e+05,2.347966438824597e+03,-6.060087027002856e+04
17635824084712733688,0,1.988920000000000e+33,8.093708470717456e+15,1.823381265395851e+16,1.480940781251192e+16,1.592847208628248e+02,-1.053614891497911e+05,4.173866671412160e+03
17635824084712733688,0,1.988920000000000e+33,-4.061939310454608e+15,7.722513777655888e+15,5.653610844055008e+15,1.435761682871902e+05,2.721618449532249e+04,6.744148999231473e+04
17635824084712733688,0,1.988920000000000e+33,8.243670920125920e+15,-4.873293303892144e+15,-1.504496523373000e+15,2.221883979289460e+05,1.628480520268473e+05,2.442593968290931e+04
17635824084712733688,0,1.988920000000000e+33,4.321262035212176e+15,1.040408658049170e+16,4.407159950603302e+15,-6.283907936585172e+04,-3.650359672780056e+04,-2.308886695416113e+03
17635824084712733688,0,1.988920000000000e+33,-1.339505316620672e+15,3.121929599186464e+15,2.834182880197528e+15,3.154780743824678e+05,1.181701581117521e+05,-1.450241909954660e+05
17635824084712733688,0,1.988920000000000e+33,-1.424457860757296e+15,-1.205354406787258e+16,-1.498154697744544e+15,1.581055883311448e+05,-5.309399167563993e+04,1.926479451969600e+04
17635824084712733688,0,1.988920000000000e+33,-1.725464158342640e+15,3.301038620715840e+14,-8.639846464599528e+14,5.476249448938685e+05,-1.155306860852822e+05,2.645653672727239e+05
17635824084712733688,0,1.988920000000000e+33,2.590141053315216e+15,7.464455992225456e+15,-1.082227121183128e+15,2.930484284829465e+04,2.177320398186891e+05,5.269323031528707e+04
17635824084712733688,0,1.988920000000000e+33,-6.116246811892784e+15,1.250722115578685e+16,3.655673824185513e+15,-3.225962419411181e+04,1.021228699266455e+05,8.112289605945960e+04
17635824084712733688,0,1.988920000000000e+33,-2.217730903798157e+16,-2.738498126552283e+16,1.705909235865264e+15,-4.142549593893129e+04,4.233534011767924e+03,1.027864009611369e+04
17635824084712733688,0,1.988920000000000e+33,1.664453824948427e+16,-1.083566747875578e+16,7.673144283530306e+15,6.105151431245739e+04,-7.663113091461467e+04,7.500289022415667e+03
17635824084712733688,0,1.988920000000000e+33,8.630839632923680e+15,1.274372196018803e+16,3.122326406512553e+15,-2.864702497799835e+04,1.647820459347833e+05,1.296511282098489e+04
17635824084712733688,0,1.988920000000000e+33,-3.941718882177136e+15,3.505810562352230e+16,6.814556427615661e+15,4.698811700563274e+02,-8.803715522186921e+04,-1.687564589665610e+04
17635824084712733688,0,1.988920000000000e+33,5.912474325969024e+15,1.336354399106997e+16,5.664817921770022e+15,-4.374645859737720e+03,1.971394042829905e+05,4.944598818167033e+04
17635824084712733688,0,1.988920000000000e+33,2.005460605643872e+15,-4.658808760324848e+15,7.451157451156832e+14,1.168530225425392e+05,3.086973695981189e+05,-1.574510006683739e+05
17635824084712733688,0,1.988920000000000e+33,-1.083708899908896e+15,-1.625636352959990e+16,-2.581651403997359e+15,1.432987661753253e+05,-6.298747471029926e+04,-2.640716995237509e+04
17635824084712733688,0,1.988920000000000e+33,1.361249614479136e+15,-7.191427086260800e+14,-6.438525445915910e+14,7.402977912972207e+05,1.940213454550279e+05,-1.816592491470530e+05
17635824084712733688,0,1.988920000000000e+33,3.120799926292528e+15,1.766855489411171e+16,2.531435739998500e+13,-4.235083370389070e+04,-1.032950804443719e+04,-2.381941602552856e+04
17635824084712733688,0,1.988920000000000e+33,-1.922944912737936e+15,4.333312023365776e+15,2.316347734125906e+15,-1.889888988684349e+05,-1.498052850374078e+05,-1.646663007555808e+05
17635824084712733688,0,1.988920000000000e+33,7.106064069283168e+15,1.988513894560688e+15,-1.618533575922020e+15,4.982126179509176e+03,2.728889551804009e+05,4.723488671458523e+04
