0,30,0
key,merger [Bool],mass [kg],x [m],y [m],z [m],vx [m/s],vy [m/s],vz [m/s]
8.916557761871895e+17,1,7.955680000000000e+36,-2.098617693872000e+12,-2.781867691780800e+13,3.800644118792500e+11,-1.090788833192612e+02,7.325405719269247e+01,3.780275430795579e+01
4.963390344405810e+18,0,1.988920000000000e+33,-1.867892470351878e+16,-3.476386616077318e+16,-8.570844873222325e+13,2.847121209563522e+04,5.643206049880495e+04,9.789110718436181e+03
1.618258694551183e+19,0,1.988920000000000e+33,1.243965045909288e+16,7.326262638040464e+15,5.509120720825883e+15,7.090220599498317e+04,1.515624597815839e+05,-1.123645276349928e+04
3.974911858290566e+18,0,1.988920000000000e+33,7.823960353594080e+15,3.003913358851200e+14,-2.233137431938808e+15,-8.111912274557115e+04,-2.450869604478355e+05,1.457483742983021e+04
5.759301393485550e+18,0,1.988920000000000e+33,3.427578741732240e+15,-4.213460116124752e+15,-5.514084401621400e+13,-3.089821914524948e+05,-1.903778648100469e+05,-5.344035481829380e+04
7.584334433685165e+18,0,1.988920000000000e+33,4.467252352613056e+15,1.316517042842712e+16,-3.224084541689158e+15,1.770339031386859e+04,-2.021400510802793e+05,2.703162717327646e+04
6.485230166751502e+18,0,1.988920000000000e+33,-7.932337063534560e+14,8.102612228971728e+15,-3.673610267336194e+15,1.332457206152022e+05,2.030883010857273e+05,-7.992011397003125e+03
7.936808058996769e+18,0,1.988920000000000e+33,3.069532948260640e+14,3.606244092034192e+15,1.194791201646789e+15,-2.601671239402911e+05,3.046535375726809e+05,-2.254359005397896e+05
6.003682861945590e+18,1,1.988920000000000e+33,1.384986206743792e+15,5.074505442161728e+15,-4.530417390514704e+15,-5.369485629532616e+04,-1.979808088502082e+05,1.767851634186695e+05
1.025338480214683e+19,0,1.988920000000000e+33,-1.371396363931958e+16,2.603685503654470e+16,-2.215817630425728e+15,1.166330962254381e+05,-3.380515332540400e+04,1.487934753031886e+04
3.705495424138207e+18,0,1.988920000000000e+33,1.005721404212021e+16,-7.564477476198272e+15,6.200270010504740e+14,6.317547754105349e+04,1.715699483755647e+05,-1.546648573212417e+04
8.628135625457230e+18,0,1.988920000000000e+33,-4.469980030168592e+15,-9.577139048230288e+15,1.177830796077505e+14,8.801546356057262e+04,-1.664953643292167e+05,5.235257928297877e+03
1.494158048096669e+19,0,1.988920000000000e+33,2.969317684625232e+15,1.191879129956632e+16,1.540843549051965e+14,-5.925037858112804e+04,-1.520524989020026e+05,6.638845949283479e+04
6.605242533168904e+17,0,1.988920000000000e+33,1.429497736909845e+16,-1.729623846749872e+15,-5.909249393585652e+14,1.249630558694893e+05,1.195244632981828e+05,-3.918403175798227e+04
1.804941761227114e+19,0,1.988920000000000e+33,8.377327359843680e+14,1.001104245585739e+16,-2.868640977863566e+15,2.234323078678529e+05,-1.892522621202053e+04,-6.221805525145721e+04
1.185561893836521e+19,0,1.988920000000000e+33,2.158938113910720e+14,1.721078658348058e+16,1.086247600834456e+14,2.984024262009539e+04,1.022101289050045e+05,-4.880864697937200e+04
6.814002002663511e+18,0,1.988920000000000e+33,-1.466597818518496e+16,4.557622898734880e+14,9.166681241850150e+14,1.306776837026340e+04,-1.140860629270746e+05,-1.724228463187278e+02
1.769990582572957e+19,0,1.988920000000000e+33,-7.777699427856608e+15,-9.000253927236000e+14,2.100112696378740e+15,1.071633609762076e+05,-2.460772455799927e+05,7.641801669314221e+03
1.631288176032244e+19,0,1.988920000000000e+33,3.807097625208416e+15,1.683595201856477e+16,-1.606438652736111e+15,4.750140829196868e+04,5.626184122053369e+04,-3.127342383174404e+04
7.457566101126580e+18,0,1.988920000000000e+33,-1.748291245077467e+16,5.761023802447136e+15,-1.251721247140810e+14,9.557045927272431e+04,-2.813380650089229e+04,-3.458541284187679e+04
8.624400452716182e+18,0,1.988920000000000e+33,1.549506265097424e+15,3.487614120235104e+15,1.480881599796132e+16,-2.103452018585177e+03,-6.504165417411736e+04,6.038078451308038e+04
5.492298390796647e+18,0,1.988920000000000e+33,-3.408257764249104e+15,1.453089574928224e+16,-1.694732243756598e+15,-5.266105337604589e+04,3.638662654192599e+04,7.033168118356096e+03
5.713955273325633e+17,0,1.988920000000000e+33,5.969926877500784e+15,-1.052900811906578e+16,2.260079230562102e+15,-1.373640078051288e+05,1.032600754200252e+05,1.035829990538188e+04
1.077908234880946e+19,0,1.988920000000000e+33,1.049021050895413e+16,-3.662323623727952e+15,-5.868045358331036e+15,-1.961108402526261e+05,3.861277541129349e+04,5.155903102251432e+04
1.581664913709062e+19,0,1.988920000000000e+33,1.750790341047808e+15,1.444602055702859e+16,6.194569576824632e+14,1.216317979602609e+05,-3.537326022309571e+04,5.351578576578592e+04
1.343936560672397e+19,0,1.988920000000000e+33,-1.607270566081240e+16,3.457976968466080e+15,3.913088858265360e+15,-1.840983021612204e+04,-1.120999411746897e+05,2.592616536217182e+04
2.288279949874942e+18,0,1.988920000000000e+33,9.014087089944304e+15,8.894335779000528e+15,-3.664751914216145e+15,6.886039229469025e+04,-5.849308486418326e+04,-7.424299552798094e+03
8.857237323643778e+16,0,1.988920000000000e+33,3.658157765296960e+15,-3.734326776124912e+15,-4.032965167444625e+13,3.447084854897658e+05,-1.082749047526994e+04,-1.118077810921484e+05
1.183344298189680e+19,0,1.988920000000000e+33,1.697356122960976e+15,9.723260147000432e+15,1.925863491452221e+15,-1.312294788213650e+05,1.583234469455203e+05,-5.090645235645673e+04
3.295772361973667e+18,0,1.988920000000000e+33,9.295476695716208e+15,7.603455258027728e+15,-3.291821704819461e+15,4.252202342165812e+04,8.209458004871184e+04,1.764187448077269e+04
