0,30,0
key,merger [Bool],mass [kg],x [m],y [m],z [m],vx [m/s],vy [m/s],vz [m/s]
1.561862897409074e+19,1,7.955680000000000e+36,-1.876043320665600e+13,-2.890473586090400e+13,3.106347445467625e+12,3.861397743590260e+00,-2.305688279730239e+02,5.358474952835390e+00
1.751392053626401e+19,0,1.988920000000000e+33,-1.952282357314332e+16,-2.483291196119347e+16,-5.008340141788503e+15,5.582125575871211e+04,6.929658336156666e+04,5.565648456423226e+03
1.108833215066920e+19,0,1.988920000000000e+33,9.094755708570560e+14,9.290383905375056e+15,4.025969294496021e+14,2.029930425491567e+05,2.381743960997572e+04,4.724183033100532e+04
6.451449226470723e+18,0,1.988920000000000e+33,-1.397104005107064e+15,5.452807457095816e+15,1.072937898251023e+14,6.519139576023611e+04,3.568398211491308e+05,-6.950246156950962e+03
2.319740260479921e+18,0,1.988920000000000e+33,1.020042602258224e+16,1.691353363026950e+16,3.721492130928423e+14,-8.523150909175996e+04,4.231695781263325e+03,-2.666333133815560e+04
1.153722842397516e+19,0,1.988920000000000e+33,4.867612514184592e+15,1.104586062487562e+16,-1.781178198645312e+14,1.147090393742821e+05,-7.745402850752708e+04,-2.087886119700447e+04
1.745488088376081e+19,0,1.988920000000000e+33,6.137819919420944e+15,1.689603661337331e+16,4.094213492029682e+14,3.102164156537244e+04,1.118538723066018e+04,-2.473404842204894e+04
3.378753603600551e+18,0,1.988920000000000e+33,5.285914251975232e+15,-4.678723941813816e+15,-7.738434228809042e+14,-1.620151132270050e+05,2.301291347382829e+05,8.339424700901151e+03
8.720172239444689e+18,0,1.988920000000000e+33,4.074071548782848e+15,2.430069853680989e+16,-4.091525557411110e+15,3.456340281135674e+04,4.570579945672162e+04,6.202225233296346e+03
6.491501446122757e+18,0,1.988920000000000e+33,-6.695747065301392e+15,7.728048005083712e+15,1.199899993737800e+15,1.294359310003845e+05,1.797824697180243e+05,-5.526681633781751e+03
6.004425453184398e+18,0,1.988920000000000e+33,7.938087296078896e+15,-2.604000047012128e+15,2.200495118180453e+15,2.609071185423684e+05,1.523224854789145e+04,4.974327413080671e+04
9.978406598411520e+18,0,1.988920000000000e+33,5.917945169615680e+15,5.818272577108056e+15,-1.430816299347904e+15,-2.442512667687670e+05,9.244937786576879e+04,2.812296089544114e+04
1.834524642392751e+19,0,1.988920000000000e+33,1.224350237174563e+16,1.184888704379011e+16,6.166006271112712e+14,-2.602508240566946e+04,8.247307848907268e+04,2.450291949382832e+04
1.776527139296558e+19,0,1.988920000000000e+33,1.013307577710506e+16,1.016316579217496e+16,-1.749934242301644e+15,-3.363605086164263e+04,1.087661109585996e+05,2.815181345441177e+04
1.288361877501336e+18,0,1.988920000000000e+33,2.317567489865114e+16,-4.342930219806248e+15,-6.130810268834550e+13,2.710118597093848e+04,7.840372836669633e+04,-1.766224514131049e+04
2.862229311316750e+18,0,1.988920000000000e+33,1.006384885046275e+16,4.856928362453584e+15,3.559038104877774e+15,9.300202330661783e+04,1.622901632583016e+05,-3.750471741952752e+04
1.135553099874163e+18,0,1.988920000000000e+33,2.976601259220320e+15,1.026559897407912e+15,1.312968788658734e+15,-4.848641322726454e+05,9.905485443122995e+04,-1.083080199283707e+05
5.888686548780262e+18,0,1.988920000000000e+33,3.707354215142000e+15,3.752557689955840e+15,-4.705300836685459e+15,-1.140746365847783e+05,-2.327981674172213e+05,4.394580682545843e+04
6.370066778326847e+18,0,1.988920000000000e+33,3.293101361455760e+15,1.288505153376899e+16,-3.949461819653685e+14,7.267005807954482e+04,1.342158924931817e+05,-6.843485291332554e+04
6.393404869525780e+18,0,1.988920000000000e+33,-1.823951490716759e+16,-6.736029603428856e+15,6.215195113803452e+15,5.218649225765432e+03,-5.195093124921412e+04,-3.284074675485573e+04
1.036551675693261e+19,0,1.988920000000000e+33,-8.433175988461360e+14,-1.807084788876203e+16,-1.328869957586811e+15,-2.148779266224679e+04,1.047396567602896e+05,4.210909635878829e+04
9.130798499948219e+18,0,1.988920000000000e+33,9.774415144991280e+15,-1.107771888209120e+15,-9.438836496675550e+14,-4.011045035299969e+04,1.457741901010857e+05,2.201850251702798e+04
1.216101885422142e+19,0,1.988920000000000e+33,-1.042534243397362e+16,-2.934744223353224e+15,9.555438196956868e+14,-9.169214385534350e+04,1.098636387475489e+05,4.272118577818375e+03
1.347399535757213e+19,0,1.988920000000000e+33,-5.566052875553576e+15,-1.348995265225466e+16,-3.879938301325883e+15,9.724941117033393e+03,1.966233771911776e+05,2.737796256818961e+04
1.169748762961410e+19,0,1.988920000000000e+33,3.861472032212432e+15,1.435182161143840e+16,5.729828155850421e+14,-9.261788427444609e+04,-1.580541151042154e+05,1.219217447359733e+04
6.712634670960833e+18,0,1.988920000000000e+33,1.157851651930539e+16,4.025269232476872e+15,7.540232669736289e+14,1.127026562112828e+05,7.570401831320499e+04,-1.840310058880127e+04
1.155649131167590e+19,0,1.988920000000000e+33,1.981934794205808e+15,1.328453234602899e+16,-4.124989351342877e+15,5.266700900581502e+04,-1.853650893907630e+05,6.258335509687573e+04
2.422601063559666e+18,0,1.988920000000000e+33,6.322690172931200e+14,1.079261061746944e+16,-2.402354809910450e+15,1.814215593102283e+05,3.173374244406307e+04,2.019520812143295e+04
2.796140850432317e+18,0,1.988920000000000e+33,-3.202155120173368e+15,-3.364904681159600e+14,5.837692545564938e+14,-2.054615525897681e+04,-5.081267793592631e+05,-9.860202133006434e+04
5.880648133461972e+18,1,1.988920000000000e+33,2.180671870588912e+15,1.032032086049318e+16,-6.131992918541966e+14,-4.804428294717755e+04,-2.222879860934395e+05,1.251065177755310e+04
