0,35,0
key,merger [Bool],mass [kg],x [m],y [m],z [m],vx [m/s],vy [m/s],vz [m/s]
7.024393176768266e+17,1,7.955680000000000e+36,4.227364117518000e+12,-1.174740702744600e+13,-5.328355446938156e+12,1.701284495785369e+02,3.963362705281679e+01,-1.555886829528748e+01
1.673724133942189e+19,0,1.988920000000000e+33,2.195840780588144e+15,-1.424299384165378e+16,2.478869897573412e+15,-1.706886435883038e+05,1.384074459159446e+04,-1.712021551914838e+04
6.630683480315594e+18,0,1.988920000000000e+33,-2.572016146806560e+15,5.700043139485396e+15,3.508915950155512e+14,-2.255605096192994e+05,-2.159094226830622e+05,-2.646399432914210e+04
8.550650201558899e+18,0,1.988920000000000e+33,3.707028940872540e+14,-4.906706808694696e+15,5.283366729416801e+14,-3.745162087130714e+05,-1.179066276084777e+04,-8.856659073674261e+04
4.419883793011511e+18,0,1.988920000000000e+33,9.804230888577914e+15,4.855467391869940e+15,1.533610198590096e+15,1.205189647139906e+05,-1.629138272221666e+05,1.736445261901196e+04
8.245376509361801e+18,0,1.988920000000000e+33,2.401628307561766e+16,1.274462457646093e+16,5.278607355794052e+15,-6.132916739756124e+04,-6.171712427388022e+04,-9.176994635847212e+03
1.454901807585319e+19,0,1.988920000000000e+33,-1.718118959731192e+16,-6.371349598180099e+15,-5.661074103665056e+13,8.573370276628940e+04,-1.324596476517985e+04,-1.497607755923028e+04
4.483072991770910e+18,0,1.988920000000000e+33,1.175788332016897e+16,2.128166517362951e+16,2.196762172649888e+15,-7.161280651307301e+04,-5.046297465635581e+03,-1.037865561331435e+04
3.951241327801541e+18,0,1.988920000000000e+33,1.743393787651134e+15,-7.014550668961611e+15,7.294241686122040e+14,2.655752197480596e+05,1.570463529381110e+04,1.508231061090016e+04
3.138607738833790e+18,0,1.988920000000000e+33,-7.842907083470323e+15,3.355383609620758e+15,-1.211428682097919e+15,-1.173350873148167e+05,-1.307848147129756e+05,-4.448064089323583e+03
6.903693325056087e+17,0,1.988920000000000e+33,-1.814940178593362e+16,-1.764240347305218e+15,8.969109911242808e+14,3.953829830166238e+04,-9.646737737949700e+04,8.164650114796903e+03
1.427496068615994e+19,0,1.988920000000000e+33,2.670457713004558e+15,-1.493903349510008e+16,1.570082472450956e+15,-1.267809809440736e+05,5.925811451140342e+04,-1.405630531079824e+04
1.570046012774358e+19,0,1.988920000000000e+33,-5.209255622887636e+15,1.009126159721100e+16,1.169336813043345e+15,-1.970249853967966e+05,2.672657456780798e+02,1.614282396693793e+04
1.288443524180470e+19,0,1.988920000000000e+33,-9.673779166613872e+15,-1.286711995475113e+16,1.091254819901783e+15,-1.281648547876953e+05,-1.329413389724306e+05,-5.268156195664839e+03
5.450721072214187e+18,0,1.988920000000000e+33,4.344170465592082e+15,5.731037059117304e+15,8.148187523252975e+13,-2.199883207383679e+05,1.507226808570680e+05,-4.633472880684762e+04
8.569761659329211e+18,0,1.988920000000000e+33,1.035057959618421e+16,-2.982322681214414e+15,6.316938335724342e+14,-9.864313480496327e+04,-1.776338161547503e+05,5.767309854717517e+03
9.888731663862798e+18,0,1.988920000000000e+33,1.155578891301756e+15,1.976743628138227e+16,3.417950372583276e+15,-9.667164935962869e+04,1.511781959896730e+04,1.580666782964471e+04
3.690952331173234e+18,0,1.988920000000000e+33,-4.118982101251338e+15,-6.605659051860992e+15,1.476646291929468e+14,2.713199635975076e+05,-1.260285098900338e+05,-2.092610078918739e+04
1.214145493588737e+19,0,1.988920000000000e+33,-8.049347358501829e+15,-2.931743748779504e+15,-1.399782295031840e+15,-7.204433428467614e+04,2.468016377910051e+05,1.769729177937316e+04
1.644463287083979e+19,0,1.988920000000000e+33,-2.220526296889706e+15,-4.277832228466278e+15,-6.688727624179086e+14,3.429790404709353e+05,-1.112735028260180e+05,4.626557321959515e+04
7.976817402336748e+18,0,1.988920000000000e+33,-5.142300041717146e+15,-4.375656263868660e+15,-2.137055767450612e+15,-1.417188474226544e+05,2.241039384298878e+05,6.177999898153157e+04
1.732211623885821e+19,0,1.988920000000000e+33,1.090740564189289e+16,2.412276597973662e+15,3.076411483061566e+14,4.734346387789886e+04,-1.487760145900462e+05,3.346709433733802e+04
2.904727366515782e+18,0,1.988920000000000e+33,-4.017887070832326e+15,3.776521677136992e+15,-1.392622099519057e+15,1.361124343622618e+05,2.865630276078513e+05,8.496832803496053e+04
1.586481383162421e+19,0,1.988920000000000e+33,9.001756106675422e+15,5.718185614002056e+15,1.804028981211227e+15,-3.947407259289861e+04,2.076049171600070e+05,7.657810538524894e+03
5.351692011276577e+18,1,1.988920000000000e+33,-7.377188521042173e+15,5.009072272455756e+15,-1.564461543934343e+15,1.187629490260652e+05,-8.016164649218156e+04,2.475609072654686e+04
1.063558011779170e+19,0,1.988920000000000e+33,-8.091026980511686e+15,-1.596696245112452e+16,2.351936147239768e+15,-8.108545673427073e+04,-7.972365518004724e+04,1.752345718379169e+04
7.035392322594573e+18,0,1.988920000000000e+33,8.351654431995094e+15,9.147270052303664e+15,-2.679970068132332e+14,-1.166070094805088e+05,1.606046389662362e+05,1.871083066630499e+03
1.378441165919292e+17,0,1.988920000000000e+33,-1.712472082553050e+16,9.028307577589400e+13,5.223098015131706e+14,5.568558002053976e+04,-1.051954430249883e+05,-1.431602652541342e+04
1.068652548340070e+19,0,1.988920000000000e+33,-2.402656855816002e+16,9.590557937429160e+14,1.587352091140370e+15,8.501356264760457e+04,-1.140105437591720e+05,-5.885355026622672e+03
1.574642243883641e+18,0,1.988920000000000e+33,-3.916613076331858e+15,-2.358792082391398e+15,7.336684121876422e+14,8.478031280958297e+04,4.081976442093459e+05,-3.939669919883759e+04
3.002310453429143e+17,0,1.988920000000000e+33,3.555819677267094e+15,3.501206558726516e+15,-6.089151413053875e+14,-2.769982968118981e+05,-2.710623817695423e+05,5.649673943334510e+03
1.244116518475663e+19,0,1.988920000000000e+33,2.663977932072307e+16,2.914940268396236e+16,6.071070969140622e+14,1.362201813316867e+04,1.579762821338239e+04,5.315618278437779e+03
8.196674589973386e+18,0,1.988920000000000e+33,-1.086451494588308e+15,7.550189464619096e+15,2.612599381515609e+13,-2.373224196147278e+05,3.217932961012862e+04,-1.949780369116066e+04
9.014778148858061e+18,0,1.988920000000000e+33,3.028208292488794e+15,7.374223467568524e+15,9.059624428786538e+14,2.467427652401127e+05,5.223855441971329e+04,1.312627968651293e+04
1.285393248918492e+19,0,1.988920000000000e+33,-1.003039625512426e+15,-9.620014754910780e+15,-3.278421561249651e+14,2.593247120894593e+05,-2.854741294893546e+03,6.407264358441489e+02
