0,35,0
key,merger [Bool],mass [kg],x [m],y [m],z [m],vx [m/s],vy [m/s],vz [m/s]
4.395874387874951e+18,1,7.955680000000000e+36,-4.539651154413600e+13,-3.835867195271200e+13,-6.260836502686250e+12,4.795400236807691e+02,-1.969196936847609e+02,-2.233521544667738e+01
9.372073647057799e+18,0,1.988920000000000e+33,2.786951849421743e+16,9.636374596603568e+15,4.892825584819819e+15,3.424489626926248e+04,-4.342771870191763e+04,7.716858784755229e+03
4.999331117901287e+18,0,1.988920000000000e+33,-8.336871107834408e+15,1.059008396435443e+16,4.725500322812615e+15,-2.425265168727453e+04,-1.639018018033775e+05,-4.456513435616075e+04
7.932844349442139e+18,0,1.988920000000000e+33,-7.084486621082000e+14,-3.249970764845208e+15,-2.657590603165808e+14,-4.785711347189923e+05,1.625469871807634e+05,-6.350119434722340e+04
1.656546073707986e+19,0,1.988920000000000e+33,1.444519725413426e+16,7.929207861037536e+15,-2.071479363277216e+15,-4.534836625054231e+04,-2.186249637534984e+04,3.302123329463852e+03
7.374899246545890e+18,0,1.988920000000000e+33,2.740078232702393e+16,5.087773906218832e+15,1.275428534633004e+16,5.414542124617386e+04,5.194225401418312e+04,2.125832225824165e+02
7.910154487553329e+18,0,1.988920000000000e+33,-1.523652136134580e+16,-8.905043360486120e+15,3.137319945571262e+13,-9.045652554909553e+04,1.586136246856288e+04,1.974327209051822e+04
1.500549213268493e+19,0,1.988920000000000e+33,2.017999161905695e+16,1.375936805371198e+16,5.890312645939393e+15,-5.945744523883775e+04,4.317047139576288e+04,-8.054161200789370e+03
1.529225374037208e+18,0,1.988920000000000e+33,1.307270779825184e+15,3.356451602842280e+15,-1.038459648367975e+15,-2.478721307673765e+04,4.417977793145856e+05,-4.880413981435777e+04
4.272688988615771e+18,0,1.988920000000000e+33,-9.959777485913848e+15,2.753080739435778e+16,8.496141294317478e+14,-5.492772587581227e+04,3.563780093204675e+04,-1.791786288435207e+03
1.215256624331071e+19,0,1.988920000000000e+33,-2.889989960759288e+15,3.735423319639872e+15,-1.854502484388292e+15,9.393646315311386e+04,-3.654237785987133e+05,-1.372313479800179e+04
1.395818164136112e+19,0,1.988920000000000e+33,7.097711084648408e+15,-4.681335740284376e+15,2.407845420607038e+14,-2.858289326521347e+05,5.898849793754965e+04,-4.874476155454469e+04
1.702084806788136e+19,0,1.988920000000000e+33,-1.034134417398632e+15,6.644703204575976e+15,1.991502307606323e+14,-1.121616455264312e+05,2.421223127142370e+05,6.651354171225465e+03
1.665209478051190e+19,0,1.988920000000000e+33,-6.586695052439624e+15,-2.190006558341159e+16,1.443023572292964e+15,-1.522370312169933e+04,8.969614086673973e+04,7.645998360186258e+03
1.764539584643705e+19,0,1.988920000000000e+33,3.531037883458080e+14,6.408696356590592e+15,-1.012403820970538e+15,-9.894208967611520e+04,3.278951348693266e+05,2.095590591131820e+02
1.573936266314747e+19,0,1.988920000000000e+33,1.594943921355392e+15,9.774227813859312e+15,1.286027452689206e+15,1.630464104840755e+05,7.327236446255716e+04,6.433164615580386e+03
6.417160077061324e+18,0,1.988920000000000e+33,-6.898842516913152e+15,1.910961768394288e+15,-8.162799132965105e+14,9.152974807572745e+04,-2.031280492745487e+05,1.002198641524741e+04
1.631961529544527e+19,0,1.988920000000000e+33,-1.705347988789890e+16,1.560803976737035e+16,1.722503967247756e+15,-4.450175718435266e+04,-1.012765326130776e+05,5.978958073047350e+03
8.515987268389612e+18,0,1.988920000000000e+33,8.609852084634904e+15,3.676124892783024e+15,-2.440125421563678e+15,1.619077837783475e+04,-1.603606231599771e+05,3.300821295235692e+04
2.203353330590773e+17,0,1.988920000000000e+33,1.042503163532242e+16,8.166683629619064e+15,-3.671881352813003e+14,7.795711367535543e+03,1.252128032454263e+05,2.593475134532934e+04
1.265213629798819e+19,0,1.988920000000000e+33,3.712087577879208e+15,5.852247296222144e+15,-8.622539582053612e+13,-2.763615512994804e+05,-5.780256695618362e+04,4.556291504792282e+04
1.232149825326415e+19,0,1.988920000000000e+33,1.011951142128983e+16,-3.853041585767360e+15,-1.546180380419661e+14,-1.850238641945955e+05,-1.367369808497450e+05,6.387939580242257e+02
7.474445956052923e+18,0,1.988920000000000e+33,7.631901662932040e+15,4.674053008946512e+15,1.958825952838293e+15,1.708813912426502e+05,3.410552574681976e+04,4.349065994651995e+03
1.579314050694819e+19,0,1.988920000000000e+33,5.816628635293576e+15,1.703442454475406e+16,1.051256834744883e+15,-1.040947922335778e+05,-2.919352997346381e+04,9.377160016442140e+03
1.441692835684555e+19,0,1.988920000000000e+33,-2.431059894616320e+15,9.455367998113280e+14,9.632485822602428e+14,-5.671948459182696e+05,7.669467842120427e+04,1.131763889215095e+05
1.005484854518370e+19,0,1.988920000000000e+33,3.888162257220672e+15,-1.724037901981591e+16,2.979993204984630e+15,-4.327937930324597e+04,-5.948782347560413e+04,-2.248051981493486e+04
4.837632625725765e+18,0,1.988920000000000e+33,1.005609198246444e+16,7.852748307337616e+15,6.325066091201616e+14,6.780850590779844e+03,1.743381122904285e+05,4.204735685856044e+04
1.149775720084338e+18,0,1.988920000000000e+33,8.289672746953496e+15,1.552894809344486e+16,-1.634032809241284e+15,-7.320804774594080e+04,1.645418943814937e+04,-2.742058243560591e+04
4.339701221689170e+18,0,1.988920000000000e+33,9.688844932659304e+15,-5.866171377369688e+15,-2.577803612478729e+15,1.852214964760192e+05,1.668717548532809e+05,2.393868803730865e+04
9.326364022302814e+18,0,1.988920000000000e+33,2.520952449382985e+16,-1.187112900467216e+16,-1.931926431177298e+15,-2.868449068351635e+04,-9.863948051141608e+03,2.187714912285120e+04
1.157043307972425e+19,0,1.988920000000000e+33,2.045675877154774e+16,2.456206015663347e+16,4.717660195374662e+13,2.677043784718325e+04,-2.108814434226584e+04,-1.729179073082813e+03
3.073376392555577e+18,0,1.988920000000000e+33,2.406840964468918e+16,1.361862686033888e+16,-9.538049452071842e+14,1.510957775405868e+04,5.105826577780775e+04,1.104589149294644e+04
7.560654482918495e+18,0,1.988920000000000e+33,9.863604687138320e+14,4.069343959140512e+15,-1.317574954054296e+15,-1.834140973977643e+05,3.276799901299866e+05,2.318619364968558e+03
5.289941272391572e+18,1,1.988920000000000e+33,9.208128151541112e+15,2.391390116600152e+15,9.647212572062088e+14,-1.555419476175523e+05,-4.186896037867213e+04,-1.693974027353339e+04
1.650888533923969e+19,0,1.988920000000000e+33,-5.693619211784608e+15,6.575169722954080e+14,9.324000072797872e+14,1.674489293444782e+05,-3.122446967663379e+05,-1.409565549121249e+04
