0 15 0
0.9311254519873633 0.00036554776931380426 0.000845926569635256 -0.0010538569606403272 0.00033180524660636034 0.00040223793457001464 0.00033639524173094805
0.00023278136299684083 0.4203750577696726 0.5856821251970074 0.3980823236465541 0.9307012606717028 -0.14010747670333454 -0.47215616652104675
0.00023278136299684083 1.1963623718740406 -2.478669810746446 2.6179638559917637 -0.10710137275832103 -0.1709958334645253 0.07807548268910917
0.00023278136299684083 0.5416226586395583 -0.1980348214279383 -0.014571953654892599 -0.44201946263737296 -1.0395357457335814 0.03339059429594148
0.00023278136299684083 -0.0577224881709501 -0.2756731552252848 -0.19115073293522591 -0.3741378996046475 -1.6177653469475781 0.45893793037313135
0.00023278136299684083 0.16785782205086194 0.0840763096388853 1.1004220292381977 -0.3242690319276126 -0.7376143173609383 -0.3191921807928474
0.00023278136299684083 -0.8038102247054894 -0.005204320598787816 -0.5079318892116566 0.10147899235707393 0.47841073175372506 0.6523195252612038
0.00023278136299684083 -2.221354397885798 -0.36903267707906157 -1.0872131322587253 0.28734828440619675 -0.2456315294763773 0.17299989554574427
0.00023278136299684083 -0.37528756853583306 -0.025982654104704083 0.2693440699724976 -1.4611345986904627 0.432428097713931 -0.17731166371379362
0.00023278136299684083 0.7750124136524031 0.08607111238361011 0.23417524652624996 0.1521660415513154 -1.1999278574481569 -0.17229246815397303
0.00023278136299684083 -0.32572754299219286 0.14300634011226754 0.0052398423536255505 -0.6395416944563568 -0.05551866525658946 -1.5318283317345096
0.00023278136299684083 0.4499205307556749 -0.1900376757980744 0.24215072559456086 0.43709518745431053 1.3440971517022962 -0.024619203961160546
0.00023278136299684083 -0.30985988039897755 -0.5381381948103259 0.3690589477790531 0.6493888264141612 -0.03275596473701159 0.15287482033762353
0.00023278136299684083 -0.43152316120147866 -0.25024214035482045 -0.19723571486665076 -0.4466376658715966 1.168292115431365 0.12557287117493662
0.00023278136299684083 -0.4880566680981527 0.04847328429862657 0.9770942243860972 -0.09055785333382921 0.2076729022467116 -0.3223520717241515
