0 30 0
0.9311254519873633 -0.0005989668222185354 -0.0024048204698286454 0.0002850148875283903 0.0008581357065293635 0.0002302466856274741 -0.00022397969244089994
0.00023278136299684083 -0.028165855728420997 -0.02601337086833597 0.01657076812589131 -4.443069843311069 -4.9438088150909145 1.2265260685028292
0.00023278136299684083 0.1192701592099116 1.2018849923520143 0.06624542346791594 0.0703748094534092 0.6827370647898884 -0.14326782846366834
0.00023278136299684083 -0.5235421717702813 0.6155995769681685 0.11747519066240622 -0.6054900606852942 -0.723494891315172 0.2420684491037257
0.00023278136299684083 -0.349049271583215 0.6008267440827417 0.042915791512645525 -0.38557927306553597 -1.0870774336180697 0.1058184442129322
0.00023278136299684083 0.6198324755200763 0.5372622547310523 -0.23854966409145237 0.5251217958395128 -0.7281240808026956 0.19796025831272412
0.00023278136299684083 -0.24598947676857913 0.6694882036929267 0.057081686965747974 -0.01525887215609901 0.9417786499264437 0.030711585873683705
0.00023278136299684083 0.12797019098451587 -0.1439023589930696 -0.025715440634465563 -1.85965678424973 2.0213305569453497 0.371206581600659
0.00023278136299684083 0.443515896910456 1.399442419218495 -0.3092533661950169 -0.03613007897868787 0.26064781350841615 -0.1470228955633505
0.00023278136299684083 -0.48454920818542163 1.009066259321195 0.1870004083617958 -0.024629023531011787 0.670891289596392 -0.01401246628897935
0.00023278136299684083 -0.040744388590341934 0.17839666061258225 0.06991960099813999 -1.7709934952703263 -2.069673319278849 -0.36988199992941173
0.00023278136299684083 1.3898718880205807 -0.06703936915932909 -0.2095996893541166 0.4193135107730905 0.06282773960674436 0.20770567588975833
0.00023278136299684083 -0.01366640085136591 0.5433327440779779 -0.23787281692962198 -0.4647186438392603 -0.970076004706598 0.11663971772422055
0.00023278136299684083 0.41413208617208397 1.377964616773483 -0.07286601664249573 0.37449439996830114 -0.057294651255633336 -0.0984731485770791
0.00023278136299684083 0.8372596559067933 0.4572694656812718 0.022609088055142883 -0.37788130534740805 0.451157024297445 -0.0023604529855872176
0.00023278136299684083 0.08875339739834193 -0.12298317983018535 -0.020320466719582073 2.9023233921187 1.1853870839084604 -0.8247386007485832
0.00023278136299684083 0.5348989951670642 0.15156567953722047 0.07622919203221705 1.2525655351685812 0.5057660970966755 -0.053675542575597084
0.00023278136299684083 0.1301358110434499 0.10377872461313234 0.07109159762902145 1.751864697409616 2.3290334255483796 0.3434304495067242
0.00023278136299684083 0.3015072411711181 1.1593108038465425 -0.15153115285049476 0.2707381729856435 0.15817115104726093 0.07178251416339579
0.00023278136299684083 -1.1901342963831458 -0.033210253152202725 -0.023861997555018145 -0.03688827013787491 -0.2680720662972632 0.03335655854255554
0.00023278136299684083 0.1668928226085195 -1.5455167871993498 -0.06673091622319838 -0.186794477392476 -0.16160107603978885 -0.0977588403836246
0.00023278136299684083 0.7147190545807744 -0.08185325089443578 -0.06733434389383927 -0.6685673611146246 0.6358108140560841 0.11365696932855791
0.00023278136299684083 -0.7246469189588703 -0.11096792749467893 -0.09245022462385755 -0.7466090923171476 0.6228056099516958 -0.015631037535860044
0.00023278136299684083 -0.09252753145121452 -0.14247763671791006 -0.019143970367509384 0.3551358683564973 3.07602813678 0.11527138549624698
0.00023278136299684083 -0.22661134349921866 -0.12966446998471393 0.03562725999987325 1.7254821270755925 -1.6484791598561106 -0.0987636509506517
0.00023278136299684083 0.9640508914545217 0.1284202158772604 0.13848030519152463 0.21579353326697154 0.18949002486938687 -0.20325627127985962
0.00023278136299684083 -0.5786604384355946 1.0361356265789754 -0.10948519952285425 -0.21251420575444868 -0.7724957248582078 0.06698407930048114
0.00023278136299684083 -0.6761908480205457 0.8363645007208581 -0.0992987530898788 0.4901434322462029 0.4230366100236551 -0.10499844636423751
0.00023278136299684083 0.512625996401895 0.24868219824839508 -0.300461732770082 -0.3397042693593482 -0.5849798428701389 -0.06929732691819683
0.00023278136299684083 0.20490887654556839 -0.23188120332777915 0.0031698883476013327 -1.6114090442692433 -1.1227087684727348 -0.10406145923020778
