0 35 0
0.9311254519873633 -0.0015164347717703175 -0.0028600210239595595 -0.0005837892518086925 -0.0005912839489861955 -0.00084613413761402 -0.0008209969068021605
0.00023278136299684083 0.0749216558133361 0.9809769166553325 0.2530182211335504 0.3324160138551348 0.3762242094217522 0.2257447826823729
0.00023278136299684083 -0.37024698448807153 0.08702143192488918 0.05378128206709298 -1.0599980823759099 0.57541652624974 0.0809958523263455
0.00023278136299684083 0.1246069376226219 0.8463396238895567 0.1600699216520658 0.648057624212793 0.5239485972489676 -0.02339587365515784
0.00023278136299684083 0.022837405353299287 -0.14007753089466649 0.02503241105489087 2.9314611635694816 -1.0591205541164148 1.334025581897487
0.00023278136299684083 -0.4219673809710901 0.8964863358604672 0.10811898095607894 -0.7361752364244958 -0.14359011128589413 0.07573850563426315
0.00023278136299684083 -0.49646619406315595 0.12586286250797354 0.1039544009673939 1.188705466659013 0.09714445636000353 0.5632812101627618
0.00023278136299684083 0.2848754081272482 0.7153307770037569 0.07678384655511264 -0.7946109935555041 0.66667562793297 0.13070048035750081
0.00023278136299684083 -0.4912982816853195 0.5084886094919674 0.44287570531163095 0.18029582758305793 -0.3315279217633279 0.07516154181365586
0.00023278136299684083 0.8579744312440584 0.4491943292544114 -0.01660527147711282 0.7069438084746338 0.8052986626163033 0.11767959813750234
0.00023278136299684083 -0.1812187318913628 0.061764410382032925 0.2073979516919545 0.9661093005716757 -0.3538382287626782 -1.114770897125005
0.00023278136299684083 1.4498772762344025 -0.1562293199313597 0.11756932993690175 -0.16872253984675004 0.11422673294883408 -0.13967399040821787
0.00023278136299684083 0.2067315373130245 0.2690321972147163 0.1155170285540582 0.5581940228647083 1.794437919996664 0.5250739706135468
0.00023278136299684083 -0.5922327404316703 -1.737884946356005 -0.11543247269665301 -0.036530908080704944 0.30450658465746056 0.005213976914678604
0.00023278136299684083 0.11538891986167933 1.1276926856922806 0.08748785622055515 -0.3954592827536122 -0.17517044349992544 -0.0006878971227606754
0.00023278136299684083 0.4930708895143818 0.17940557981608088 0.23806295609421232 -0.4448929716203987 -0.9895544581868906 0.3216555348921487
0.00023278136299684083 0.050111452790282826 0.5465042425449218 0.19684281331598297 -0.8755684403210738 -0.6340977018581303 0.05147109587791485
0.00023278136299684083 0.19388354939062397 -0.4901663969599979 -0.1261421970058438 1.4138729211774639 0.08487730668952313 0.04009038729885875
0.00023278136299684083 -0.21153433666862373 -0.14001078774576176 -0.04201648952419308 -1.741216970190518 1.536767032014452 0.40056117584126866
0.00023278136299684083 -0.09508231544594582 0.9705726915126571 0.20807353979252002 -0.0842491959484646 0.0345507685622603 0.19379483158116823
0.00023278136299684083 0.21351736391003395 0.5319021435097239 0.21712009657599787 -0.9582501485940476 -0.33432443312952004 -0.006010688952153861
0.00023278136299684083 0.45455615337449745 0.8219706836003733 0.16675618178111873 0.4000694348398919 -0.8313486435636355 -0.17254815646502475
0.00023278136299684083 0.7627801751715062 0.6701227661965223 0.19529218353331204 0.11480524069007113 0.008419452420947661 0.0816915550498263
0.00023278136299684083 -0.5555597670250453 0.34812652079766376 0.032771411185837644 0.03495461916990643 -0.23831480389023002 -0.24096313707629777
0.00023278136299684083 -0.4390310794337068 -0.1330401698003256 -0.10546855835862651 0.36009217472191857 1.3339998004029592 0.11122755071415567
0.00023278136299684083 0.7845481443857096 -0.7916652716613053 0.24990515835042146 0.26221831441206817 -0.46108734442292637 -0.05358272517155465
0.00023278136299684083 -0.5171392384507542 -0.6346169994540712 -0.5820630273740313 0.566158972939889 -0.7516725356593204 -0.012690769812682298
0.00023278136299684083 -0.35001561520415503 0.4720328946344544 -0.053447558311478176 -1.4549247074972822 0.8064585249537396 0.0017754974666360905
0.00023278136299684083 0.9060739796584926 1.1616521063945457 -0.07346375022793662 -0.39092117700971013 0.18362157442738086 0.172695280909364
0.00023278136299684083 1.4276159216301634 -0.30643147250865066 -0.2744036023813454 -0.7386470228978087 0.23317049974794893 0.08341396835385607
0.00023278136299684083 -0.2555371147944098 0.5176636239857669 0.12531047855635477 0.41378215114772615 1.1593479315003898 0.31170612266736647
0.00023278136299684083 2.3380273354159473 2.967333931188385 0.7585855171686228 0.01802108771122629 0.05381290216545949 -0.00450101492072298
0.00023278136299684083 -0.6200788661193529 0.5621149810065202 0.04383882411767273 -0.26654117151375273 -0.12385758017378698 0.05039676685972209
0.00023278136299684083 1.2845512834636954 0.47035249260375994 -0.1962387485548471 0.41340380097005586 0.19935396610508715 -0.05953985538592845
0.00023278136299684083 -0.3828020865181874 -0.31773784651675957 -0.26372741342652184 1.0022826990040838 -1.0802177656540854 0.15825736525174705
