0 15 0
0.9311254519873633 0.0006197733334874919 0.0006816825582486066 -0.00016083695898424743 0.0006830296695740849 8.115714497957747e-05 9.407558013394145e-05
0.00023278136299684083 -0.5592904497191082 0.08127809136261413 -0.041492906386656446 -1.1870325780255755 -0.733492508045914 -0.012383083020900586
0.00023278136299684083 -0.12440759905336825 0.3016161241449654 -0.056524476330056854 1.8271661147725786 0.7559785372205148 -0.5509777265249016
0.00023278136299684083 0.7312844274327589 -0.5328535445663025 0.031093790860953378 -0.09512786495274854 0.8175256047766777 -0.17682459482402202
0.00023278136299684083 0.09396221494709424 -0.6861053563061704 0.0028474335909669454 -0.9247796495019968 -0.3050275655738559 0.18962434244523516
0.00023278136299684083 0.23999378364341672 -0.07082093604388645 -0.11337108962032061 -2.2232949459874822 0.032615083545772854 0.5858032053027726
0.00023278136299684083 0.17290282003131666 -0.35830744863742836 -0.013520417381737 -0.9854992681958697 -1.0893894763362972 -0.05535289553192052
0.00023278136299684083 -3.5621191224409374 0.45595039177922797 0.2147704774920534 0.02810858693226168 -0.16159299285896328 0.024093009028928213
0.00023278136299684083 -0.17462607187792198 -0.5016698270473343 0.11588211798976565 0.6271099633468952 0.7908579148751997 -0.05927529565818205
0.00023278136299684083 0.5991819805554416 -0.8604404465646442 0.10802806607459378 -0.6710151028607158 -0.15048395691911765 0.050991060977418685
0.00023278136299684083 0.1935871684935269 -0.04586093985036215 -0.20664281043332727 0.2893153541288994 -0.05937105142063753 -0.3151915717807214
0.00023278136299684083 -0.8763921165751173 0.03456423571096824 0.2175773561026053 0.04327737926693336 0.8762627666585094 0.017480977445739957
0.00023278136299684083 -0.03086049517806766 -0.23459564330196242 0.337860550496393 -0.40939714665471877 -1.3869805435076863 0.14086247363856044
0.00023278136299684083 1.7800897975483272 -0.602692474012153 -0.0390195176001482 0.1876686039198647 0.11079060991293715 -0.0007913314393227834
0.00023278136299684083 -0.9623996717566008 0.29320754033723084 0.0858592610818965 0.761381875515338 0.17767899775455318 -0.21436089059444974
