0 10 0
0.9311254519873633 0.0003451390273368762 -0.0007374853000285159 0.0004018057797511018 -0.0007275580236304752 -0.0006261605443678503 -0.0004915302360205953
0.00023278136299684083 -0.713354759390543 -2.286014473080389 0.18744929746684458 -0.12087679666705031 0.2854174765749673 -0.03836010672358382
0.00023278136299684083 0.8995432989461225 1.96341301681945 -0.3829687118924337 -0.13775775953908043 0.37465134926465427 -0.1331624857185153
0.00023278136299684083 -0.3859336832313229 0.07801065188488814 -0.37300058237714406 0.7163911784789098 -0.03375337573113265 0.6570733606802021
0.00023278136299684083 -0.3604901583391233 0.8348569553347265 -0.027242957541333688 -0.32451851618150296 0.8288576246747787 -0.06149434574783037
0.00023278136299684083 0.2491407058708355 0.9671551234943564 -0.3959452294716608 -0.6447516897203482 -0.5029032567630379 0.07721872980708389
0.00023278136299684083 0.4968713463403199 -0.1996959994841934 -0.25386108127932 1.061515223601327 0.9634196527520356 -0.45856897619927744
0.00023278136299684083 0.3609521681542595 -0.09935917997696747 0.10852604819987713 0.9182335838284527 1.5229975936729898 0.5445093024691882
0.00023278136299684083 -0.18533171659381154 0.07769052638184731 -0.16324914923005385 1.5555481646668132 -0.6444052532029908 1.3649825473171684
0.00023278136299684083 -1.7419533111007661 1.6138845787405698 -0.30693075287925353 -0.11355129394562015 -0.2896396337708628 0.013922918197946608
