0 30 0
0.9311254519873633 2.828770933246922e-06 -0.0012552719304248865 0.0001438891929342768 0.0011347893028237303 -0.00014884672086724944 -0.0002916063454046242
0.00023278136299684083 -1.2488404614679296 -1.3756455057865762 -0.2336560178329064 0.25557048221985157 0.5124896596595229 0.006195813944477018
0.00023278136299684083 -0.0653801577315825 1.1068027700445255 0.06968494468032262 -0.742006583487225 0.1202194015013501 0.09118302105688125
0.00023278136299684083 0.36905616733310526 0.34769417828310084 -0.31190570291655034 -0.3884699319474438 -0.36377274542764154 0.32630192688128323
0.00023278136299684083 0.5076857057228041 0.9259891828920538 -0.125949092098086 -0.20872065014340344 -0.3254491002745211 -0.043465229203757186
0.00023278136299684083 -0.843525462071396 0.6753833493161562 0.06634510573041089 -0.47107436139020903 -0.5871363388691614 -0.02336619258109574
0.00023278136299684083 0.27355225031071667 0.6177984238896909 0.023581425855834632 -0.5667849374302253 0.7048165078359826 0.08133903538964664
0.00023278136299684083 0.13804156796585262 -0.5489254395637337 -0.025041550993798716 -0.4014630345822534 -1.1306725180664916 0.11551615658532284
0.00023278136299684083 -0.917763175143186 0.2639932278985387 0.008399742290212911 -0.07403303354780068 -0.8304376793094678 0.07131866915907281
0.00023278136299684083 -0.15122599684743643 0.6242674685780362 0.0010300552613656292 -0.7901500827556701 -0.14297715223838262 0.1267088707327518
0.00023278136299684083 -0.30056286816011774 -0.07298416257873551 -0.02088243887365337 -0.5051319322141917 1.966508024692748 0.10669302775329799
0.00023278136299684083 -0.026818440268961505 -0.8108393890866098 -0.06535471529396948 -0.8272316636703347 0.3384772321215344 0.048599643680921234
0.00023278136299684083 0.5977337186256427 0.5162971213593599 -0.11880899361838483 0.5837344930631562 0.8510711818925341 -0.09645586390049256
0.00023278136299684083 -0.18170054024737525 0.5448517308879857 0.07038296222370252 1.029424349798752 0.9979832739220834 -0.025073726525729794
0.00023278136299684083 1.1506619001828353 0.6648222347699125 -0.19456195216798575 -0.04194387451972231 -0.04168726084979088 -0.009463135280611306
0.00023278136299684083 0.5458960563381374 0.9050690673555976 0.014332752678286726 -0.6365260933234971 -0.35818045439578755 0.10245663585367158
0.00023278136299684083 0.0007835544921252106 -0.8263481976866928 0.0013350947524639837 -0.6904725955990467 0.3415349333136185 0.04664920162654518
0.00023278136299684083 0.3864249823770039 0.6635911553222871 0.16458285521823118 0.34070531938037096 0.8870416527646364 -0.13090746245891685
0.00023278136299684083 0.5281061283163357 1.0181623679181602 0.04803906327143283 -0.33939156174973856 0.22674891381439707 0.03408117334695162
0.00023278136299684083 -0.32334702381627967 -0.28120690168916723 0.041620563225928636 -1.1689307952766752 -1.2616510667852454 0.06865248168337876
0.00023278136299684083 -0.6924909838627362 -0.9800418578238704 -0.06315658458530403 0.06194677007821347 0.332957064112538 0.031183963453974273
0.00023278136299684083 0.6076889738199083 -0.019553315728270772 -0.05765511281928204 0.2611169107216505 -1.0550442234003083 0.143067943723
0.00023278136299684083 -1.4449697392316538 0.5733637403071343 0.0032309521712257762 -0.11999125779826085 -0.35842538067511 -0.007566778533438168
0.00023278136299684083 -0.509408415597214 -1.4492716826837655 -0.056097071504784914 -0.19963902566611139 0.027957282407515226 -0.02199718323407177
0.00023278136299684083 0.1793451986153913 0.5306978326122784 0.07285853700820143 -0.5825530839199339 -1.079333516747856 0.01626500800018328
0.00023278136299684083 0.5005920859415539 0.5609957277796771 0.06642773668603778 1.0702592992855953 -0.16793795712415968 0.00034712213034178847
0.00023278136299684083 -0.049149077420683994 1.1433064334331549 0.13525762180724965 -0.5520425527452725 0.37082270361896574 0.004744230607626086
0.00023278136299684083 0.5951757522002092 0.14067203066139494 0.008610499803556819 0.29587738368907235 1.2087325892595442 -0.11100922100072999
0.00023278136299684083 0.4446388321904302 -0.1678438954590096 -0.07779343905937731 -1.2718256995250543 -0.6037936377571961 0.2092712043723133
0.00023278136299684083 -0.08151561629913001 -0.2700099735231472 -0.02041401263748841 2.140590531760481 0.014525494473146949 0.005155044355699455
