0 20 0
0.9311254519873633 -2.530318188256643e-05 -0.001163641710156319 -0.00016990464781659105 -0.0002812347546693251 0.0005043138689073064 0.00010878536782357657
0.00023278136299684083 -0.5543555874893542 0.5489360696489374 -0.21610352248971718 -0.22201231798003143 -0.8819782153617015 -0.5380374290308553
0.00023278136299684083 0.32802087301429217 -0.847989468964689 1.520380333741943 0.0628046373564266 -0.27989085327571933 0.030678907871670862
0.00023278136299684083 -0.2354047792985011 0.49900233601337446 0.025348296799385394 0.24270799865205206 0.995186449920324 -0.44109821685170025
0.00023278136299684083 -0.5736072979307386 -0.16948014920776255 -0.019967892055854284 0.5110531087997507 -0.6285288755486383 0.8268525756082895
0.00023278136299684083 -0.06958465109443111 0.5586649328105457 0.020154232692460312 0.4875880785415275 -0.7647917487631399 -0.2406526910644366
0.00023278136299684083 -0.09591953979503824 0.25079996234736485 -0.4837678712725333 -0.4274175081379398 1.134400837131343 -0.6053885677228737
0.00023278136299684083 0.5101788190014216 0.19430490718348567 0.26004618694887777 0.2674108009526094 -1.432912610660328 -0.07695144801620485
0.00023278136299684083 0.5665959847782864 0.10957845586186286 0.16955295106854387 -0.46175304032427567 1.3334070144293113 0.42297239085152066
0.00023278136299684083 0.06081876837068153 -2.013261559995641 -0.1801265107904126 0.32200190008572543 -0.34097800876323203 -0.08491076196055679
0.00023278136299684083 -0.14442716897358185 0.6029640547449695 0.00011281710617549417 0.23415827202003356 -0.7106757329983798 -0.5036883258623192
0.00023278136299684083 -0.2538265290006958 0.5366602153249472 0.08202142668479637 0.23931900125876843 -0.5145670751177135 -0.07788346256213127
0.00023278136299684083 -1.2128606077996857 -0.2162924274243256 0.35120289371399915 -0.21317567095338108 -0.7411537709113696 0.25496088798590805
0.00023278136299684083 -0.78364384116693 0.45624646192680646 0.12004998733807518 -0.7825028766230125 -0.010292123320341627 0.41476624373181503
0.00023278136299684083 -0.2970309247590346 0.5883793954287513 -0.11014713776586008 0.05744891603296694 0.3291919505303014 0.38772599313705
0.00023278136299684083 0.286866338307957 0.509483670113771 0.6320242129171343 0.297657951623225 0.33586205442166317 -0.4370948431507928
0.00023278136299684083 0.5531212603549449 -0.17250229579600673 -0.6420636906357654 0.6388981761989723 0.45918219349496514 -0.22876507184339
0.00023278136299684083 1.4799279879648723 0.5507746229159632 0.016703601952939788 -0.557921890841367 0.07705664225046303 -0.23973117471564342
0.00023278136299684083 0.6161347716574798 0.04338360539135295 -0.4324443105690716 0.5192312918302991 -0.47716836525058964 0.7084040644490891
0.00023278136299684083 -0.07979114861507401 2.624914052287782 -0.43335741411876616 -0.0905578098150469 0.10139476216355289 -0.007300542148744773
