0 15 0
0.9311254519873633 0.0013682839295211925 0.00038432141939390797 0.0001609294805963221 -0.00043333377884546034 -0.008577791338699443 -0.002882513173140371
0.00023278136299684083 -2.7928863661386183 -0.7338469248680894 0.12820256883657102 0.3138548863419549 -0.16797654848431187 -0.0805786775989853
0.00023278136299684083 0.0014723190313602073 -0.00014310190526714193 6.648732118666559e-05 -0.20187835737200194 32.1928462822282 10.032220739194186
0.00023278136299684083 -0.3264980334015274 -0.2637603758420407 -0.07161624306436266 -1.5015360636672097 -0.25359494589249165 -0.2536260497672276
0.00023278136299684083 -2.043315953933273 0.26518811771979156 0.10839755281047232 -0.15527440639837856 0.5163506086230739 -0.08019202038324544
0.00023278136299684083 -0.739047714570407 -0.3096127705074064 -0.24483702319626974 0.5262267969644199 0.6755924061538944 -0.017369146287600352
0.00023278136299684083 0.31948798229074377 -0.3955643876697799 0.26856807154021173 -0.05109660808798602 -1.2032768205646909 0.5679385013851471
0.00023278136299684083 2.9233041068270373 0.32959094933409927 -0.8805997889741108 -0.2636243206282328 0.10579528063000956 0.02047402763731957
0.00023278136299684083 0.08230244003771148 -0.36091282980517747 -0.14325932404531933 -0.2736657266248048 -0.6779110322431936 0.23241662920380463
0.00023278136299684083 -0.5101155467975508 -0.13694326010516242 0.25222887101423475 -0.2961444826177033 1.3351332693111218 0.06915898875287249
0.00023278136299684083 -0.3746055950929669 -0.13014756634726532 -0.06866406977467181 0.10241650830939573 1.3930917124300428 0.4072259118575968
0.00023278136299684083 -0.3097405808697156 -0.2943446768875842 -0.09616174447609022 1.8191610644278524 0.3298384924121584 -0.15671517712403774
0.00023278136299684083 -0.43595649567007233 0.3186304414065815 0.5038271139192939 0.8000246983042885 0.3594227360280784 0.27673122226399177
0.00023278136299684083 -0.9172737508608166 -0.7617187453609106 -0.1389460634540543 0.2688948035685893 -0.3120584666775868 0.3405482938687234
0.00023278136299684083 -0.3502625289435894 0.936299453277138 -0.26092433084243144 0.6459763228616549 0.01791238084347242 0.17181944955893852
