0 40 0
0.9311254519873633 -0.0020189629677801685 -0.002729566552507064 0.0008136198440269928 0.0008813485436515385 0.0010553843796585634 -0.0011365730390847407
0.00023278136299684083 -0.06913352861671548 0.26086776545698404 -0.23933642757237797 -1.2659865126253549 -1.0091661806873236 1.155701397514624
0.00023278136299684083 0.16443252675497705 -0.12758659871648478 0.03965628537718355 -1.1553673124175454 -2.086383219744512 1.068656958984214
0.00023278136299684083 0.3145626151840083 -0.6386110192039351 0.27114639529760187 0.350035892102919 -0.4545728001017663 -0.09702791583487785
0.00023278136299684083 -0.35845294315995435 0.30212567396416334 -0.08804390928009294 -0.43757123927344527 -1.5261232281279304 0.304111154753021
0.00023278136299684083 -0.5386216195061236 0.5183362643630165 0.03429175558316457 -0.5425607106667308 -0.7167201016144022 -0.03053599048166377
0.00023278136299684083 -0.318163351551522 0.8143187857737174 -0.05595943430979479 0.08436314499444464 0.8927158152410541 0.02514645020663928
0.00023278136299684083 0.15953887128287128 -0.1976962249265576 0.017276813577023584 -2.0934378770520707 -0.8073002780391204 0.2826503958205873
0.00023278136299684083 0.15060089506740323 -0.0377131977446989 0.011995100876144835 2.745618834904086 1.3619673304188167 0.1651877199779347
0.00023278136299684083 0.0642240400550066 -0.4505901345336078 0.04164408588010989 -1.459096124124804 -0.044812066017430756 0.346613035138588
0.00023278136299684083 1.3831925159772236 0.7319162643308789 -0.23105638390179548 0.5530343344628231 0.18678146965757025 -0.06468187950818821
0.00023278136299684083 -0.16575215131120674 -0.2221340164361011 -0.0020029720424004824 1.3132594889948408 -1.6902949475421947 -0.7050380540722837
0.00023278136299684083 -0.15036612543805575 0.3100981975164827 -0.018035069529577258 -1.3494946305974123 -0.22151510322566442 0.1418849556483973
0.00023278136299684083 0.17290531178390978 2.1953295023592054 -0.10721617429877953 -0.1160535946464192 -0.1844299772331313 0.04745912864426786
0.00023278136299684083 -0.17735607296499079 0.2117314151333278 0.09002789767314712 2.0895594604399994 -0.2479040109317957 -0.2653993868425582
0.00023278136299684083 0.7495042164750162 0.3609764401499054 0.14483691293289377 0.14554962320920725 0.46429439189795857 -0.24817966525976615
0.00023278136299684083 -0.09993713596035256 0.5141356886634743 0.3318322791694244 0.2842833510474987 1.239253653544868 0.32171483538010837
0.00023278136299684083 -0.8164341969635379 0.5969047579833757 0.4195986582121055 -0.26957265563319976 0.24038059160890587 -0.28003079479957554
0.00023278136299684083 0.1439888615276153 -0.03838100845661491 -0.05232807369921882 -2.275686008334003 -2.0396971721637875 0.645460818816633
0.00023278136299684083 4.1854139349395245 2.256278409647215 -1.056282602194615 -0.26603500154494875 -0.008460446860388316 0.07134785125586217
0.00023278136299684083 0.10725273054364226 0.7463066124898282 -0.1378445358273431 -0.9084828831387651 -0.08728438386240522 0.15825334518281522
0.00023278136299684083 0.1037168696709278 -0.12465311617392197 0.15378195623142255 2.20139972078857 0.8162202993592065 1.1342529071625305
0.00023278136299684083 0.4213997208414528 0.40958657722438263 -0.1370136692244239 0.7013966294269371 -0.3785422087840289 -0.001397927561363276
0.00023278136299684083 0.3858482983522686 -0.21282193119944628 -0.024872729109534964 0.4206313271997001 1.3547960842647564 -0.18012216719636376
0.00023278136299684083 0.4131472159972832 0.21288484127922852 -0.1168596630519376 0.4891811212626081 -0.8306452022789268 0.08373633016426922
0.00023278136299684083 0.5556826736749024 1.2408327054010182 -0.3310998236350399 -0.2764387362649217 -0.26784666392778417 0.13285630500352022
0.00023278136299684083 -0.9683150799983603 0.5340105651692578 0.262804096528394 0.281194100625205 0.6705065899885528 0.0009973994752194206
0.00023278136299684083 -0.273949203117895 0.36093681525209903 0.1567864926899715 -0.3126102379523754 1.6537969747305656 0.15256386924285087
0.00023278136299684083 -0.9600056100776869 -0.8544788150012165 -0.07573676537187622 0.43276173726769046 0.5670221307115697 -0.076041664909395
0.00023278136299684083 0.046966012119776024 0.728626376020416 0.12274249024123098 -1.0273288331590154 -0.5433114020168796 0.2519929735926445
0.00023278136299684083 -0.05377531228915619 0.3329767646377208 -0.18284946532347493 0.1665057476518949 -1.069200301533665 0.58513335413521
0.00023278136299684083 0.9613526039806676 1.319706480757895 -0.020947901497125623 -0.42664337221699766 -0.086784669568153 0.056103091202218576
0.00023278136299684083 0.3310902144413501 0.44049533750953207 -0.16385067022306013 0.022074323529643336 -1.4675389810292654 -0.14478966304918028
0.00023278136299684083 0.6004132255058655 0.37392881479861256 -0.7863468738358879 0.27617671589114023 0.5790631581544304 -0.1418293691490961
0.00023278136299684083 -0.24768903306714402 -1.1518665105997097 -0.663869014817606 -0.3652349760403178 -0.11704577461773771 0.008268987981664245
0.00023278136299684083 1.3090519452214824 -1.880604399849625 0.008107588329012884 -0.1426711221083226 0.007930327402311485 -0.057605878309617164
0.00023278136299684083 -0.9191709596914789 0.23384254422005754 0.061219999762198496 -0.9033618659198258 0.198582953076685 -0.05814303531501876
0.00023278136299684083 0.44490646607259005 0.32490997876339495 -0.22885816333913908 -1.2718302614644992 -0.7175890213030839 0.4739655800791889
0.00023278136299684083 0.7011391072093914 0.4428904425711647 -0.5685538023895301 0.7832119049652715 0.39748893727439344 -0.3062692501383691
0.00023278136299684083 0.32264332214897834 0.08044916143052236 -0.13326405999432223 -0.00016767818966212673 1.7508299152454698 -0.41067404659672935
