0 40 0
0.9311254519873633 -0.0024895963990574205 -0.003419198334658717 0.0010059613442649307 -0.0025883783142456613 0.00010518679004685767 0.0010090492303052412
0.00023278136299684083 1.471396082284455 0.8569863150131607 -0.43780616564783875 0.42659606062520367 -0.07213373742675529 -0.14045760328255955
0.00023278136299684083 -1.3691531874288212 0.602842258868675 0.050077926256840294 -0.17267956708776494 -0.18916896197314806 -0.09825784687960384
0.00023278136299684083 0.3853281720434421 -1.309065049888869 -0.11315298501460194 -0.19645089512814856 0.2128772066079619 -0.056620858198505875
0.00023278136299684083 1.3382319518590045 0.2941471441586022 -0.3990840145153526 0.28228381778354783 0.39096590078863874 -0.17574243389306315
0.00023278136299684083 0.7356425124166215 0.042790459805946854 -0.2597121216823313 -0.07512202489441416 -0.10979046434267666 -0.04165130353776436
0.00023278136299684083 0.47695987896831676 1.265463261877243 -0.20829005531644731 -0.030014752634618017 0.6398485866508077 -0.10456824479706443
0.00023278136299684083 -0.36011199953479145 0.19777820888230357 0.009015674641774841 0.7482305455418197 -0.42664694634826333 -0.015136896433081564
0.00023278136299684083 0.5158034213638507 0.34208015121136437 -0.12457849054277007 -0.7855251170358294 -0.1739342846396391 0.11105245166089774
0.00023278136299684083 0.34416167389282853 0.3754509455564283 0.006945586196746597 -0.0837900501691822 -1.2070333844701786 0.011628011048181047
0.00023278136299684083 1.6474903843182709 0.06679678243799715 -0.366182233896018 0.04080229302089872 -0.0024066309001657764 0.005912650222823921
0.00023278136299684083 0.937923041871033 0.1899679847823829 -0.06278675521624141 -0.2100143421152688 -0.32310258010815446 -0.04917627517280902
0.00023278136299684083 0.5198527667467018 0.23458094773285082 -0.16732102942271102 -0.7820912236918371 0.5184714070401008 -0.01816923697260511
0.00023278136299684083 -1.3872661126493364 0.3472131237868858 -0.04836421430023631 0.5533014051062138 -0.6995007353333511 0.06465037266095501
0.00023278136299684083 -0.15720176778956318 -0.015515851101601556 0.03369367141477874 3.060407614591955 -0.051463554231989554 -0.36911553873294406
0.00023278136299684083 0.05996358208939106 -0.1662557377116039 -0.12703560690024004 2.17687864921179 -0.609564873875054 -1.2324364481286332
0.00023278136299684083 0.266813152179579 2.0694176638807518 0.08137727357623493 -0.28506205739473517 0.26022899107294056 0.031836952925961476
0.00023278136299684083 -0.7163147390628082 0.6222907144170292 0.05372211505145577 -0.09689205007713038 -0.10020266930675559 0.06117605640539173
0.00023278136299684083 0.17695396974566377 1.1790476363366857 0.17655482835256708 0.10445449444563104 -0.14488720462377563 -0.23000908132471581
0.00023278136299684083 1.0037800369267103 0.0691067549405558 -0.10470667971783551 0.44588299787659574 -0.0370784560269166 0.011103676545004259
0.00023278136299684083 0.37731358630287076 -0.0750670661448171 0.020974692421589836 1.3718471290414571 0.9608927857056011 -0.2755541081447029
0.00023278136299684083 0.15625695225558575 0.8580418062563084 -0.053288297076866706 -0.7451814224782858 -0.379856194754553 0.1889856537629337
0.00023278136299684083 -0.16754847750157822 1.2703940499210546 0.025116820053370213 0.3116845694347043 0.19127914672117596 0.02664266019933522
0.00023278136299684083 0.5130941868756558 0.32155424574375113 -0.42740037331174763 0.9827263166470014 0.26078050019398896 -0.34908623514353687
0.00023278136299684083 -0.2174525402383891 0.488019252581376 0.008054362385764433 0.4179860939510058 0.8895601815483846 -0.27611497240809324
0.00023278136299684083 0.07765975608435204 0.5064993897418882 -0.12524358743541206 0.5132456661288156 1.3042136753809166 -0.013577924122360417
0.00023278136299684083 0.20854640548000622 0.8133918061741185 -0.030018269300528203 0.02684054311659299 -0.06821722097390724 -0.15446061653427776
0.00023278136299684083 0.5152680258896217 0.08638206413221516 -0.015928048357159975 1.0992063357186226 1.1074349373888985 -0.048661650282092545
0.00023278136299684083 -1.5260320719238165 -0.8442717195416098 -0.15176275709724849 0.40105468209120065 0.12456492239573702 -0.04364164341110726
0.00023278136299684083 0.44389383066877874 -0.26944773102538017 -0.22884910682592702 1.1522256654796237 0.18140757414970995 -0.1393552449488376
0.00023278136299684083 0.49861900753434657 0.8730904690647473 0.22199823612740732 0.3861902290629583 -0.35659284147361964 0.0344210533947061
0.00023278136299684083 1.2252976202674608 1.4095884766821607 -0.2190527262788287 -0.3894521517479223 -0.1261558135359876 0.03613442184408289
0.00023278136299684083 0.14728411658124277 0.7506112847964576 -0.10312654707864874 -0.10456014400820843 -0.44871271290291065 0.10062331517294501
0.00023278136299684083 0.5896901671843785 0.934575796407641 -0.12358412022276999 -0.09580382248950642 -0.171559378453329 -0.33825903578400196
0.00023278136299684083 -0.4636527977824762 -1.3688839266665427 0.11535352396650195 -0.31511480861572194 -0.48857032325644545 -0.05593342947868348
0.00023278136299684083 0.7686892406444239 -0.6130333882547148 -0.06766680155914913 0.4291537007932997 -0.8903073584493453 -0.15071856172213324
0.00023278136299684083 -1.4690833964474892 0.5264838957565998 -0.07600669217050564 -0.23404715550896676 -0.025627897767915707 -0.10768762347143321
0.00023278136299684083 1.3056875822565017 0.3139815019461138 -0.29512700453811097 -0.04508921111662561 -0.45356540845098714 -0.09671685163339053
0.00023278136299684083 0.627848956666163 0.29881168503130784 -0.15108804178646507 1.18716405008333 0.15086780156429033 -0.2839052490191109
0.00023278136299684083 0.4567526251900262 0.13094773104505614 -0.33956736229268725 -1.1177588065754562 -0.058061143770763136 0.1446507163929284
