0 15 0
0.9311254519873633 1.5866317715359687e-05 0.00014968452032248865 -7.984996429931192e-05 -2.036648567088494e-05 -0.00023508533825587795 0.0001167533867368386
0.00023278136299684083 -1.0429271161166551 -2.2328393731276126 0.05638632629921521 -0.16089938604182544 -0.10877324714994714 0.015279512652600647
0.00023278136299684083 0.38443882118913286 -0.19956198387807259 -0.011539807977818055 -0.3944953463559637 -1.6514807817490624 -0.11432625384870461
0.00023278136299684083 -0.2035447435800792 -0.2505362367668298 -0.012441845762301276 1.6072749515070481 -1.2299520029103594 0.10792453785133162
0.00023278136299684083 -0.051494956628202984 -0.6503798375685678 0.03938251136733459 -0.8824703752234015 0.8798596958447602 -0.06889037184002157
0.00023278136299684083 -0.29385339602712857 1.2240362993090919 0.019808126423952344 -0.6415362432196261 -0.08216234279305573 0.002292976621941752
0.00023278136299684083 0.8024909890402249 0.8413875537081387 -0.015170673371095574 -0.3184638274821147 0.04325374997561998 0.05449607362446192
0.00023278136299684083 -0.5004990714766486 -0.5966278810597176 0.11336483926045379 0.9238114958789667 0.6495451079952034 -0.04681933811573184
0.00023278136299684083 -0.24470192574003566 0.11073740690638016 -0.031059188288236304 0.6557025164423599 2.137637683626134 0.038398866865173215
0.00023278136299684083 0.3810295637669825 0.5180973341248276 0.015298713128673857 1.1923034870211109 -0.3314214135856243 0.13900859465342472
0.00023278136299684083 -0.2285354772529448 -0.747625331648466 0.044520573714225915 -0.5182825207438069 0.590069466771018 0.08015797150069208
0.00023278136299684083 0.9341486341339241 0.16071416875186584 -0.041184528650706625 0.3511804094874517 -0.7551295035450591 -0.11013900224131667
0.00023278136299684083 -0.18550268393367647 -0.13177856160659585 0.05204278371633402 -0.5210096490641414 2.1892748968694544 -0.14380494863042909
0.00023278136299684083 -0.002502751641692417 0.7852663307140972 -0.10872888254861031 -0.8797452283415667 -0.39033361419536594 -0.07110021790076303
0.00023278136299684083 0.18798884340537758 0.5703720308511419 0.19872090988582605 -0.331904341180948 -1.0000463421301986 -0.3494919481400135
