0 20 0
0.9311254519873633 -0.00029070409351360986 5.3278700541801686e-05 3.809502791151293e-05 0.00034686789826167213 0.000380903649355121 -0.00024164498720638406
0.00023278136299684083 0.620271057200564 -0.9277434896850719 -0.09943156332617148 -0.7475401021422596 -0.22757232763447766 0.06968993392213944
0.00023278136299684083 -0.05937192194482968 -0.4469620693095676 0.04735985289584009 -0.7763006437201769 -1.4241471093730864 0.13288380869745645
0.00023278136299684083 -0.5832406944567167 -0.5684149515620575 -0.02791789599981523 0.7131898388799411 -0.763132962052457 0.024729326362825887
0.00023278136299684083 0.5083377607881515 0.40315416858793796 -0.012540754340555444 -0.4667910983290777 1.0438301393177543 -0.056193956508750996
0.00023278136299684083 -0.5932496263696024 -0.19965712728775445 0.011546269641526177 0.6929477305396418 -0.7581371532112517 0.1671939463706291
0.00023278136299684083 0.3030070870071423 -0.05420979236373571 0.03976921657938333 1.3022337836747733 1.5305851623253917 0.1438996823647553
0.00023278136299684083 -0.059171912622535384 0.8226030040928374 -0.01211474679259698 1.1556413731103867 0.1740618859992966 -0.05042650403043891
0.00023278136299684083 0.3824839310140609 0.040353700101420996 0.045778910253742935 0.3740190852927625 1.7320093190152563 -0.024039052532652126
0.00023278136299684083 0.6349520571824899 0.3570402015552217 -0.026922953614905872 0.897360356778318 0.8719632095526542 -0.08174626402287813
0.00023278136299684083 -0.43843579535518834 0.14116217888881807 -0.04131074087824192 0.1599350737441606 -1.50706416087256 0.014110535069584523
0.00023278136299684083 0.10178905964756338 -0.42974351570306224 -0.04586485261163826 -1.4277414872808527 0.03342377367301783 -0.23461240486324791
0.00023278136299684083 -0.47461507068296493 0.304573401584352 0.0028257844743444587 -0.7690335527460861 -0.735617075210878 0.02614285698788284
0.00023278136299684083 1.2395788549618334 0.48401770230424607 0.030628979277126538 -0.6503698327445618 -0.44102640587283054 -0.0031799568811196697
0.00023278136299684083 0.6005644077062368 0.3014979161205302 -0.05921465805222346 0.29678249910518434 0.9096248847650527 -0.004547600663382491
0.00023278136299684083 -0.7284050249564167 -0.5077117278484559 0.00391980729779709 0.822019817710675 0.008977483671694339 -0.017747391676953453
0.00023278136299684083 0.06009293078825975 0.10547152253532449 -0.022487848370315155 -1.8152631128665049 -3.194707893158595 0.6952129219774307
0.00023278136299684083 -0.7132939277272728 0.5799800936593307 0.0174892580814098 -0.048588572769778175 -0.9093188061048851 0.057169082264691785
0.00023278136299684083 -0.054765739690552366 -0.6698042521858089 -0.013659082317885554 -1.019138267127007 0.6696495225692455 0.04306878655030504
0.00023278136299684083 0.41628894156424573 0.05127823434816241 0.00976690615712825 -0.08083448215623044 1.4629839151811712 0.06497219943725913
