0 40 0
0.9311254519873633 -0.0005074895248944427 0.0005173566419877998 -0.00013315689293591206 -0.0032154394191853297 -0.0018515243713435696 9.920883922633719e-05
0.00023278136299684083 0.40331380959176066 -0.8305609422493888 -0.03536814380624166 -0.82164816460991 -0.35623469376315064 0.00048267765369697593
0.00023278136299684083 -0.0920061223493372 -0.38300731299515606 0.030006138514561374 1.4059620183831494 0.9407462325112179 -0.06257699623347433
0.00023278136299684083 -0.5064999398835811 -0.9840925531435599 -0.06839265235748165 -0.3434544685041741 -0.15228068558600413 0.03474225627275018
0.00023278136299684083 1.0696490909160907 0.9246773060008684 0.05166545730922534 0.3755762341344988 0.41293515354853905 0.004636200048334333
0.00023278136299684083 -0.3516112251853479 0.0273446221862937 0.03669640544696857 0.00334923618177271 1.56545417129123 0.5517104782087643
0.00023278136299684083 0.17429333528099442 -0.4029679770738394 0.057321124304339215 1.424507723658695 0.8821305156299166 0.026417975106135853
0.00023278136299684083 0.17818265848694284 -0.25562622435792093 -0.06326182859612499 1.7089613179034433 0.8163809769597736 -0.10169019845840227
0.00023278136299684083 0.6909178004072974 0.5909856591179685 -0.048305294854136406 0.5720882950027499 -0.1479749901793155 -0.056325294901719766
0.00023278136299684083 -0.5575331099294449 -0.4314963851837935 0.019266248694611136 1.067416880820912 -0.4219052170131068 -0.010662723601635615
0.00023278136299684083 0.9482623057090855 -0.65443916178263 0.08001484473005716 -0.4367649304489633 -0.49426411543977683 0.012989853694334154
0.00023278136299684083 -0.24478872247320493 0.28209950136173345 0.09745246070934407 1.2018868299524958 1.2430031761656744 0.08405498202621105
0.00023278136299684083 0.26839003486085605 0.3314363217595681 -0.020563724376290032 1.2492060091059196 -0.639736615438433 -0.11306098076368394
0.00023278136299684083 0.7764124454636805 0.10285331763111212 -0.024472013126847384 0.02973239611510501 1.2078960709492892 -0.0841838381637023
0.00023278136299684083 -0.7703457185163215 -0.4958118798647414 -0.041059937726307526 0.4925089126929788 -0.28890222494923623 -0.12420285362988885
0.00023278136299684083 -0.41324541574812923 -0.019290996760962353 -0.05590591203582076 0.2568194125507852 1.4604267295347106 0.0294575536942686
0.00023278136299684083 0.5661725139231142 -0.028703983071082784 0.03816147030152824 0.4170062422365362 1.5001045744823853 0.048229254162091485
0.00023278136299684083 -0.6283409585852392 -0.3733428325770066 0.017241561309353972 0.5455531772936694 -0.32847026100743953 -0.1587223745205329
0.00023278136299684083 0.4733995579233763 0.16089178111957778 0.03714864705710251 0.027206675381366334 1.3484713620206612 -0.128429665402549
0.00023278136299684083 0.4453242982525791 -0.6258081860415714 -0.026243178342225244 -0.6549952046669232 -0.6074254914517381 -0.024239783687543065
0.00023278136299684083 0.4790284982364413 0.4734786449022403 -0.21935002062472053 -0.8167074207261117 -0.7909746241594632 0.16296288485772167
0.00023278136299684083 0.9392288675026449 0.891396340308801 0.021201224021875683 0.2791098223296638 0.33777687039654 -0.06478626776006599
0.00023278136299684083 0.11344284096039417 -0.2891991501291503 -0.0030725233939630577 1.5803221391038962 1.2726209032135196 -0.12116613145757137
0.00023278136299684083 0.652471516705731 0.12490716603704219 -0.08046975131669928 0.5350012375780189 -0.9890914990080982 -0.07371347642484911
0.00023278136299684083 -0.19890168436494815 -0.22162939802561626 0.010593565328886844 1.4540139444218143 -1.2649916688518568 -0.10154941908737973
0.00023278136299684083 0.5176685358462961 0.4650505754361004 -0.026401683023552034 -0.1723994540815741 0.9029562367613024 0.08789303705806684
0.00023278136299684083 -0.24712924937054395 -0.46361717164868543 0.01804590710342884 1.4696190818469652 -0.3114003659847669 0.024532099389759247
0.00023278136299684083 -0.6851898106023778 1.01689993278877 -0.07834990610573338 -0.4733926983158901 -0.3636712029245731 -0.045752990701611755
0.00023278136299684083 -1.5575180323806272 -1.6374261659012548 0.13167021431012477 0.24358173342915207 0.21125728742589564 -0.026622889685035286
0.00023278136299684083 -0.26412320546514545 0.19112453094816015 0.07821903874238821 1.4189189271707425 1.2852674087642797 -0.1884402754885032
0.00023278136299684083 -0.32100073424870007 0.34981979741180064 -0.10291101273474582 -0.015032970942945123 -1.5675239924360467 0.24846699389481766
0.00023278136299684083 0.1859211572481129 2.2634250848716317 0.21994070791238093 -0.25546436864044486 -0.2791075608374486 -0.006990530241473662
0.00023278136299684083 0.3666165117415643 0.18144295866936377 -0.011979146257543849 -0.38763813718976703 1.594568272152449 -0.04230850646752548
0.00023278136299684083 0.48205725382538706 0.5272157714513751 0.0336792681005371 0.7049697383117107 0.8456037479455693 0.06614505555084138
0.00023278136299684083 -1.054502855446856 -1.0291325815204426 0.11635033566133544 -0.36645132990283674 -0.32615677045892405 -0.007144785239750715
0.00023278136299684083 -0.05624753168789455 -1.0740874184111984 0.08090649037845703 -0.4479958713233695 -0.7231189727346438 0.029652410233390172
0.00023278136299684083 -1.401150289203652 -0.622664861082015 0.1633280044475388 -0.20574012461106475 -0.2819699440649246 -0.026057645457939156
0.00023278136299684083 1.0981342156682008 -0.14799339551386467 -0.018510396190857453 0.0375715595838766 -0.7904209702841885 0.008506966338348349
0.00023278136299684083 0.8379670601108912 0.14605901841809754 0.13793741603459625 0.5186441456102168 -0.9260754993097019 0.0404446130313509
0.00023278136299684083 -0.2867616036423435 -0.14963632103785676 -0.019601833805701633 -0.7600908700948469 1.6301951615041568 -0.2895330207513945
