0 15 0
0.9311254519873633 -0.0008772985200373299 0.0012506881808953985 9.889633714419961e-06 -0.0006602094500307813 -0.0007838935048884483 -8.617362954871957e-05
0.00023278136299684083 -0.47979142602079583 -2.2723668428908517 0.3267770625534324 -0.050463975973516574 -0.01701068058852803 0.09260905640618107
0.00023278136299684083 -0.4910921293551471 -1.263818884498858 -0.11130993380026112 0.08956921308905942 0.5087705920232836 -0.05517291819521154
0.00023278136299684083 0.7124570666692845 0.7076092885860843 -0.05738726064403699 0.38003427968986014 -0.40361666638792854 0.07781362252917787
0.00023278136299684083 -0.38467040320969437 -0.5388280009732832 -0.09021720532258366 -0.6526936711377831 -0.09211819596062006 0.20991702230630255
0.00023278136299684083 0.9799565909688626 -0.811836118217628 -0.03659227833753349 0.4509734173189197 0.34890582991892644 -0.010350057897614319
0.00023278136299684083 1.1048485353152198 0.13834775247232145 -0.06155422260440856 0.5803412085888303 -0.19138513309589048 0.059906286608338515
0.00023278136299684083 0.2922740161417592 0.6061622026973947 -0.07112416567754173 -0.5213230167149544 1.3534100203342494 -0.033537812722700004
0.00023278136299684083 -0.5273001400185893 -0.2565468253418504 0.1437587154610847 -0.4632942772661737 0.6809327082964152 -0.022766641125596475
0.00023278136299684083 -0.44999948529082984 -0.425734682332071 -0.032738071293587266 0.16241485011509216 0.6364669407287327 -0.33637522941941733
0.00023278136299684083 -0.18994418027496565 0.6364109256209193 0.011275556288833123 1.1787017090679648 -0.10863510717854923 -0.044105989726885016
0.00023278136299684083 1.1818781344257745 -0.8264990496809903 -0.3112282778534134 -0.49638333292476117 -0.40553536222500125 0.024806919697245928
0.00023278136299684083 0.8278159835040687 -0.7253615401716397 0.007649088327915217 0.48370473373515566 0.059632041643186175 0.08212795642600579
0.00023278136299684083 1.2956719103444911 0.32365150978067764 0.3654238916096604 0.5235282040594466 -0.025058787384564376 -0.03179374361238903
0.00023278136299684083 -0.3629103930561203 -0.29394245863047364 -0.12229143356519825 0.9757284584759827 0.7908158194300812 0.33161604692144037
