0 25 0
0.9311254519873633 -0.0027254974314571616 -0.0013133319512243682 0.00014720420377181575 0.000712316024664535 7.418294240707974e-05 -6.548778969382222e-05
0.00023278136299684083 1.3796081882908269 -0.14538470703716605 -0.20986511665939947 -0.24647089560531749 -0.23552222259194758 -0.11536871273563713
0.00023278136299684083 0.35481449305561996 0.7957397021037732 0.11353308432278886 -0.18411416165812317 0.17312803199871662 -0.30887496219568306
0.00023278136299684083 0.6451681002249254 0.33457654924636837 -0.00926276296420659 -0.9414931057841519 -0.40404608277738857 -0.1025217400855068
0.00023278136299684083 1.168040399625339 0.44478582690575347 0.05978203962864505 -0.0850749969833271 -0.16242273063354404 0.15067018199944188
0.00023278136299684083 -0.5017149601738053 -0.5245598621971098 0.03136041593693465 -0.4836973353183176 -0.8116764653606977 0.08610517452007478
0.00023278136299684083 1.1317027595195592 0.23830290216898303 -0.0382919944887296 -0.14209639399740218 -0.45357988449716213 -0.08315727233103211
0.00023278136299684083 1.2452644005861957 1.3912741569995166 -0.20967125387457045 -0.1198064540421381 0.30066754124548 -0.19036805331550238
0.00023278136299684083 0.9999154599945982 -0.10998522299540635 0.08050798971670525 -0.27679263078216065 -0.06300713363815338 0.09502932203136052
0.00023278136299684083 0.02256423543887025 0.2769153025059624 -0.06766803934387511 -0.18223034387778847 -2.0320616929800908 0.49404276559442045
0.00023278136299684083 0.9140537994927667 -0.10105693584340947 -0.09404645220345029 0.7225878896428947 -0.3802809071510604 0.14551945365389693
0.00023278136299684083 -0.8399978715156163 -1.1542743513577194 0.042443292410128834 -0.2667764422829614 -0.20093772340611601 0.2273700069992336
0.00023278136299684083 1.119839323995632 0.9078006454671659 0.02600840832531464 -0.09224710816546444 -0.019663812419632644 -0.07249073532732052
0.00023278136299684083 0.9446213613691672 0.5952741226570271 -0.25109326221837946 0.33161855385809536 -0.5242360858834667 -0.056211183323737306
0.00023278136299684083 0.37859053250045105 0.8380107403837058 -0.12257767884960745 0.37643320410629805 0.05893300551965019 0.2536174034319078
0.00023278136299684083 -0.016020337685581334 0.07269527282654673 -0.00974519205713138 -1.1660464118988303 4.521431993366402 -0.294937325324005
0.00023278136299684083 -0.8507670982376552 0.6251125288650297 0.09599577576659786 0.3239872136112766 -0.667703144315591 0.17062543613329825
0.00023278136299684083 0.029122724846390148 -0.48913426427605705 -0.07425788662954323 0.455064484704787 -1.1955986043589983 -0.13352556671638074
0.00023278136299684083 0.4387277589753607 0.5582481624232238 -0.16625698846857356 0.26050998549516036 0.9028974267502553 -0.06794981553875132
0.00023278136299684083 -1.0942834016692806 0.7972815243760751 0.018425503876641686 -0.004041459998206356 -0.1797264586569839 -0.007243970258517465
0.00023278136299684083 0.8391992347863312 -0.14406748714754894 0.23703824304387364 -0.2119879542686819 0.11219422459038236 0.36679737211302177
0.00023278136299684083 0.6686468723851335 0.02651782480078341 0.011173048080162593 0.8412356201189726 0.32433058752464955 0.3016743422154408
0.00023278136299684083 -0.21523552959803188 -0.37592120876807417 -0.02507321632360757 -1.0864360318934672 1.2493329428941908 -0.37032857979005984
0.00023278136299684083 0.8443449470216812 -0.21699128057820455 -0.16804270329907958 -0.5035586929455349 -0.24801519926504242 -0.30934393578072983
0.00023278136299684083 1.2957843325991387 0.6121678633662113 0.14076793118509826 -0.16783063069374832 -0.3611693755821716 0.08282155280605571
