0 10 0
0.9311254519873633 0.0002677143138550875 -0.0004409536333729099 -0.0004388999487123785 0.0007039536605829019 0.000878241615689191 0.00020951581010047988
0.00023278136299684083 1.4441989350252755 1.2948170898148295 0.1438918676953488 0.5203991328106762 -0.3302222283886427 0.035174910879048185
0.00023278136299684083 0.375173093434442 0.8203786276073727 0.24407751710455866 -0.5495993314166226 0.3094907602744873 -0.37993585048162903
0.00023278136299684083 -0.47633217613618767 0.27557630615043316 0.4836595304263536 0.01512806433134739 -0.9625126807640559 0.4007953280590677
0.00023278136299684083 -0.018286545782302526 0.4758097908615383 0.1188247203388516 0.0407447251574262 -0.9521069497197889 -0.23390531916969107
0.00023278136299684083 -0.5299322444976944 0.06431520779773428 -0.31573694513061723 -0.1500415820087414 -1.2145093474317443 -0.4078884542272839
0.00023278136299684083 0.4549703536735896 0.4280257600506525 -0.10494549166061438 -1.218456703274755 0.2650191865935565 0.14374013829661364
0.00023278136299684083 -0.373998711916323 0.3475044503947489 0.17254355443203837 -1.1082293218791133 -0.7916181548627594 -0.4894086642274594
0.00023278136299684083 -2.21543663097101 -2.4949663150930044 1.2723320676447711 -0.017887677481720245 -0.2841842912821037 0.10603818930261834
0.00023278136299684083 0.2687866717581024 0.5523536158984752 -0.259047026000021 -0.3478719485701076 0.4476772428242872 -0.012673518833203879
