0 25 0
0.9311254519873633 -0.0015409400801436163 -0.0012107841596785483 -6.168428275649506e-05 0.0010891828137959204 -0.0007380086828946542 -2.763180533752383e-05
0.00023278136299684083 0.8063600992104465 -0.3856560948810906 0.012569421186646845 -0.7719722063793761 -0.1738485320982232 0.01773717346594581
0.00023278136299684083 -0.07329910415938924 -0.08085207486204744 0.02292544978167166 3.4751780505363046 -1.5224190558660826 -0.9115121653764063
0.00023278136299684083 0.8809266365580771 0.394405967464632 -0.12970952846479183 -0.31460474840695235 -0.1718489909856329 0.014963429147513297
0.00023278136299684083 0.47732457365967024 0.8655711710548626 -0.052803899618397446 0.5012732706959303 0.21135377389475538 0.11112959704417628
0.00023278136299684083 -0.6270517585625954 -0.6974848773295431 0.14659984213189534 0.6279080473425976 0.3175411575677913 0.050873937516864004
0.00023278136299684083 0.838136775378595 0.7101360444826682 -0.1418381074938948 0.5646680731741388 0.15795167152060657 -0.04934931306803243
0.00023278136299684083 0.8651683263561957 1.4222624398049302 -0.10317642603097096 -0.20562560733546414 0.37193394558805154 -0.02575350091070935
0.00023278136299684083 1.2064040117813908 -0.12575222872016048 -0.16458161379720135 0.21496668887230347 -0.39137853038196396 -0.08088838090791753
0.00023278136299684083 0.40109644384371845 0.7907279267584453 0.04747429452531363 0.35036402029382524 0.8209780696372996 0.04986443325502776
0.00023278136299684083 0.6148012994753737 -0.9490969728973986 0.004619417658119424 -0.30599075549032767 0.21620021692633476 0.007771288600395454
0.00023278136299684083 -0.3258223984294854 -1.3686940678921335 -0.04163694559671844 -0.16294594863194914 0.1155998028369958 0.09132192098997582
0.00023278136299684083 0.3202810397071476 0.7820717659159916 -0.06030988308508708 -0.4729315000531778 -0.368127109950016 -0.13292045252720025
0.00023278136299684083 0.20454597131256722 -0.0003388920126338302 -0.041892586049802276 -2.555611848178178 -0.019560736952796393 0.5070348368520826
0.00023278136299684083 0.2593650262585996 1.2486465629093868 0.191026759896944 0.439661229348026 -0.10741441869784533 -0.27353755690710346
0.00023278136299684083 0.38233654807098433 0.7742527942770389 0.08868751701732838 -0.17963357019533496 0.23555013494652194 0.13723681396294327
0.00023278136299684083 -0.07387285103340195 0.46428071951687155 -0.11099896481201484 -1.1092875983061663 1.1744605361728093 -0.09779121675802278
0.00023278136299684083 0.3872924887427852 0.00040739052074348673 0.08814059796742334 1.6849172997105943 -0.14037664165149785 0.18118763556654818
0.00023278136299684083 -0.7328910264657719 1.0608542139523875 -0.0070804279605307515 -0.18665197801755254 -0.7650880508730612 0.10068303805407523
0.00023278136299684083 -0.4421613648279466 0.4766316142739619 0.08731936456547726 -0.7895528463204575 0.3935827875983647 0.004632691705487809
0.00023278136299684083 -0.18665637276172184 -0.46010532957638783 0.11102490961629163 -1.0034444032057224 1.1078509763836208 -0.4252236240096635
0.00023278136299684083 0.37737743589696593 -0.35965178611660636 0.026603462380931885 -1.2518714831086493 0.3936720714959569 -0.04680613411620402
0.00023278136299684083 0.010173226282577316 0.9619955990863966 0.28236735665598767 0.5308410037688487 0.5124013408789788 -0.03147530232893487
0.00023278136299684083 0.11134934728884252 -0.1063622442980337 -0.07023920862926254 -2.787479895454143 0.4788126470922433 0.8565468198406166
0.00023278136299684083 0.48257594699084433 -0.5751130027187173 0.06164632918061899 -0.6489045498427986 0.10420766649540561 0.05480125225863852
