0 20 0
0.9311254519873633 -0.0006266192875963707 -0.0006574900287258588 7.770322177112768e-05 0.013338877564344959 -0.013928456498262942 -0.005527687721726847
0.00023278136299684083 1.1468223582911115 -0.14348056768206363 -0.10351865634052534 0.07693865985835507 -0.7824986186238955 -0.059806642476155754
0.00023278136299684083 -0.6636338414801406 -0.546454338311599 -0.0035279081774078676 0.43581328473636793 0.802023868369662 -0.06086288830570723
0.00023278136299684083 -0.39744022239866716 -0.2483537394608987 0.07282627608098509 1.0496441999179735 -0.9351978629665315 -0.038823567790845025
0.00023278136299684083 -0.557075345784353 -0.14416347592913492 -0.024190724621704383 0.5123222476038238 -1.2070391100134097 0.15134603207649824
0.00023278136299684083 -0.3851806098152683 0.581908598618062 0.007137469421574718 -0.9462436284991019 -0.2416976210531124 -0.05945046683923473
0.00023278136299684083 0.6570997707344757 0.10912385000299975 -0.09100227029170149 0.31163388497823524 0.9704549144292032 -0.06855363405363779
0.00023278136299684083 -0.707543375156766 -0.46576153908337276 0.06484923239053345 -0.32032944076091585 1.0913922963881209 -0.10423591160545696
0.00023278136299684083 -0.38006385767651235 -0.049739100778652366 -0.04413277482725066 0.8115653145802663 -1.4447863998098234 0.06400034052152406
0.00023278136299684083 0.983367803754254 1.4927833888541937 -0.10755824103063708 -0.3394913422659446 -0.3196453783266357 -0.015777450073157864
0.00023278136299684083 0.19685053719203435 0.5097822370618499 -0.0036371390077491027 -1.2297237465788735 0.5055022881115555 -0.09147248279715699
0.00023278136299684083 -0.2761130967923969 0.19896113092910578 0.018640990079325608 0.7193464691184653 1.5875725483232659 0.4753241876094866
0.00023278136299684083 0.2618479528848403 0.05607454939597654 0.03815576832507222 0.1470024411799129 2.19373659665678 0.16792859453039988
0.00023278136299684083 1.7394952687685936 1.2000318358776358 -0.10842026321886611 0.16849759795173977 0.006415120883987044 0.007453211670093035
0.00023278136299684083 0.7686374401522501 0.3297989149915422 -0.0747498990077893 0.22548889780189324 0.8365423183086589 -0.003468443323371058
0.00023278136299684083 0.05008178888739313 -0.13463463200588846 0.017864376919046878 1.8696788803128557 2.8564699186511873 -0.172175797433413
0.00023278136299684083 -0.0005822515009191186 -0.0006315116383484122 8.017019806240888e-05 -56.88143131468423 46.5852152913096 22.01304339117313
0.00023278136299684083 0.15241369727685017 -0.2656758653217342 0.018377159280756294 1.9672366494871274 0.9725768737613747 -0.10429655136696701
0.00023278136299684083 -0.24904469519290595 -0.3149270857036359 0.011295387188134564 -1.0286089471368163 1.4706272620167435 0.05457992969671187
0.00023278136299684083 0.16653782824177538 0.4653174650871379 0.0006981595556298918 -0.9048503649809504 0.7661616866350335 -0.044000964305363766
