0 25 0
0.9311254519873633 0.0016478683260101102 0.0009055587806154245 0.00027646264156202204 0.0014915360104653743 -0.0006060923741546197 -0.0006214280146208054
0.00023278136299684083 0.4489626677051562 -0.03513853975632301 -0.11496500413899903 0.685983324906027 0.45794117763648073 0.9706535171608474
0.00023278136299684083 0.34239773609197255 0.1650446536101247 -0.036786672372593844 0.19209021285694036 -0.7504396211866746 -0.20298640222167713
0.00023278136299684083 0.7086955691377317 1.3730812950684121 -0.9489164644755587 -0.2114923576127387 0.267750019355514 0.2610558496856927
0.00023278136299684083 -0.40842092474256175 -0.5159786069296778 0.4615409515683352 0.06911584342264382 0.7903107335665713 0.14216161679504793
0.00023278136299684083 -1.1510318004008315 -5.342942374250366 1.1034135185430998 0.025658175393552692 0.3712004105762845 0.016111041658407835
0.00023278136299684083 -0.05910615034359041 -0.9185466030730869 0.14371276461580298 0.08957418843144477 0.018508365058582686 -0.012812890925461664
0.00023278136299684083 -0.027380008478378223 1.1452419415457595 0.8565248472535282 0.25944965803970416 0.4311640297672151 -0.6446892791947019
0.00023278136299684083 0.41123962386155594 -0.559001999337403 -0.12284843008885069 0.05922605165629479 -0.28244796818403145 -0.8326373971911928
0.00023278136299684083 -0.19190485176510796 -0.42271329223565524 0.49830626429216385 -0.1686429930518713 -0.5236928212206433 -1.0301856030754024
0.00023278136299684083 0.03166915963802463 -0.4953615009246652 0.07218733277704582 -0.0862221139002663 1.4443968292607228 -0.2041634254896238
0.00023278136299684083 -0.09993033758718341 0.35736941134419287 1.0036224567814076 -0.2769736506196246 0.9668016518304646 0.12616447532743535
0.00023278136299684083 -0.011436790599524044 -0.2088719248282297 -0.6351739839227216 -0.790689460439945 -0.4465941745776717 0.6736328096658541
0.00023278136299684083 0.2998982861838434 -0.631015205266134 -0.12623505680222807 -0.8758668115799219 -0.38166844756011453 -0.05317129206256845
0.00023278136299684083 0.0763639560889322 0.14633745450315488 0.5009657111820923 -0.8386264131095249 0.325992268116702 -0.605356127278214
0.00023278136299684083 -0.9565753020795605 -0.16269184160375788 -1.2417963024474634 0.13583092783089318 0.3110748368951313 0.21761413155950804
0.00023278136299684083 0.22509020932827997 0.45329791020198573 -0.24006024167173312 0.4587834401360802 0.24287092794591872 1.1516899845428314
0.00023278136299684083 -5.766737848550367 4.222339011383381 -1.967397922090052 -0.2159194642996189 0.07028364553895179 0.03561777102155987
0.00023278136299684083 0.14539772183653868 -0.2501279866004158 0.24836794265209655 0.09351472711561627 -0.3877967046374518 1.3816424168946786
0.00023278136299684083 0.18995765694080416 -0.0123052841757698 0.3666939127711134 -0.3547448985463933 -0.2826564260464952 1.421749304859485
0.00023278136299684083 0.15032383259348697 -1.437895195171621 0.48977558411877525 0.24279637904333573 -0.12510361993094957 -0.22438888693015127
0.00023278136299684083 0.05880903219638004 -0.09897593032849669 0.23435285034082073 -2.27890990025416 -0.35693455571982724 -0.141198444431936
0.00023278136299684083 -0.7244607730094537 -0.21198934667678446 -1.5311321041952055 -0.43413263601742785 0.4042497214896925 -0.010822286230809563
0.00023278136299684083 0.05744762566453921 0.2744873800713623 -0.331794139226391 -1.2262102304595135 -0.5878087171160687 -0.864179260750832
0.00023278136299684083 -0.34074159379526014 -0.4558785490095533 0.2117916182872648 -0.5197360408030233 0.44696793576016874 0.9142104350944417
