0 10 0
0.9311254519873633 -7.405846709163966e-05 -0.00013833711737446533 5.997558222878321e-05 -0.0020808701653769767 -0.0009290296670372174 0.0002396416543952197
0.00023278136299684083 -0.15645139269178485 -0.041964370994162024 0.029837853602318373 2.449579648027407 2.124257590675677 -0.3101699093175817
0.00023278136299684083 0.11421186694707608 0.30499590389374515 0.11551641123514628 -0.691243130523462 1.7855376476399654 0.21133872266636983
0.00023278136299684083 0.23915832037781776 -0.05938992710226416 -0.08761892196199676 0.5686500090096337 -0.15452206604721808 -0.21303198879360946
0.00023278136299684083 0.7349949376468237 -0.33077999044490214 0.10557275591061886 0.6506200149064608 0.7533545756843845 -0.05571648879099039
0.00023278136299684083 0.09292739116751056 -0.03769784243802567 -0.044442962540648244 3.7627982997981624 0.3761493082493107 -1.0496157638071666
0.00023278136299684083 -0.7603017436139637 -1.156014724484764 0.06179933100440026 0.43608886987874557 -0.7017717435054147 0.0580778461642566
0.00023278136299684083 0.5422875984275458 1.036833501257611 -0.03247151614092825 0.06714088232024919 -0.7691208353891059 0.07688046927929403
0.00023278136299684083 -0.14254524058549373 -0.5092448826343404 -0.009106247128206034 1.386118206015158 0.08438207432918528 0.3624170117999336
0.00023278136299684083 -0.36804786930959793 1.3466108024443306 -0.37898903289581726 -0.3062721379244462 0.21785211651208622 -0.038746516781384396
