0 20 0
0.9311254519873633 -0.0005529742913325988 -0.00034519248694219053 4.7246207003909797e-05 -0.0033450333027071045 0.0011103621237250304 0.00015499471662758658
0.00023278136299684083 0.8752066108647524 0.5490717279088471 0.016240855699278894 0.8172625998125596 -0.5243565793780253 -0.09901993864828079
0.00023278136299684083 0.005819484825268049 0.033592780571351136 -0.002906725559651019 6.706782635729399 -2.624119824857926 -0.5586176035269607
0.00023278136299684083 -0.24664549216238846 0.5288476094034913 -0.06271435996994851 -1.1112817317342436 -0.7356002082501156 -0.19472257450447827
0.00023278136299684083 0.03047871006662722 -0.5591605799596296 -0.0037742267389040385 1.353050575941829 0.11510878486144588 0.12321249432318873
0.00023278136299684083 -0.05586780923205703 -0.36252720665618304 0.03585438668968891 1.8723402642072269 0.35440540976617224 0.08580268842000173
0.00023278136299684083 0.2611760382914443 0.43994573743131793 -0.02885198750469567 -1.1441373904238428 0.41521017109283653 -0.14604832479229915
0.00023278136299684083 0.9735664363561296 -0.6477420738345746 -0.0029288302882307035 -0.37363975744707906 -0.6870495133974944 0.03300423444571857
0.00023278136299684083 -0.7058473638162314 0.02490484321006831 0.013439843592306103 0.10206519044376854 -0.8830722670173219 -0.14219173613234182
0.00023278136299684083 0.9701226339925697 0.678219440316814 -0.007893489626190079 0.550139831460281 0.5944638330197222 -0.05595778342259011
0.00023278136299684083 -0.48069356585031214 -0.16358800591129527 0.0324228361130676 0.7064669521931505 -1.23764837102097 -0.09891886240293112
0.00023278136299684083 -0.3442204212491343 -0.12386464702309728 -0.0574759052055232 -0.3905738137430851 1.7256543277720715 0.29966970966801815
0.00023278136299684083 -0.2693098662779716 -0.3131583811455631 -0.015368563335443779 1.0934398630194229 -0.7023668164249327 0.01957712301568139
0.00023278136299684083 0.3756992994857268 0.47093350417271834 -0.06983484219101425 1.157811741121447 0.976055469718987 -0.08010801163797733
0.00023278136299684083 0.49046503790430057 0.37835717504074284 -0.05057327138518569 0.4037286205617188 1.1619282772314363 -0.06302170705904325
0.00023278136299684083 -0.7526996941100985 -0.4563869590069873 0.0709223000623613 0.8444534822260679 -0.03519108427008552 -0.03805650082273473
0.00023278136299684083 0.3356749160368446 0.6128997959985643 -0.06631765303124135 -0.5779385528671351 -1.0506720028907122 0.1090312470642531
0.00023278136299684083 -0.15281791226770655 -0.2756066568686112 0.018850532182901048 2.1107858459143527 -0.5160154028049121 0.10434008896277065
0.00023278136299684083 0.893546328996932 -0.037936231711628 0.013217022039207984 0.08755950757382915 -0.7664986587644955 0.026150453237470443
0.00023278136299684083 0.008243793475592417 0.6039680758318441 -0.021292749558424348 -0.8281826531612546 -0.021684039285803397 0.055896137302188106
