0 20 0
0.9311254519873633 -0.0008332487412513286 -0.0029031284445837978 0.0004098630055514218 0.000549015600015796 0.0005304818967376681 -0.0006027372583519559
0.00023278136299684083 1.6255229320762898 0.41737998335023874 -0.19926459845149766 -0.023872093621992448 -0.40747161642587604 0.01804603192563521
0.00023278136299684083 -0.342624310567656 -0.1245025011649151 0.024931575646249825 0.8697453071845299 1.720319537095774 0.04921861758382349
0.00023278136299684083 -0.001332244842866105 0.9620141566862774 0.04824250307870726 -0.48386311415055044 0.2648369704054575 0.17418559745172163
0.00023278136299684083 -0.23373629135651794 0.44993770889382867 -0.03532688990201225 -0.8524297351797003 -0.486664153221225 -0.033457729334707
0.00023278136299684083 -1.7872489254521768 1.7375148147867052 -0.18682115151596493 0.026799710547068853 -0.3063888448539371 0.06515518970052493
0.00023278136299684083 -0.2559159707806045 0.7608630137881802 -0.06665286010487065 -0.48409785748430195 -0.6018440127463631 -0.09793576880876599
0.00023278136299684083 1.0289663804432891 0.051203894195618924 -0.19912585654693843 -0.5942600625145833 -0.3266438418221065 0.08727141313272745
0.00023278136299684083 -0.14630942363317537 0.9991608000579774 -0.14892759600750952 -0.7475219949509565 0.3529538852309064 -0.06660516438283832
0.00023278136299684083 -0.05975703740911031 0.6272700811456156 -0.05454881268722112 -0.9726350059402578 -0.7767601243170367 0.199062519616484
0.00023278136299684083 -0.38471177776884924 0.48858407729731484 -0.05897219109685303 -0.05429443056771398 -0.8662475996448762 0.23847517007909239
0.00023278136299684083 0.16117876277577187 -0.01684031956100687 -0.08425994604339909 -2.4565681694212578 0.2000459601596137 1.2855911175542596
0.00023278136299684083 -0.24341462706820843 0.0874809026884153 -0.008145847583977777 0.6333603771450387 -2.0760722002823475 0.22382602203448962
0.00023278136299684083 1.716615535381765 1.4395876463030544 -0.2814383980174144 -0.014042487092958215 0.04762413508307115 -0.022276304771020855
0.00023278136299684083 0.4433463445132402 0.4512023454015611 0.018782483812035636 0.4895450019659602 0.932634435638731 0.00780888423445619
0.00023278136299684083 -0.23517871408275048 0.05230455583243085 -0.14118013991678036 2.047689233899415 -0.764434812878678 0.5287573815291899
0.00023278136299684083 0.3279318513516407 1.3928115785445612 -0.16348141259889953 0.4022734782544933 0.391864175887753 -0.05932076729668119
0.00023278136299684083 -0.3340438640101216 0.49766450201208345 0.026083270518688098 -0.6838534428947556 -0.28337995700562485 -0.10842211319450554
0.00023278136299684083 1.2485532838741542 0.9719931080115431 -0.12883976821186682 0.3244017598908382 -0.0749320736218145 -0.1344596794376972
0.00023278136299684083 0.8051530615615885 0.3668834300653081 -0.0005063865761881055 0.3775611248685012 0.9386325503679037 0.056028615791635226
