0 20 0
0.9311254519873633 -0.0009192968574056384 -0.0005836492458338302 7.01672227301341e-05 -0.00027244035795502753 -7.640721479034942e-05 -0.00010691890744244486
0.00023278136299684083 1.0727415356397771 0.051828751822479584 -0.07963923730675496 0.09006901663995515 -0.760869475676758 -0.03615582483031438
0.00023278136299684083 -0.8411314020948062 -0.8204012736482281 -0.03656150009695439 0.14134115471464717 0.54717399266174 -0.009729706653109247
0.00023278136299684083 -0.021591505024588852 -0.3061900279450695 0.030383495114961113 1.7817226145869072 -0.22668620827378272 0.17880421367913188
0.00023278136299684083 -0.6648402875051231 0.013626128477639533 -0.1513925632924497 0.16293669549127193 -1.1378596320377485 0.02156661027013511
0.00023278136299684083 -0.6317048956584802 0.38855038415512705 -0.0634876952349417 -0.6186625106705101 -0.7402745820213286 0.035690565168508354
0.00023278136299684083 0.4510004302657194 0.8524066318377265 -0.0432067964687494 -0.740952847554941 0.306285872101547 -0.03364331131300333
0.00023278136299684083 -0.10918512981153675 -1.1824541506482458 -0.012915957050645663 -0.7658112600846579 0.2678196476121672 -0.06462430984535868
0.00023278136299684083 0.19065603927775268 -0.16729186324183104 0.0063739079691036695 1.395828409647477 1.9135287521899644 0.3165629952996367
0.00023278136299684083 1.009929109549974 0.8278364842827349 -0.06465232477022224 0.3470698102427456 0.4742199242985141 -0.09381736192701544
0.00023278136299684083 0.4398799420865773 0.004933597328186909 0.025900932261302568 0.575625291067212 1.3699777953705345 0.12726050861632784
0.00023278136299684083 0.6036891144511947 -0.04056780830582048 0.08463551970243836 -0.1884851996958777 -0.9812522703329182 -0.22235859617713663
0.00023278136299684083 0.3290172540475671 -0.024504501918229036 -0.008881357598207226 0.24720677032966917 1.8798554426900813 -0.010472547315640127
0.00023278136299684083 1.6140265748068554 1.0985676498504149 0.2196185517782002 -0.2939589530833942 -0.294550591371979 -0.010256511503592964
0.00023278136299684083 0.24207797872603215 1.1828692259120894 -0.10228146040311847 -0.35741148387606825 -0.2955660194631751 0.06051619881381607
0.00023278136299684083 -0.4628993898347545 -0.40090383690525766 0.05321533915954751 1.2168504103145559 0.19923515513955084 -0.10255696824204635
0.00023278136299684083 0.2629450096066595 0.5083314760367358 -0.06849918127140991 -0.6612554392641146 -1.2808725592443624 0.1710456376039821
0.00023278136299684083 0.26544601481488606 0.9352552681660156 -0.05881290909881299 -0.6397166866002888 0.438801498749898 0.021257974904692684
0.00023278136299684083 0.32953832220635815 -0.6779823207334064 0.02017420028446997 -1.0643525918159478 0.08380330693676348 0.05672875582229059
0.00023278136299684083 -0.4024072859280021 0.09068716881206883 -0.0306398545982935 0.46171823143147084 -1.4571411901673137 0.0218573073984752
