0 25 0
0.9311254519873633 -0.0011372533527424498 -0.000745349111421387 0.00047612654403571367 4.535295779892089e-06 0.0015559647676903208 -0.0006455605052713707
0.00023278136299684083 1.1809577979092987 0.17781488749626856 -0.3344827779032432 0.026003863432472685 0.35274644784180453 0.1399347688910711
0.00023278136299684083 -0.09846755747504031 -0.5645781974704187 0.05532048802768216 -0.9585475583877165 0.5027622143935202 -0.03394885538745154
0.00023278136299684083 0.8523708424508464 0.465842188621193 0.11075677623678878 0.7828814719890863 0.29709056154062125 0.1566604278559957
0.00023278136299684083 0.8093479784206734 -0.3174435698570276 -0.05357043887687422 -0.8059792620699595 -0.3398012523145102 -0.052427831266375444
0.00023278136299684083 -0.8232264601830558 -0.21783831702157874 -0.7632284990543785 0.2222530891053674 -0.134680636934194 0.47535722394732305
0.00023278136299684083 0.5411347039010281 0.34133352287411434 -0.2544630128844033 0.025170468228258 -0.956489345395891 0.3159614134610421
0.00023278136299684083 -0.07152821458213558 0.0781028770811313 0.02318939444883972 -0.6068036600039961 -3.9680025826146483 -0.5200604575093777
0.00023278136299684083 0.1417794650478569 -0.052960513356163315 -0.11743375002874679 -1.770290187436201 0.6366673638213367 1.451120898149465
0.00023278136299684083 -0.3231385927755759 0.5003754933284894 -0.2100749447399961 0.7292315837342567 0.8429029336689978 -0.10639165223975887
0.00023278136299684083 0.2759954899133864 -0.5484487114537571 -0.0010915325747980862 0.38417799586579315 1.0139026840863543 -0.2729916445445182
0.00023278136299684083 0.07798891856036501 -1.4357294648247667 -0.6750402342745145 0.06439447825981442 -0.1524919867624756 -0.04462530305554966
0.00023278136299684083 -0.007607737213008425 0.5094718177457327 -0.05072846031827519 0.49780969805006614 0.9958911291493431 -0.06902184346069248
0.00023278136299684083 -0.6935814095215068 -0.029994907281883084 -0.07646749604740233 -0.5689380229187286 1.167798657920927 -0.24691429933307132
0.00023278136299684083 0.711937937281234 -0.1995926813190574 0.20520585518308776 0.46683191454837775 0.23094972344523626 -0.19123819924447183
0.00023278136299684083 0.23584566010056565 0.35938104923593517 -0.06322076894089068 0.3413560811536309 -1.50383304768026 0.039915154841513395
0.00023278136299684083 -0.8686986152562294 1.9614701181814609 -0.37395876101929837 -0.31177837279095544 0.4101379849793865 -0.07275343546693523
0.00023278136299684083 0.2664003196058681 -0.28987015890530654 0.09534386487365405 1.4545939410494175 0.5570218211588952 -0.4459238430004353
0.00023278136299684083 0.08059597255555256 0.3657720188776679 0.31804860607241686 0.4591837737546099 1.3099791235527987 0.2642364749428305
0.00023278136299684083 -0.9029360249138133 0.6538525833382417 0.062360126989426 -0.2790304963542798 0.406059525653583 0.037484274474580234
0.00023278136299684083 1.1408822822155107 1.1598161596220298 0.32760525998848533 0.29295100489918074 -0.07408957444913362 -0.13201573513230125
0.00023278136299684083 0.7178212066472812 -1.0054827851612353 0.12760657496762112 0.11135469825742947 0.19296499701618489 0.05761462735573647
0.00023278136299684083 0.5042504824628107 0.662597911722186 -0.27998644525930566 0.5022254251389711 -0.8349375420090738 -0.1261352394880429
0.00023278136299684083 -0.028828384101510306 0.006567847229256254 -0.0048497207846498825 -0.4640956600235648 -7.573854606792768 1.8846413606973695
0.00023278136299684083 0.8297173499108024 0.4009372769800513 0.028653719775923344 -0.613097450600901 0.39744633596267764 0.0737637355975369
