0 30 0
0.9311254519873633 -0.00017681342511782243 -0.0018322743908272196 0.0007405277414475696 0.0012418957529918102 0.0012062327942142952 -0.0005068933884390047
0.00023278136299684083 -1.4763928933496742 -0.4047853154797895 -0.44620217069037116 0.18573241468725954 0.2906964287807718 0.018616086454304234
0.00023278136299684083 1.1923009027484828 1.2742511930187448 0.44934821519480983 -0.29929956940766744 -0.39828532169625613 -0.040055220014362306
0.00023278136299684083 -0.09341567009046896 1.016115324878687 -0.06425464997908496 -0.20347287752282397 -0.5695189213695554 0.1792239729869559
0.00023278136299684083 -0.3756213397999533 0.2291194130001566 -0.10145179014912567 -0.12948946663479508 -1.451929985031758 0.14157670220026614
0.00023278136299684083 0.9245745598781555 -1.8277506557349514 0.11095746179314238 -0.26943996469994624 -0.24123124631054588 0.28870554073163524
0.00023278136299684083 -0.17883978412537033 0.6334948109762406 -0.34059599083984926 0.5026546454027673 -1.029795007991838 -0.39811781005342184
0.00023278136299684083 0.5845340373654937 -0.07980719019996785 -0.05170011881789174 -0.16533596359999977 -1.191940340959838 0.22558838309710982
0.00023278136299684083 0.11681066366584368 0.3841596117607155 -0.05102941090144099 0.1579428058493358 -1.813185461670075 0.07551692271623238
0.00023278136299684083 -0.40927724461069603 0.7367847117738309 -0.04771988433539725 -0.8173938824839957 0.38332860795294477 -0.0017140258263039197
0.00023278136299684083 1.2615794578116772 0.9737699340204089 0.40935560813045857 -0.04180146557548274 0.4229286767621313 -0.003149530948664104
0.00023278136299684083 0.022986285932119765 -0.43373329435899105 1.1666620505667602 0.12148686076122756 -0.20846328431888048 0.03421711027770421
0.00023278136299684083 -0.40695729973962413 0.3305291663431549 -0.1198189996266803 0.48681823048841644 -0.9074990034993107 0.5045982704418778
0.00023278136299684083 0.22772192634880414 -0.35619423903725417 0.17305896595120557 -1.2694618704352703 -0.7517550551232766 -0.3821292723640802
0.00023278136299684083 -0.1862671145325501 0.23963283628371537 -0.10739104555374147 -1.148179323291626 0.43843108296229283 0.3295302844828775
0.00023278136299684083 -0.0046773213552362925 0.4052393395238429 -0.4193584484542799 0.0779630798336526 -1.1614888428103642 -0.22970359939325727
0.00023278136299684083 0.16044753648663226 1.20588174688623 0.006396385634509689 0.270813234920646 0.43789885501042886 0.3244043676675051
0.00023278136299684083 -0.4298995976326678 1.11829935664202 -0.16914871850305807 0.5526807944535733 -0.013623670312656377 0.3726977459991677
0.00023278136299684083 -0.19077298121439068 0.23768328154568502 -0.1640539022554101 -1.5947435003969903 -0.1163327849574813 -1.124356202746016
0.00023278136299684083 -0.1374508868388127 -0.04515037879789709 -0.08616078168387693 -1.906548732214678 1.796149855780384 1.680055414196876
0.00023278136299684083 -0.6943487457486286 -0.6599503930651186 0.37332178314735004 -0.1064529826511259 0.7264380073447442 0.34739804297506577
0.00023278136299684083 0.20663676562010005 1.0194201828086584 0.10895218623601464 -0.04667243883737123 -0.08320663172825297 0.4967088930074223
0.00023278136299684083 0.29774160538285627 0.7431895905263286 -1.1592336637204037 -0.011924306832568177 0.2092883199324049 -0.06373266399275786
0.00023278136299684083 -0.911964709626917 -0.8502916951822663 -1.053682849765293 -0.01502054732992892 -0.041057844256359374 0.24417921876079265
0.00023278136299684083 0.34365736307458405 0.5434443508348558 -0.25200088595613734 -0.36599572599248664 1.092539840017502 -0.1693812421869487
0.00023278136299684083 -0.6690859956252742 -0.26498886429870744 -0.49692514237790153 0.43266661970607073 -0.6215666222878934 -0.5181956620176624
0.00023278136299684083 0.7004693543547602 0.7453748585680382 0.07878903718795827 -0.27382380417406726 0.9378586068140281 -0.2581511556340836
0.00023278136299684083 -0.24024853709415114 0.24126463424357536 0.1557360924814409 1.1148971212170558 -1.0695504626904753 -0.01998847559321426
0.00023278136299684083 -0.2367676824668246 -0.16779171082499858 -0.21160538431023454 -0.2998675470696937 -0.22198181657194957 -0.27231348133796895
0.00023278136299684083 1.3097810456300174 0.3418869566517714 -0.6523549141936539 0.09368514986327424 0.33192284537194555 0.2455449398689671
