0 20 0
0.9311254519873633 -0.0006309111866216461 -0.0015023212608116655 0.00013249824945669962 0.0010328202572692324 0.001097629988918322 -6.058519248519111e-05
0.00023278136299684083 0.7878275023202975 -0.6216152432090087 0.07110564594984653 -0.8308750209576649 -0.27093826526443654 0.04556682172327542
0.00023278136299684083 0.21830438087384835 -0.6411061394158696 -0.1070074124933195 -0.34550102212755096 -1.1547096397031225 -0.12008869092040025
0.00023278136299684083 0.2720311943840031 0.7340168948366468 0.0185946383808561 -0.8407125614414735 0.6465060738133288 -0.08245809161202622
0.00023278136299684083 0.49412604236880026 0.13294301842841477 0.02570255232921457 0.3144884657843306 1.4635105107393023 -0.1129154304595069
0.00023278136299684083 -0.3576520261128495 1.1363741373105378 -0.05220267554889836 -0.36652025566211033 -0.31721791938797356 -0.03582634394521156
0.00023278136299684083 -0.4616801047842948 -0.3422461580110929 0.02772871033858622 0.8767450466277464 -0.9145887228791519 -0.054944813901545965
0.00023278136299684083 -0.3120302345992319 0.357892454812815 -0.040617031533062314 0.6708441166135758 1.5871861362082522 0.03544136203945024
0.00023278136299684083 -0.4317166141759238 0.4798434381009898 -0.050798710827256705 -0.40474446156457433 -0.7006556596471433 0.15293217140800996
0.00023278136299684083 1.3997519032904369 0.6815601365109301 -0.10355045470634343 0.09685162035453353 0.3954862044233321 -0.04731141047314587
0.00023278136299684083 0.1452330089704158 0.560207991012042 0.08598295332636785 -0.4370718534188865 0.9577483565182233 -0.10101478264973834
0.00023278136299684083 0.5451091852835784 0.19575725100622138 -0.025801269603038638 -0.7604264688092687 -0.6921188199717476 0.16874327930945285
0.00023278136299684083 -0.6989581704216876 0.48801472798080775 0.11419950420999417 -0.3422569029683813 -0.5885276905521996 0.21743282648352819
0.00023278136299684083 0.5360036184969286 0.543345380926136 0.09921893292939851 -0.8484117984086289 -0.8652187297801857 -0.162052374042378
0.00023278136299684083 0.22084460983564225 0.6434309535967705 -0.025864881688724927 -0.8329895230035608 -0.24982588706238898 0.14049672920141673
0.00023278136299684083 -0.9037196997595055 0.3023858894974616 -0.028915466668539662 -0.6814687006831627 0.04186453717869955 0.023257010150313163
0.00023278136299684083 0.528588290375497 0.46382756299633754 -0.1122785756600387 -0.3975690684223943 -1.0840608767920397 0.029529469737858263
0.00023278136299684083 -0.585559136060303 0.5147128747758408 -0.04617079151943544 -0.023842465471263355 -0.9241580607089487 0.08659032270663151
0.00023278136299684083 1.4442974548286365 0.4050613955559067 -0.32553978585070725 0.06388469467542454 -0.36903414731431217 -0.01626760243688798
0.00023278136299684083 -0.3171564586284459 -0.02512152346623409 -0.05377887919171722 0.9582951298063805 -1.351767355490774 0.0752303176216692
