0 20 0
0.9311254519873633 -0.0012768447613060272 -0.0019572645463507453 0.0005538459081808732 -1.1875713660209105e-05 0.0013880672188808928 -0.0002624579014840114
0.00023278136299684083 1.358941561322178 0.786942168737512 -0.4931928105160048 -0.3513955382609436 -0.3785360164763604 0.06002454391288459
0.00023278136299684083 -0.11306478796530033 -1.6402160683771583 -0.0674483069214556 -0.100731388250898 -0.09372028703623211 -0.09497891179266878
0.00023278136299684083 -0.5476514183607725 0.037845250361632145 -0.11389132629527739 -0.45194610853042155 0.8382008006430964 -0.2329628701321984
0.00023278136299684083 -0.6645542772355003 0.36110710006007624 -0.4285545894542186 0.3534167942560456 -0.9155762090082084 0.3598634850817254
0.00023278136299684083 -0.1795031059584311 0.9662192396619922 -0.03794031124643212 -0.6098864845410553 -0.4911578264292332 0.15603072376430957
0.00023278136299684083 -0.47950211640151186 0.6034399308813211 -0.09658382457036578 -0.23005209339238342 -1.0734616576602753 0.06329152226676821
0.00023278136299684083 1.2911461756931937 0.4093693388417255 -0.1028059721379155 -0.057001895964528954 0.3282813213620798 0.04951532791154728
0.00023278136299684083 -0.2755170597295902 0.7342191136295976 -0.3269749366448037 -0.24534410552068228 -0.6586685627889384 -0.03685562476631658
0.00023278136299684083 -0.0006183567568896954 1.1993886206972983 -0.33021498560264945 0.12912202754085467 -0.0685723406653522 0.002957645059521434
0.00023278136299684083 -0.0005829103693324692 0.6137049299162286 0.008298954856630882 -0.4478611670960954 0.737277279685378 -0.36020949848196715
0.00023278136299684083 -0.0960331574608871 -0.2960448962450323 0.07691744646469326 1.6240926130390707 -0.9952049170402836 0.400870719354874
0.00023278136299684083 -0.050594827226923655 0.3902751802824534 -0.006456113046026944 1.0613990262195214 -1.0133443767769965 0.6768112638351153
0.00023278136299684083 3.3887662195718633 1.1175154029399055 -0.3461786760674099 -0.11625862737273175 0.07180275872257355 -0.04059297594982428
0.00023278136299684083 0.5006940735476619 0.573064540860771 -0.1332526726716692 0.5596721062628396 0.9996753403740857 -0.24293080616046386
0.00023278136299684083 -0.7429117925025185 -0.18142509231090811 0.4222934435216219 -0.7534546015536262 0.3240118165812393 -0.03859970104540446
0.00023278136299684083 0.8163478389670681 1.4466447609522022 -0.2221330654547094 -0.29595383202215036 -0.08393022625451668 0.16143661013273475
0.00023278136299684083 -0.13670039701844408 0.17286679295045912 -0.007725137639869157 0.7031854608075263 -2.4290166953508527 0.366892226500588
0.00023278136299684083 0.9683364312811297 0.2670254813988293 -0.04536659275046951 -0.356833113692749 0.7457221979485977 -0.006882350529627956
0.00023278136299684083 0.070380951828421 0.2671163901672337 0.03582584345286386 -0.36666621728676047 -1.3960512753533805 -0.193849723025551
