0 25 0
0.9311254519873633 -0.0021616564054848996 -0.0017159849971188593 0.0002685443394134741 -5.251321335821321e-05 0.0017356080725305215 0.00013841065185473764
0.00023278136299684083 0.5104171295070776 0.49949867114672614 0.023328032265194296 1.0699619090483108 -0.12872912099632236 -0.1864292255999543
0.00023278136299684083 -0.10038148361530318 0.3138477543199746 -0.09506509980166968 0.05425447114105336 -1.827135208572973 0.31645265112476045
0.00023278136299684083 0.7255821933735482 0.8197988653487699 -0.09783440048732327 0.1808649848931879 -0.09580925447376623 -0.07186440458559275
0.00023278136299684083 1.1342112203201522 1.5312235005650214 -0.39491466294572597 0.13797354185002084 -0.14866334836211048 0.01415841185429845
0.00023278136299684083 -0.8022974523850525 -0.9376228749910512 0.32502907843100304 0.22163499395065317 0.3609605437841675 0.12138659649245175
0.00023278136299684083 1.2731523968301452 0.33530779096819235 -0.1158233610362256 -0.43983082220635916 -0.016513047081110534 0.015216562665172675
0.00023278136299684083 0.3079845440056233 -0.2067560396812158 0.07325754258016487 1.761060903132709 0.8737154292031475 0.27798983325354726
0.00023278136299684083 0.446375852591228 -0.0842296932224871 -0.014756956711624096 1.0771669301629534 -0.04957096633919377 -0.20806519520896957
0.00023278136299684083 0.2417939921586753 0.7958727039182566 -0.032881587582182736 -0.193248391329929 0.036616115695206744 0.043866606970757956
0.00023278136299684083 0.6796710057634783 -1.0083065028511367 0.04906502985769282 0.06062109122588816 0.05128800041176963 -0.00025787109821551185
0.00023278136299684083 -0.031628698630380814 -0.018777199589829163 -0.01721695260720854 -3.0039629214336365 -5.53878998447873 -2.697330776102285
0.00023278136299684083 -0.16889279078334984 0.37985632610683917 0.08324642023730298 -0.3218839966582605 -1.515200458076063 -0.10756799868962326
0.00023278136299684083 1.0673827778983909 1.0533607047970766 -0.1413413393380709 -0.1569672753063386 -0.545369471887079 -0.06161556590774796
0.00023278136299684083 0.5466427413056928 1.036256265384595 -0.14119962850539441 0.04105603786901871 -0.15424853853885756 0.14749682080610457
0.00023278136299684083 0.21657994676630096 1.099626233641925 -0.08449590110400551 -0.2678410569472238 -0.09163204917894224 0.02833840636603266
0.00023278136299684083 0.09520319126427894 0.18280476247807284 -0.1546851279557068 -0.3943036892656681 2.215338845908661 -0.9105911862045546
0.00023278136299684083 0.9912183164908308 -0.2249863012764459 0.10462411838974511 0.15043880762320233 -0.3231344128301016 0.3286387806163541
0.00023278136299684083 -0.07982770042812806 0.7243231436527757 -0.17654456655183934 -0.3298047109339031 -0.9281550430687807 0.06096797894837804
0.00023278136299684083 -0.7965392807050901 0.3268187338435339 0.03866049258217357 0.6156801867635758 -0.5050291877028376 0.012014524281184153
0.00023278136299684083 -0.025495949854401036 0.41751485842645286 -0.07585379660276248 1.490136107420544 0.850451593557869 0.11327647913421608
0.00023278136299684083 0.8927681193489734 0.05319241562268982 -0.1012291520887365 0.6918420589146551 -0.5203479582745472 0.12683770234127348
0.00023278136299684083 0.4684242022811168 -0.3035291909710971 -0.1590029214239194 -1.1053838991890326 -0.9076317726041722 0.0750743330479343
0.00023278136299684083 0.02465743910897006 -0.039176231078339854 -0.03344558914236305 -1.6397390334622963 2.3302611871724643 2.019062160848173
0.00023278136299684083 1.029623909327602 0.11802129191464732 0.06490297188758892 0.5103266261697285 -0.36510418338977596 -0.01069823277264635
