0 15 0
0.9311254519873633 -0.0004859696901537265 0.00032987306181516524 0.0003270749137757615 0.0004156968837864607 -0.000296412932536224 0.00028689370791155916
0.00023278136299684083 -1.6497229665095714 -0.17221490986925003 0.6595518478596364 -0.4866629814730001 -0.4162179559368827 0.2619451552486645
0.00023278136299684083 0.6943610322493843 -0.010456942140101101 -0.2507125079453831 0.1578659963316645 0.07457762622161987 0.294572492927477
0.00023278136299684083 0.17060069136629838 -1.0677039907231212 0.2553005116062016 -0.10892206777140892 -0.24738994732117386 -0.5880484682616677
0.00023278136299684083 0.31221718806312065 -0.6679008046338548 -0.3988423629764819 0.060969221529580155 -0.5845363620105336 0.509983787887474
0.00023278136299684083 0.2852435244437382 0.4604674765425172 0.11118919034094776 0.03196573732178167 0.45679799516696973 1.098185797515308
0.00023278136299684083 0.004172754937655994 -0.0995717282603427 0.06971910912707932 -0.15732068791448284 2.9503555509944692 -2.0475132803995906
0.00023278136299684083 1.2173755193924005 1.3678665360981297 -1.221018885493263 -0.24209474590539715 -0.1976764021778659 0.19122438491949165
0.00023278136299684083 0.49262601267400336 -0.6088712370647974 -0.14492876226939844 0.22804291046030953 -0.8924794638769272 -0.1773525786852219
0.00023278136299684083 0.3451345493379339 -0.15184769528031522 -0.17544201562833273 -1.4785993729517979 -0.49100908590468284 0.11933697437544173
0.00023278136299684083 0.43234158796200234 0.43535958919606377 -0.21878424311444603 0.9217978709054281 -0.7491242386232616 -0.18759803241864334
0.00023278136299684083 0.20610881092015865 -0.7485072482601063 -0.0826612373508742 -0.25040783200307964 0.31490900174328057 -0.6269100273921276
0.00023278136299684083 -0.20802594651106054 -0.782847714803055 -0.10387307978520519 -0.12302314032977027 -0.2881340261364627 0.0634690539221722
0.00023278136299684083 -0.510065642155255 -0.39456568930457553 0.19651317331688795 -0.4280570872107194 1.0825007191107432 0.15797143552720785
0.00023278136299684083 0.15151164444527077 1.1213021112608912 -0.004310392790421857 0.2116586438650461 0.1730783188956023 -0.21684152681222202
