0 10 0
0.9311254519873633 0.0007878283496337005 0.0005969521850701232 0.0001947745817183571 -0.0013389080882897013 0.0008617051846910094 0.0014514282977677224
0.00023278136299684083 -1.5278564248990336 -1.9458414502635866 0.055609378831882175 0.23253025326520105 0.5199334643583697 -0.026477196702216904
0.00023278136299684083 0.08866758382171043 -0.41094230868778325 0.03255143392135815 1.8530778148653384 0.0386982416016222 0.24632934426425176
0.00023278136299684083 -0.32044755773276373 0.07241129164284744 -0.20961923446452857 1.6002928543040156 -0.10769749782267084 0.29656008693029573
0.00023278136299684083 -1.89991759196516 -0.0483669425963199 -0.31681264956914673 0.10966831937425917 -0.3565290988740195 0.07614472313011539
0.00023278136299684083 1.2666155694151062 0.4124510432140879 -0.37294778933414724 0.4496262740657871 0.5129523335599002 -0.16399434137297395
0.00023278136299684083 0.0004305954555292288 0.0006779398283033053 0.0006378330854982987 0.27928324322153436 -7.070633275461277 -6.068688946618378
0.00023278136299684083 -0.10239287715376384 0.19914452309982425 -0.03534917883924693 -0.40694041419735366 2.6009693246077563 -0.3704443867054601
0.00023278136299684083 0.5327686944140464 -0.38761277272014727 0.07972786217554854 0.5347039622222698 1.03214129465195 0.12841323522005646
0.00023278136299684083 -1.1891813898866272 -0.2797300637983357 -0.012895982680701244 0.7033900460377516 -0.6166555253856723 0.07644429078342303
