0 10 0
0.9311254519873633 4.508118642022035e-05 -0.0007020599542817887 0.00012371427350319993 0.0009353625818849399 0.00022144654503044857 -0.0004807901291502483
0.00023278136299684083 -0.7369740876524945 -1.7905070674613313 -0.012435116422080039 -0.24884859195806458 -0.2665050563897313 0.01874773157452342
0.00023278136299684083 -0.5865664632420381 -0.028833020984944654 -0.07981765132651186 1.0047177352387244 -0.8973774802559998 0.14346953592321582
0.00023278136299684083 -0.5215961960125688 0.3345985128739095 0.053500282654967424 -0.18822447096708936 -0.7549259456504048 -0.177605630398082
0.00023278136299684083 0.6998495400968516 0.40699199888813636 0.08454302101938134 -0.6120429394833975 0.8413482702669949 -0.13255915883815475
0.00023278136299684083 1.0512775045629228 1.4765211341702074 -0.3061514042370155 0.20626499354630287 -0.22853796314120114 -0.020390242767880918
0.00023278136299684083 0.5451010143114255 0.7764707784865288 -0.08178271198693818 -0.10811769643824021 1.1772429109825693 -0.06528120202450764
0.00023278136299684083 0.10202311369505275 0.006948988897004277 -0.0704126391766893 -2.962607020383117 -0.22699510527265593 2.020392368530775
0.00023278136299684083 -0.23770774593543384 1.2226255020452936 -0.12614967653624654 -0.43160174451962324 0.10409516767131834 -0.12196560097166952
0.00023278136299684083 -0.49573142550702476 0.4034229902139215 0.043848801998313876 -0.40099059257525344 -0.6341309783326837 0.2583527155727742
