0 25 0
0.9311254519873633 1.2182543688917693e-05 -0.0012917635066804925 0.0005252258225106935 -0.0003428544745820953 -0.00016844370234661823 7.198718520429334e-05
0.00023278136299684083 0.14570784446238239 -0.22257529692753442 -0.3158333750164987 -1.273153441128441 -0.7738056396961854 0.806677528407694
0.00023278136299684083 0.0549077117721488 0.8990370673264102 0.3000609243765388 0.6181746884300999 -0.4515418411333562 -0.32277886214847795
0.00023278136299684083 -0.17763018389286533 -0.4878445956310844 0.06770899510942961 -1.2796249080800866 0.17767194140827997 0.4693009522146242
0.00023278136299684083 0.14206488891297264 -0.6773067855956798 -0.11627439446021329 1.1552886052854638 0.08696098145829624 0.020613724475423107
0.00023278136299684083 -0.9832019534189002 0.2942037638841706 -0.6760598685022858 0.2540899349818657 -0.18083098978585702 0.4635624733292165
0.00023278136299684083 0.24584939287797175 -0.23144108594650525 -0.20795653796908828 -1.7487540246908908 -0.6021815894638202 -0.3366810113480022
0.00023278136299684083 0.5088333434066291 0.3164018566290966 -0.06062189214877929 -0.6913002295609334 0.9368894726705636 0.47646186142638536
0.00023278136299684083 0.11197839275862709 0.4445028497997781 0.17546272822892522 -1.2687580843305044 0.7937059740919699 -0.3260093724893473
0.00023278136299684083 -0.07048976948613765 0.5649056817794862 -0.26194270687170057 -0.027771160922582697 -0.43277112495911463 -0.4707654271752899
0.00023278136299684083 -0.4624356666678906 0.5742386107970603 0.42644887709400947 -0.5926663555399194 -0.3494625927310282 0.3222762726704013
0.00023278136299684083 -0.828714781971545 -1.0991558103875243 -0.11794795072937266 0.4159180118071602 0.1926709638129748 0.00524564034548306
0.00023278136299684083 0.8004186373278652 0.45983279660218795 -0.35505611503863865 0.6105561607994334 0.4406071152405835 -0.19874196611353417
0.00023278136299684083 0.8089202878771393 1.0492993099809482 0.15213530458412852 0.5359062361891685 -0.4352216660811605 -0.10465979516371988
0.00023278136299684083 0.34050110690635077 -0.04966144400343953 0.04547330776096186 1.824867516805874 0.42879544596173685 -0.1849380442084814
0.00023278136299684083 0.367788754927606 0.32461735184531015 -0.10828513017891031 0.9943574263961821 -0.4500140835854118 -0.34733258284795787
0.00023278136299684083 -1.2953801336764277 0.2188619469958481 -0.41262915443784665 0.057287354465537045 0.30808753944093387 0.11696130900424653
0.00023278136299684083 -0.898185249711827 -0.01216851829965418 0.4338501425389096 -0.5611686218067337 -0.78677184223897 0.18258989998624284
0.00023278136299684083 0.6647240989440849 0.1507280473476324 -0.22836213477351017 0.5699144639452107 -0.587397593798968 -0.2572302998293013
0.00023278136299684083 -1.0507527494675808 0.2940118597049571 0.047484650038458066 0.7245575602854095 0.2908494506454325 -0.38691521123910305
0.00023278136299684083 0.6309178890927823 1.6129429762249112 -0.2748481682039678 0.2500367095281453 -0.1242076535498515 -0.11801932999262114
0.00023278136299684083 0.23839135695577343 0.6041329256407507 -0.0016414650102056707 0.17053381604100204 0.5377761753573407 0.05809678953172984
0.00023278136299684083 0.6780390718997732 0.03639928907798419 -0.2474091658920626 -0.7734330908281981 0.3996622994254433 0.3501909517954911
0.00023278136299684083 0.18541564041340763 -0.5088177069550476 -0.14561733923712314 0.6735894571730803 0.31147788639988616 -0.5103123322542522
0.00023278136299684083 -0.20639810500359612 0.6119089368278854 -0.21904282130390615 0.7329698730830333 0.9428261804967528 0.0044580908059772785
