0 10 0
0.9311254519873633 0.00023106284047699286 0.00024340283274452366 0.00011648770159054602 -0.00016063903035194935 -0.00014453236098552568 -9.099174535774144e-05
0.00023278136299684083 -0.8749983763905107 -1.997439273657517 -0.03186059590565396 -0.26529139422176223 -0.29396969738809225 0.014982940493822991
0.00023278136299684083 0.4904913890589392 0.011394939971211406 -0.04373774492949874 0.9177677947459186 1.3869476008526471 -0.21985071786078839
0.00023278136299684083 -0.3427480886709615 -0.22429156038398446 -0.21779352082484174 1.4084585135884644 -0.5541198204691753 0.3496869540156533
0.00023278136299684083 0.6626234384429385 -0.1805159202244827 0.04897652363209771 0.3414341003254977 1.2163473261121296 -0.06924277332164253
0.00023278136299684083 0.38346898247901284 -0.040355443513395206 -0.024718624686300445 -1.6434778091845805 -0.9775480478254457 0.1995722157133201
0.00023278136299684083 0.006876685221983149 0.5645033360883023 -0.1000350156856608 -0.6129072714738066 1.0532187416966325 -0.2923327983465167
0.00023278136299684083 0.33347736328644667 -0.038173826905614 0.1847016024761776 0.024887281778616027 -0.01071733873841414 0.019036962025205977
0.00023278136299684083 -0.8625904070862896 1.0038002658559793 -0.15701805088443188 -0.22081253746466914 -0.26345024035199477 0.09398917074855755
0.00023278136299684083 -0.7208523482485087 -0.07253384820678314 -0.12446537955404569 0.6924974433141221 -0.9785790799461858 0.2681250279633533
