0 30 0
0.9311254519873633 -0.0009106102567445236 -0.002447636679871419 9.164851041750849e-05 0.0025480054297405664 -0.000604117882663685 -9.454532114959744e-05
0.00023278136299684083 -0.8349507197809573 -1.2895050115018747 -0.4070535750098785 -0.28919360558910556 -0.4003746857981372 0.022413166013803783
0.00023278136299684083 -0.013574208786177577 0.8353935923881517 -0.1444263880552716 0.15552626446639306 0.8055166406629151 -0.036973220318848775
0.00023278136299684083 -0.14048134457638833 0.32541092471480443 -0.09345577582395723 -0.3852802388239256 -1.5747978529221986 0.22881172583791137
0.00023278136299684083 0.44954996583181234 1.1533807878776163 0.027980093336186024 -0.46884174350596747 -0.3765571933414453 0.012297238941381699
0.00023278136299684083 0.5819158325346696 0.4773025790680332 0.0617566262285837 0.06172194961642084 1.2504305417365202 0.009419031200905925
0.00023278136299684083 -0.7073660921276267 1.1997465930058095 -0.32975326301927005 -0.051963897749189115 -0.7372851960297115 0.1370635020044351
0.00023278136299684083 0.26680988523427196 -0.9190614706926429 -0.003439874956883488 -0.28271409173560985 -0.11383073460630644 0.20188365354733506
0.00023278136299684083 -0.00378112718149164 1.326217840099471 0.009080590392696824 -0.29584101908181715 0.012224949490180135 0.02260421832590776
0.00023278136299684083 -0.10358607554198937 0.6166453127473203 0.1083944131620928 0.3663650503778179 -0.8994415926761715 -0.09406493998283413
0.00023278136299684083 0.4202847975899007 0.2083233321642473 0.14152769147255626 1.2360720413889408 0.49735028009982657 0.16825519864546096
0.00023278136299684083 0.6877972377388762 -0.29658290406009175 0.05065516800048127 -1.0785097564184913 0.14725843325859053 0.03776933636065927
0.00023278136299684083 0.40272178762888555 0.7380323493867492 -0.09411976154527757 -0.49194784309995554 -0.033884459267862266 -0.010299922169141327
0.00023278136299684083 1.3215474770393532 1.0364987443273546 -0.21817449499470312 0.2791227658160469 -0.33374408449536175 0.009582763334151374
0.00023278136299684083 0.41620556608888865 0.5375519442656125 0.0602424039510791 -0.5523450870021065 0.45036170836510997 0.0006924716246175854
0.00023278136299684083 0.6679864731702411 1.0838464873682003 0.03379337532002453 0.14533394287387155 0.460673780401781 -0.04742491549495019
0.00023278136299684083 0.07882288542103591 -0.11275466790539572 -0.03248915167072626 -2.939174969527105 1.703169658762244 0.3461108562539084
0.00023278136299684083 -0.05663344068047077 0.7382155470060571 0.04193608173876961 0.6582331591274387 0.6961681552208688 -0.127656314102563
0.00023278136299684083 0.6184219427509206 0.8704131710621263 -0.19161315542135496 0.05762276556284027 0.23073802134224553 0.03762637185486474
0.00023278136299684083 -0.9803045472948697 -0.41264858311104186 0.5911735291474611 -0.38799782550651696 -0.4831768283781947 -0.027862953049312657
0.00023278136299684083 -0.44265758999527416 -1.257577361853076 -0.06753811983467162 -0.16948917950514208 0.3435242073430479 0.11278628277284675
0.00023278136299684083 0.28906346261500765 0.0831139096146696 -0.030596120500640547 -1.9409752582416524 -0.07187615327420646 0.4275117968801451
0.00023278136299684083 -0.6848448250961381 0.6230813435339821 0.29542858328768345 -0.1712850827571205 0.39995488530199225 0.04755664681743329
0.00023278136299684083 0.2639071357632913 -0.2623258832583736 0.1261044054959646 0.296905373825838 -1.8896702319660383 0.26187650822026487
0.00023278136299684083 0.8138960309513564 0.7349091656012184 -0.07249194124937725 0.05000427401132767 0.6474503640492958 -0.1037568949382307
0.00023278136299684083 0.840035052507755 0.872593136707545 -0.11206879434564342 0.36628748059956195 0.10014865203053752 0.17669567038140002
0.00023278136299684083 -0.49508206559069995 0.5602428322035397 -0.15119444199008672 0.3346425076912037 -1.1056891767601174 0.10532015388076849
0.00023278136299684083 -0.24656083197812884 0.08538555668994945 0.07826262090729436 -0.8870749712769695 0.304181244282372 0.28489578550461975
0.00023278136299684083 0.30389922534014774 0.21333807176341932 0.005332871381707763 -1.6310400610932314 -0.9448307675091946 0.015714373442680785
0.00023278136299684083 -0.07060086259625353 0.021359380273102267 -0.04984763707487722 -2.1761846634060693 3.332478965332154 -1.8406663071912313
