0 35 0
0.9311254519873633 -0.002125525777815684 -0.0028040222663818534 -0.0007537326583923039 -0.0011876310098131676 0.0009103760109358623 0.00014103300525514445
0.00023278136299684083 -0.3322470945997366 0.6780122499425307 -0.004879036451627033 0.6381762082141829 0.8179114526809375 0.26338424502848956
0.00023278136299684083 -0.3082429706055881 0.27117381921912015 0.06079959457763354 0.9400473721490828 -0.834035602427873 -0.17922577142744503
0.00023278136299684083 0.6396695845660454 0.5328855422390325 -0.1499880361686648 0.47942606938414156 -0.10175598655037849 -0.023571048418287294
0.00023278136299684083 0.5968510216433556 0.3627531402756977 0.011844848721728068 -0.0826779170658704 -0.9239226924442059 -0.2248014556016336
0.00023278136299684083 1.5256678955782565 1.1788173601963055 0.2926257023466379 0.08139260662450899 0.08498579807629736 0.07690644231905579
0.00023278136299684083 0.07826040244340532 -0.43935051491662785 -0.12580702009806527 -0.4667843385474864 -1.3308906698960103 -0.030601391081682132
0.00023278136299684083 -0.6501297921337084 0.6686363372722371 0.38781819292575426 -0.3215326155038369 -0.6150043689771493 -0.13840877147502903
0.00023278136299684083 -0.0864781825465011 0.8191602521787343 0.0969872409144547 -0.3510656340474773 0.5301616119887668 0.1807898513510087
0.00023278136299684083 0.5844972257374942 1.9319471739161738 0.4710326042706324 -0.23626238508910008 -0.11405709690731478 0.07762116226965574
0.00023278136299684083 -0.4674099543583399 0.4068669391244723 0.12188941365461471 0.19863189689779573 -0.9007341058424243 0.029757025214202194
0.00023278136299684083 0.6886802540312132 -0.45024467068097473 0.11333495583551918 1.003579503541483 -0.30060903280172097 0.007253536555063509
0.00023278136299684083 -0.28043527707894644 0.615434351800338 0.20627738694249592 -0.1657433769361288 -0.47829120761948873 0.07386338889079005
0.00023278136299684083 0.6448940701826685 -1.6841248987315158 -0.36633393698712596 -0.14775273149519097 -0.07911347298765213 0.1088558791095348
0.00023278136299684083 0.58909505390546 1.1212494126180066 -0.06871239716031678 -0.3719043951186448 0.28052421906929054 0.15554539681921378
0.00023278136299684083 -0.1772626861796967 -0.4251869767089607 -0.05023710324482131 -1.2904240353959584 0.85305691845267 0.6159998016584002
0.00023278136299684083 0.1355691784692687 -0.3931533408061563 -0.10369794793555048 1.7025785388834394 -0.12914364473370235 -0.05103340830204521
0.00023278136299684083 0.711825877490834 -0.2741837401828044 -0.14538676569711478 0.9117224771624722 0.668242257293287 -0.10991220559356892
0.00023278136299684083 0.8572405477688179 0.03223166688429294 -0.049022073699399434 -0.7346073271756706 -0.38975304993214 0.07398121660547034
0.00023278136299684083 -0.28748622066340684 0.25324034859719924 0.0283225013987768 0.820395191942202 -1.0273551526807274 -0.5516795450976634
0.00023278136299684083 0.7093137741546481 0.5862279737185151 0.34948002106012765 -0.8183562606296677 -0.3280851652889957 -0.11934159950268687
0.00023278136299684083 0.8310766739647142 0.11516217244746493 0.024557649333647433 0.2570423355172399 -0.20860692400663877 -0.00819762355607407
0.00023278136299684083 0.5606648375204863 0.8927603645312262 0.04768948056544439 0.6329539029575305 0.5087432904783089 -0.04028265782001015
0.00023278136299684083 0.7154061034464031 0.33540235981316086 0.1612984565850153 -0.39088298314037234 0.9040265155953473 0.14952332792053166
0.00023278136299684083 -1.059044960201772 0.19810203816938327 0.018441409198863914 0.7508111562664976 -0.005970376448594525 0.013860038140714879
0.00023278136299684083 0.1563597141467313 -1.330589389773746 0.5472214824787386 -0.14323192978200652 -0.3561022286211952 -0.0019874602733327283
0.00023278136299684083 0.7825243053344167 1.1313268103993397 -0.059862037688103824 -0.3787917240186678 0.04658922745145922 0.06083208715581512
0.00023278136299684083 -0.24730400168312533 0.745907365773499 0.32672432353122904 -0.2156641818955834 0.7140451547161305 0.05483341805246489
0.00023278136299684083 -0.3251068923306753 0.1877237392443873 0.050451702544499086 0.4208395167129872 -1.9356189525462102 -0.15741605857406438
0.00023278136299684083 0.6567195411917006 -0.3546357701871399 0.001397323989339169 -0.3001885009715596 0.8551433200608125 -0.2980416596458265
0.00023278136299684083 -0.4014436669785716 -0.5218186488108381 0.006591425816138632 0.8478211329937931 -0.8706686989678539 -0.28339090873803807
0.00023278136299684083 0.7195840343103617 1.7411113224603758 0.2457847246911216 0.32015245707069534 0.5804510379516221 0.035184371460314154
0.00023278136299684083 -0.5282841766567642 0.5403308302493605 0.39656444165451893 0.8091612749851108 -0.18030032141047528 -0.10257736732428405
0.00023278136299684083 0.6551620218331128 0.05482183908327466 -0.09021098864113895 0.6521029531605324 0.3910867595869626 -0.16963686011432133
0.00023278136299684083 0.8139168695533648 1.6880916061731723 0.2619330943042608 -0.3004402183978079 0.23354714394540022 -0.052217417025310554
