0 35 0
0.9311254519873633 -0.002398451127913934 -0.0017526135158561244 -0.0004959453505303751 -0.0013800663352994842 -0.001614588143762032 -0.00038068480405646236
0.00023278136299684083 0.9116846040076371 -0.8820794435757408 0.17856753299764783 -0.5668871627683613 -0.28536934123138225 -0.06859223304696217
0.00023278136299684083 0.10104819353387583 -0.08431937244836527 0.03392550264360888 2.825755837390104 1.5699298661670158 0.6412669707912403
0.00023278136299684083 0.0450878137081221 0.43601081685532156 0.16585464712383416 1.1101562393137425 0.30456180144280703 0.03050657126370498
0.00023278136299684083 0.4151420090279953 0.7328949944695347 0.15820564372269189 0.7767257627481126 -0.23948376402260954 -0.12117035140655998
0.00023278136299684083 1.2443951598287672 0.9513224802470149 0.10661648488619002 -0.48709896628237737 -0.47037471503633965 -0.10263667154634613
0.00023278136299684083 -1.104966422371241 -0.36090422222691976 0.1454546399144989 0.3872289455183867 -0.07672191290393547 -0.08495570583215156
0.00023278136299684083 1.5181287145262385 0.34773846820527415 0.014394817637246786 0.2877736434860313 0.42597558486753856 0.026058975740735447
0.00023278136299684083 0.8203873897863629 -0.6023165462316622 -0.059617363667023006 0.8113834945767687 0.34851927080941747 -0.03622955803006826
0.00023278136299684083 -0.20711422811495683 0.670849130913254 0.03854466107524033 -0.8509029733795274 0.22320813138895745 0.06772550918851165
0.00023278136299684083 0.03450733669041737 0.768584791445919 -0.07259893967843642 -0.851357610304193 0.5962561649525892 -0.07583680034862644
0.00023278136299684083 0.939270651814696 -0.7583055243969734 0.12166189805613882 -0.2426932087360241 -0.30484026772240586 0.08899987692481767
0.00023278136299684083 -0.33322047376687103 -0.005409585557954115 0.1068902521126153 0.7739698437446423 -1.5061266636856727 -0.10155158342610467
0.00023278136299684083 -0.9490037752542113 -1.8395557495025314 -0.011182622290772139 -0.10807937343878563 0.06362790983551464 0.004128261317162374
0.00023278136299684083 0.22706105643488944 0.2579108555945988 -0.04400469126166599 -0.9603613276346423 1.5223600860786954 -0.14029940810214633
0.00023278136299684083 0.7211064869601387 -0.11150398175141905 0.05983526367297249 -0.19930987300092634 -0.6216208957885491 -0.09638389397602759
0.00023278136299684083 0.6456484712181232 0.609132249337694 0.0995778955717652 -0.3362799172557311 0.9566848116428204 0.09195961074100534
0.00023278136299684083 1.0511734856691795 0.8317075527330337 0.00014319472489193532 -0.2290515594045798 0.6751730013867865 -0.039662064644534645
0.00023278136299684083 0.5861512300585576 0.3476058044869348 -0.05534923016542364 0.18327995377101333 -0.969518199992694 0.09882514917610173
0.00023278136299684083 0.3211381827282395 0.49267270916153805 0.144501347618068 -0.8732755456106476 1.0148925489939506 0.05639044238528811
0.00023278136299684083 0.6809605275512663 0.0463003643023313 0.1479503698254145 -0.21846585660493545 -0.8753379715185899 0.23056139105967322
0.00023278136299684083 0.44803398233927827 0.44640277647751314 0.02692855622647252 1.1383329362136445 -0.2624890297618896 -0.12333121304629863
0.00023278136299684083 0.47987819356245653 0.44505394996564535 -0.041695141563042076 0.49278439941264984 -0.781130652601614 -0.1026095503086988
0.00023278136299684083 0.6149090814010255 0.4466622617544604 0.021414638578746183 -0.2678468831784624 0.6239891007999135 0.07176768250528527
0.00023278136299684083 -0.05260358912021776 -0.13822163594367154 -0.06369131033332807 0.9350456393172206 2.5039806643771327 1.16936775987086
0.00023278136299684083 -0.15100523183686065 -0.018110904741773168 -0.05645607595492613 2.397415008571589 2.0522702039967142 0.5982769537820657
0.00023278136299684083 -0.14392815458900038 -0.5602279347947381 -0.060296945388887475 1.3689769343137732 -0.3845796402892651 -0.35121188599513087
0.00023278136299684083 -0.9943173400569287 0.841506170329114 0.24581998242061737 0.05814342552273547 -0.6761588166088857 -0.15826388358735138
0.00023278136299684083 -1.3327659950705633 0.6612621218163499 0.12564958425364472 0.06267073072223948 -0.6957224425820152 -0.050623522066727336
0.00023278136299684083 0.02459468674911549 -0.3219793704642662 0.04018723936574399 -1.373037062390467 1.4513651976170259 -0.36279462135287904
0.00023278136299684083 0.615889365660604 0.008704097001337136 0.03319678033443567 0.7318555612567018 0.1652211807363349 0.24811382796824055
0.00023278136299684083 1.1823898606606469 1.358346658139381 0.09970966910261723 -0.28208998138914376 -0.43364955396761284 -0.03240276313368389
0.00023278136299684083 0.09507141148192663 0.7176672398570441 0.10897434757599378 -0.5780997560401452 1.0326189156237895 0.07211104214094001
0.00023278136299684083 0.9713001054351484 0.5566977651454172 0.26739060966849293 0.45823066744184626 -0.6031038343045548 0.06615447399834345
0.00023278136299684083 0.16777172100087517 0.7183550768205639 -0.042721836684568 -0.854626624704317 0.11394583634914289 0.009080427222171122
