0 25 0
0.9311254519873633 -0.0013345255407738173 -0.0017030932063533376 6.933514827369572e-05 0.0011934322287674637 0.00025008724979562247 -0.0003914144894626934
0.00023278136299684083 0.8301657730886183 0.21330662150352067 -0.016218183515912418 0.5653017869164816 -0.6847588791051744 0.21352138488535563
0.00023278136299684083 -0.12304834493263901 0.7827982104809001 -0.008598092281382294 -0.6210597334781849 -0.03953828930983227 0.08803593633323466
0.00023278136299684083 0.3820547608191624 0.12101662883362722 -0.01808161114400575 -1.622413019934353 -0.519178858322212 0.08117545312811565
0.00023278136299684083 0.8621736973853383 0.9751993772106287 0.18791450424195535 0.21053097400314066 0.10312977705703101 -0.0053090689270500705
0.00023278136299684083 -0.2255063468213755 -0.4877350963792498 -0.1997938933101554 -0.7909983258152543 -1.1602886341241694 -0.021219811654224076
0.00023278136299684083 0.8540719496990966 0.4429208462768967 0.05625028371548986 -0.6322389914324189 -0.06756950726052455 0.01109599864141713
0.00023278136299684083 -0.3897595174022118 1.0947282712099884 0.012362649090724336 -0.38888919756699236 -0.7286520573238038 -0.004702351062512091
0.00023278136299684083 -0.06034870702223798 0.10256344323587997 0.031167408745255906 2.1456144488092295 2.6495341331298548 1.2559935273920066
0.00023278136299684083 0.06428340387132159 0.6335485341510956 -0.1321566786277223 -0.6701977370878756 -1.0095616059881094 0.03234830930291266
0.00023278136299684083 0.6399197012968726 -0.8073822892783286 0.1079556989365011 -0.07167261977400706 -0.42966111331572715 0.028705402322026386
0.00023278136299684083 -0.5254910791903364 -0.6598807689422508 -0.014748436724266085 -0.6373987083154072 -0.7928578772271277 0.04080945868899576
0.00023278136299684083 0.1653873143955855 0.43162692322936436 -0.049468733240364174 -0.6671982714602698 0.8971227075821688 -0.2754676148062552
0.00023278136299684083 0.6652447913702799 0.9422601404418516 0.0653519933198814 0.6976539150916826 0.32702318223028537 0.05875589914146698
0.00023278136299684083 -0.2685929829881763 0.6178500796094037 0.08311997368782281 0.2665694260656987 1.2427284499871816 -0.0031480238766845685
0.00023278136299684083 -0.008381061348015036 0.6824851900040084 0.04070259198425043 -0.7183313713223712 -0.3760444281821567 0.019794342264532156
0.00023278136299684083 -0.5079128237601053 0.6360924511558421 -0.23095340384012591 -0.8644481989467772 0.2603213831653091 0.006831171540934895
0.00023278136299684083 -0.1192928906874206 -0.35114054367503256 0.04897939126333803 -0.7281495626919332 1.8054960926286898 -0.18234210160042733
0.00023278136299684083 0.7925986475486552 1.146281776277921 0.12349840765062235 0.07136713917528628 0.6072323778538772 -0.008475704460692679
0.00023278136299684083 -1.0024765294554725 0.17580513826147764 -0.031152388500278107 0.48412138576025826 -0.511978640556061 0.005769099721944287
0.00023278136299684083 0.9790438497183059 0.3028411129244848 -0.24117185440159922 0.29509161561277925 -0.48997858694609014 0.3004399403675309
0.00023278136299684083 0.44908041540699134 -0.3917180748492215 -0.00903958041106954 -0.4939541924300459 -0.47823338992168923 0.09880511899222343
0.00023278136299684083 0.574972727736366 0.4557035815304049 -0.14509911543777745 -0.8518292805468644 -0.13164175430730563 -0.22467456591901694
0.00023278136299684083 0.42208419679698667 0.30672263667451016 0.024912612818786737 0.6648444643456232 -0.9188127624268838 0.09331239832635271
0.00023278136299684083 0.8878312175685742 -0.5535213644745556 0.03692586288525454 -0.41604486004728664 -0.554180718500025 -0.04439624089141323
