0 30 0
0.9311254519873633 -0.0019888441341366168 -0.0028417905029239146 0.0003610473006272035 -8.251156577881977e-05 0.0016026455343841266 0.00022071480631849204
0.00023278136299684083 -0.30159103570558393 -0.42784620532337136 0.00668781069895882 -0.9750719624772474 -1.400067097931119 0.04362652727055818
0.00023278136299684083 0.11064858340882411 0.6423742985216171 -0.03344717745958851 -0.6265629601730831 0.12356875501584241 0.08071813729483918
0.00023278136299684083 0.6227907959759282 0.6333395207589081 -0.08298466414114666 -0.478674764215066 0.15692547280931465 -0.07211304610981946
0.00023278136299684083 0.6314527044263681 0.8091877899569832 -0.05924587438292304 -0.28605829402046457 -0.03690054757855139 -0.008494452486527266
0.00023278136299684083 0.3445795106319756 -0.3323752878848254 0.015673909490695723 1.2618238316911812 1.1281575878203853 -0.06264932430248363
0.00023278136299684083 0.022957458527364614 1.1890029743446455 -0.07308334589333493 -0.18487371763975546 0.20952700317330245 -0.06454066237779604
0.00023278136299684083 -0.04361476054743461 0.09877922560592715 0.0037355136885415564 2.954948024969978 1.1097062123729453 -2.307303044920648
0.00023278136299684083 0.08584743079588464 0.24362609262789967 -0.0173959942091328 -0.01744946348251671 2.2807235786037205 -0.02894216552484067
0.00023278136299684083 -0.24625263093658664 1.0263179180121127 -0.01726676693906206 -0.32686102972522196 0.22614431293855952 -0.010044146474523088
0.00023278136299684083 0.7089117206635878 0.28892902321454983 0.03141417231925521 -1.0196848171337012 -0.44489402856255295 0.05969495784216282
0.00023278136299684083 0.8906329862978432 -0.8396050417509138 0.09672231332190298 -0.359631659312355 -0.2748984400518138 0.057258036243016876
0.00023278136299684083 0.41453439727693997 0.27631183277825716 0.018695578328579748 -0.6952016763317402 -0.6696048834917868 0.11918930264754966
0.00023278136299684083 0.9270415514359988 0.6314873316301745 -0.15049814262274622 0.29320303564359174 -0.4505549567464978 0.22542552617151754
0.00023278136299684083 0.9752098017964848 0.5880707460311954 -0.044199401472306235 0.3256316233845971 0.23552630258257085 -0.038598496928709036
0.00023278136299684083 0.6594884341787648 0.9564976907188587 -0.058607028312514034 0.3031613170971181 0.45740471276493266 0.06716560336791023
0.00023278136299684083 0.6053424581591572 -0.1992896531304337 -0.20233530152384466 -0.9249177226280587 -0.12759230666197152 0.08238614724763567
0.00023278136299684083 0.46852461851397925 0.9634223584307466 -0.39652902091235204 0.05193051110236819 -0.5200063935470213 -0.03628715660311084
0.00023278136299684083 0.10763564298107271 0.25382415964403476 0.028814826324105 -0.8901205867629564 -2.1024174284264396 -0.22459827624247322
0.00023278136299684083 -0.9471758638667175 -0.6661681219580998 0.16709224670684822 -0.05464115459227733 -0.3407848094597345 -0.008839686097334983
0.00023278136299684083 0.09717383590074867 -0.21582583056305768 0.06971792758749618 -0.15147879605711928 -2.562362943227355 0.19445601907164228
0.00023278136299684083 0.5074824614673195 0.040303948451219186 0.1288202216641737 0.992842010391396 -0.6038495108272379 0.15322930063282772
0.00023278136299684083 -0.7195673868880894 0.6111233942878035 -0.008602564923521057 -0.1826149237187304 -0.016995108697334553 0.044112951486939424
0.00023278136299684083 0.15416582370463927 0.048485315197252625 0.03269540726674499 2.342851372043057 -2.0646316501408806 0.5277440141087582
0.00023278136299684083 0.15467640697829785 0.6769909183650286 -0.13777344914489145 -0.85224823145419 -0.7001049896649625 0.14565201931110397
0.00023278136299684083 0.6949497739035152 -0.0972608667575422 -0.19252178330346598 -0.3351178499491968 -0.5887688593026269 0.05687314993030896
0.00023278136299684083 -0.672100637583094 2.6235729161841927 -0.4157852812528646 -0.1392132247180046 -0.20771575684224589 0.005672217894309507
0.00023278136299684083 0.8417758821914348 0.14355169918780558 0.06000780308202482 0.28385774014226667 0.9447965661955452 0.049502360339359036
0.00023278136299684083 0.8633607990926403 0.35594481784065485 -0.04851002152232868 0.2627244996858916 0.14764758559739846 0.07819800643639015
0.00023278136299684083 -0.0035042262352212574 1.0443890472731419 -0.16548111497213525 -0.24250486864448903 -0.31856051625091186 -0.011353044502531212
