0 15 0
0.9311254519873633 -0.00125958905937628 3.167517897083603e-05 0.00016124554381341543 0.0010557669623045115 -0.001145599246556249 0.0003991059513526755
0.00023278136299684083 -0.8635675653291885 -0.0421528135761628 0.9637983731080557 -0.28033669741898 0.42582538930865693 -0.1545571026210167
0.00023278136299684083 -0.002941735107409462 0.0016379555943860013 0.004505847258056513 0.22139577682512027 -0.0046746158459890115 -1.7569996198779183
0.00023278136299684083 -0.3439305681566942 0.8095965873204096 1.2495003776736486 -0.051574031388371314 0.27383764556343887 0.022037097665782168
0.00023278136299684083 -0.01886555633189164 -0.05477900813651121 -0.07008473925742592 -3.1959419719452327 0.47495790037714425 2.2917245121016045
0.00023278136299684083 1.469219577702483 1.1538840252356934 -1.4891037063842303 0.23784085641606853 -0.15637980008532404 -0.11987275468641234
0.00023278136299684083 -0.08933271757274504 0.20955090216611588 0.055955589835495076 1.4610385844770237 1.8467134311867341 0.4550599072869837
0.00023278136299684083 4.135838874418254 -3.7378354710609463 0.5686132043586337 -0.06979086359609024 0.2586887587558652 -0.11043564262520743
0.00023278136299684083 -1.4493152858404834 3.1180774171476116 -0.2202697284256835 0.3560435014292276 -0.46706798842442415 0.020130093077892194
0.00023278136299684083 0.662577175127103 -0.6177972543403054 -0.7781726231524614 0.36212570926872073 -0.22062871657086497 -0.11126381917103406
0.00023278136299684083 1.1407354634663733 0.361659319972716 -0.33948981901740893 0.153142327828103 -0.5402162920855991 -0.40786659753028115
0.00023278136299684083 -0.08163919268485392 -0.12781579701214155 0.40711285008625764 -1.7839502264098894 -0.06465252682372635 -0.2537059859626478
0.00023278136299684083 0.6518081500617745 -0.616354195460015 -0.1272903319886965 0.06316229454487289 0.07230114816117825 -0.39482830557697945
0.00023278136299684083 -0.01954793830089747 -0.1414661992796412 0.14517261222394018 -1.5277504519844383 2.0995435255896617 -0.3304504756235457
0.00023278136299684083 -0.1526824438530157 -0.44290618452800207 -1.0152300815718256 -0.16847265726418123 0.5841491271182402 -0.7453951118679211
