0 35 0
0.9311254519873633 -0.00024408059256305899 -0.0004996220928453662 -0.0002978541831571898 0.0012403157666281376 -0.0016257148110951029 0.00031049190886883586
0.00023278136299684083 -0.5718801555077385 -0.8377648231822884 0.03975036057391683 -0.49047525884698456 0.7932742138378819 -0.1478498875327159
0.00023278136299684083 0.27636415296061073 0.3400469272021343 0.0017811194513263921 -1.0699019104548284 0.9325879851062602 0.19691730927513773
0.00023278136299684083 0.6277284192623687 0.19410618464984758 0.07871558537516216 -0.35330863235096577 -0.8982486788688974 -0.1631670251398739
0.00023278136299684083 0.4645589503937073 -0.7779033236462929 0.11876573351268373 -0.8735567938495454 -0.2752936473490591 -0.035728678343841566
0.00023278136299684083 0.21400585394478705 0.1957483728382009 0.04598209717814629 -1.6445437667415181 -1.5220570033877683 -0.35548268405634054
0.00023278136299684083 -1.1824628306487963 -0.6990611602780693 -0.09976138806789189 0.42164443671056834 -0.12314436520435965 0.033062308387163925
0.00023278136299684083 1.0705706295183293 0.9607629782986383 0.27150185063691207 -0.08078711707276678 0.3484582977399488 0.015270031621016629
0.00023278136299684083 -0.3727006066260319 0.43420379179611923 -0.01942234937755905 -1.1789604681060293 -0.5940031725144773 -0.09506849921075264
0.00023278136299684083 -0.6591302946604186 0.19250524581435075 0.02517624938511296 -0.5637335015366278 -0.5427058464160417 -0.009892015154194307
0.00023278136299684083 -0.5559670084069075 -0.06597104852923436 -0.040834547383050694 0.7523796535090882 -0.7763661267706202 0.10849070343040947
0.00023278136299684083 0.8631482378635787 -0.4767237985761266 0.08502229716460427 0.2744712537526009 -0.790729507784162 0.0507252121443762
0.00023278136299684083 -0.3526924295249203 -0.4472437393877668 -0.04818668780809089 1.1814328826047291 0.015553593708068997 0.07328372415121377
0.00023278136299684083 -1.444045915147501 -1.935459455699335 0.05675000638481608 -0.05162565014949221 0.1140551925786704 0.011085850819677797
0.00023278136299684083 0.332311135412422 0.11096829896529592 0.042217915467358064 -0.12296167237584149 1.7186258970665298 0.03750551313152912
0.00023278136299684083 0.8833296782106221 0.2941194640226188 0.09158707540907032 0.1870380163314335 -0.8136950369631446 -0.15482322426711273
0.00023278136299684083 0.4537582042289485 0.5430526572471492 0.09864556762246099 -0.581812575243433 0.6358882375657348 -0.034060770051000215
0.00023278136299684083 0.6020973920720943 0.6418177063724732 0.1483885386610727 -0.6274061164305291 0.6294216804956173 0.047059699844386904
0.00023278136299684083 0.5259657590355337 0.10976386146860376 0.09360579582802553 -0.15271588398018043 -1.1802169333359507 0.12557676354657313
0.00023278136299684083 -0.2671974449652949 -0.22747212767573674 0.03749993253980659 1.290204652651033 -1.170537944205708 0.23914414558631594
0.00023278136299684083 0.2650125084340402 -0.5993321810594765 -0.002408118626638385 -1.024624045167552 0.10357497747944844 0.049553216840686684
0.00023278136299684083 -0.3235354549279771 0.13173445815911677 -0.02097326769638196 -0.016141018248508877 1.7782162669596102 -0.2039043922573159
0.00023278136299684083 -0.1766842372968543 -0.1414823745336914 -0.09894133478526455 -1.3019220023092417 1.8168785842103057 -0.6680970001740043
0.00023278136299684083 0.4480442907215479 0.6741311424192112 0.0829454065966864 -0.6827535042617645 0.5399178951785369 -0.02344955198892677
0.00023278136299684083 -0.7832020505230979 -0.5957475426379698 -0.0022376122231534744 0.6345419003982936 0.13777733608785614 -0.028598788222558374
0.00023278136299684083 -0.6768584353150927 -1.1605467688425322 0.16784060005309578 -0.3405642793883936 -0.23022917365230894 0.044764352559458036
0.00023278136299684083 0.34375895219364794 0.763378854749096 0.028602686815897376 -0.6144060484613727 0.6971380043600436 0.03064888779507722
0.00023278136299684083 -0.668632155810661 -0.18849448036737537 0.005285849460768086 1.028761104338946 -0.5818495416009055 0.0223494401614408
0.00023278136299684083 -1.0911160301785716 1.653301850127431 -0.04494292319877556 -0.3365382427056998 -0.2555665808802806 0.03332188111329681
0.00023278136299684083 -0.2994558211022749 -0.5149560531744874 0.012761126407180174 -0.37872068206398785 1.0937024364554107 -0.047742160752179984
0.00023278136299684083 0.7887989623273713 0.7641304505370357 -0.01693935751687148 0.32116078708190504 0.28796850845201244 -0.021151291031786215
0.00023278136299684083 1.5811908560593597 2.027478233036788 0.156621042309765 0.12405566915378743 0.14866257745114558 0.03611227522573304
0.00023278136299684083 0.19043073411135736 -0.08178848875472003 0.0006451545441187408 0.9458229430818138 2.427704766548061 -0.5135365274659742
0.00023278136299684083 -0.5271374049334955 0.1691774702676949 -0.07629036945458445 0.5748743536072741 1.266998692729334 0.04368823579714252
0.00023278136299684083 0.9979459290765438 0.5480077897547746 -0.02773730261096396 -0.2101915499887656 0.7710976593036193 0.062025308742598574
