0 35 0
0.9311254519873633 0.0018409634271440052 -0.0012168373203992223 -0.0005967278910064809 0.0014050809868623839 0.0005506053693844726 -0.0017137483401204515
0.00023278136299684083 -0.6825774792944777 -0.3673296214295642 0.26278109631361607 0.04775106937246242 -0.0853709381314678 -0.4952803302529175
0.00023278136299684083 0.4060355614522691 0.9668877959757687 -0.4520418399667163 -0.726033426789151 0.18183382471466655 -0.09221641576774993
0.00023278136299684083 -0.604513984032253 0.17279853614601373 0.11476593319159054 -0.8071866214718354 -0.6293301249778486 -0.45893052085765906
0.00023278136299684083 0.13875917533223903 0.459687658955846 0.27071742703643437 0.3228055001202846 -1.47775804742649 -0.2541010615088317
0.00023278136299684083 -1.4275236071557973 1.4146290623789708 0.2616623903200086 0.1490447375081305 -0.3802944633621118 -0.18001476862428673
0.00023278136299684083 0.06974754599205081 -0.19149614310689927 -0.07617200437865626 -1.7788032309490398 1.4739730295877518 -1.3743792470876754
0.00023278136299684083 -0.01659134560980117 -0.11919102768173791 -0.02645298302146215 -2.8759308878574013 -1.0272720203237304 2.106365343390446
0.00023278136299684083 -1.8477459361120558 0.9971315859915697 1.0803428360762282 -0.02136771230606368 0.23524454389272725 0.07598997494223003
0.00023278136299684083 -0.20263558240334725 0.399939937369824 0.24427049904840176 0.7896087269017069 -0.9466189574254096 -0.0935882199511724
0.00023278136299684083 -0.8958815673500453 0.1002231427252718 0.35970012197149737 -0.6622499549990323 0.45804042748040097 0.02453751602378917
0.00023278136299684083 0.8160765859144297 1.6812074018031242 -0.5166032699665865 -0.24220429769787513 0.37383306767798336 0.1112566104626601
0.00023278136299684083 0.22168045848035878 0.32864769519891746 0.18058624700259002 0.36550384608129133 0.5167428466050027 -0.7135334550784546
0.00023278136299684083 0.9343024897788101 -2.4466958823968725 -1.2028410569912689 -0.014346938024494197 -0.06961032353689085 0.05097013591052992
0.00023278136299684083 0.3348144529039305 -0.72520594753056 0.025271468652607713 0.9719420622227544 0.11485575129963763 -0.43418391456241157
0.00023278136299684083 -0.1272327925396241 0.31377606639299443 -0.2075050513528186 1.579158380591235 -0.9187233033917408 0.47446352783170964
0.00023278136299684083 0.2053904604913151 0.2858129747946224 -0.04724779218776183 -0.8494315286948498 1.0963737243546625 1.08119369945473
0.00023278136299684083 0.2441375328529794 -0.09465329385829371 -0.05110938858038872 1.8801484082206743 1.3919443020316635 0.18365072454975734
0.00023278136299684083 -1.1182950657220687 0.31821277490973116 0.1615988208315733 0.2913477537549243 -0.4762072956330243 0.5548300508006899
0.00023278136299684083 -0.08701900620908257 -0.09319771959494595 -0.2540457930228216 2.0006652638939193 -0.9107994277074443 0.7975962959593866
0.00023278136299684083 -0.4394122579192907 0.8525578785680259 0.20046009296175762 -0.8050661875086624 -0.49197561176999155 0.24851116008764254
0.00023278136299684083 -0.505071894991886 0.6774388524261996 0.25047130907439324 -0.47431243117051813 -0.08701573010230963 0.21174897821643376
0.00023278136299684083 -0.7404856397550661 0.5463271126281913 0.3635818443347916 -0.5472402123903909 -0.10663408813559336 0.42551627310812595
0.00023278136299684083 0.15250800100187584 0.09933045966864756 -0.07840228893234025 -0.5132423981618646 -2.6328530887105117 -0.6919430647348768
0.00023278136299684083 1.0168321497485768 -0.2900882273974916 -0.5142603797903558 -0.27632194354793177 0.45897113900552944 0.31966141685106186
0.00023278136299684083 0.3073445928949216 -1.9044550027829383 0.3485119657572647 -0.052544172463991984 -0.2607480669158344 0.2508712902288727
0.00023278136299684083 0.01432032530869838 -0.05050538852714349 0.07799432091016772 -1.0519614418791556 1.7253851100273685 3.5972697802080233
0.00023278136299684083 0.6153921608421206 -0.04849429632393208 -0.5960332416498323 0.35108116419209345 0.8929148875430181 -0.21515921558777576
0.00023278136299684083 -0.25345578173174543 0.15052650790941283 0.3051716727309739 -1.4262274573374427 0.7351991111731748 0.8206250343294097
0.00023278136299684083 -0.544346558475228 -0.3219192020839321 -0.08853639240679403 -0.38004710907870687 0.604256545338675 0.7355657024982681
0.00023278136299684083 -0.6542430294015256 0.1756117715858499 0.27802413692705114 -0.061852231047606974 0.19108398805491836 0.3562666463439301
0.00023278136299684083 -1.2231915621786091 1.2042247663005656 0.5077887896067255 -0.21286500612658227 0.05447922184334721 -0.07449028805192638
0.00023278136299684083 0.06019006507339987 0.23828732136594583 -0.02801304458986442 -0.5148449270099481 -2.0703987071110515 0.23277470716499754
0.00023278136299684083 -0.3488072567011173 0.026437508201523265 0.3388745084506635 0.2972147657168095 -0.5420889281792993 -0.889366414840018
0.00023278136299684083 -1.1823549190614193 0.11088422300610447 0.8936006096653928 -0.3725155095132924 0.4061461246723287 0.1625154090248665
