0 25 0
0.9311254519873633 -0.0016764273117692806 -0.0018803521465882047 0.00046410285889672716 0.000536963933623968 -0.0012602809415208475 -0.00026143634284651104
0.00023278136299684083 0.7419897833916733 -0.5014971407800343 0.0646992251845174 0.4719736282156525 -0.20317451998789088 0.12848019109019584
0.00023278136299684083 0.07772067411362851 1.0602766557001284 -0.020955802295774602 -0.13962259007044533 0.21780181046615107 0.03346282964916834
0.00023278136299684083 1.0349041143617057 0.3016140610345555 -0.23656014332545994 -0.24140440913043987 0.4002450502499932 -0.0357539287395267
0.00023278136299684083 0.5124353809112026 0.5890724686304011 -0.21277146821337162 -0.7808538532654787 0.001708499912786148 0.053625818704526346
0.00023278136299684083 -0.7375939618040894 -0.2288662036194162 -0.45974203676500075 -0.6822733311860742 -0.48939703840833476 -0.16767989039911782
0.00023278136299684083 0.917578465941256 1.0549209662976111 0.04045329466098975 -0.1784521234039785 -0.4560558978047389 0.09826605625902564
0.00023278136299684083 0.6700207127429507 0.973488127316571 -0.2194544173671733 0.10652690640920826 -0.4526294821831956 -0.2849194359542811
0.00023278136299684083 0.4093532899388298 0.1311359121398201 0.1256545425509884 1.5682775383285052 0.6177341060313848 0.11941028749402133
0.00023278136299684083 -0.220811298977558 0.574008785232871 -0.23589258462490512 0.3493959345539726 1.131421600691548 -0.06575301115227004
0.00023278136299684083 -0.3988845815718476 0.16897833859430045 0.028493305427714704 -0.9031568314215378 -1.3049759402442993 0.0905748130922318
0.00023278136299684083 -0.09769255587010395 -0.6097804741576663 0.17962781814590292 0.20828648209043393 1.187552035362979 -0.33393215647492225
0.00023278136299684083 -0.1009652982810525 -0.06038783401734543 0.05908470983574687 -2.0966711053398903 2.75507179630772 0.9743813182996027
0.00023278136299684083 1.0980740697441866 1.5773951514594466 -0.19781411701529916 0.09201414859696955 0.06566645465941914 0.08152040399973291
0.00023278136299684083 0.7741559946763779 0.3445688666333014 -0.07866997220679184 0.6790757199434014 -0.4814386464109 0.029378809427654428
0.00023278136299684083 0.05163947138557252 0.5846101837902341 -0.06479797980989532 -0.11916542795005383 0.2798482842033409 0.1050496774963932
0.00023278136299684083 -0.3059068398149999 0.020037044172702526 -0.16774963961308217 1.4479685637324229 -0.1135293184541622 0.7958237486344276
0.00023278136299684083 0.6735194985704193 -0.028822053015704473 -0.0315178881358086 1.00040672784962 -0.3525051191474513 -0.035560526421876404
0.00023278136299684083 0.7492768259228964 1.6616376757802132 -0.35487052674374425 -0.4585418393575791 -0.13516365068585576 0.057281480964326975
0.00023278136299684083 -0.7417856591056364 0.2886066487548485 0.1731459084616683 0.10791124371388078 0.47433626023912384 -0.23842354257897239
0.00023278136299684083 0.08596603377812728 -0.21275986957372806 -0.003162047922917223 -2.478270105965873 0.7132608001966406 0.18676761854493462
0.00023278136299684083 0.8092994559550868 0.1059153033891059 -0.057496725748677854 0.4776608986032356 -0.2755491442116887 -0.18896144973145043
0.00023278136299684083 -0.5638584384256177 0.3762984179406662 -0.19844788250874232 0.017630248666113388 1.1823670543337796 -0.499172768208358
0.00023278136299684083 0.6684530146227816 -0.38117138492038416 0.07937799790720791 0.29915928621929266 -0.18319652543898793 0.1109554525763826
0.00023278136299684083 0.5988210948693184 -0.26787106043250397 -0.06704500546500168 -0.8957314443272297 0.4617252964060302 0.03092357481419515
