0 30 0
0.9311254519873633 -0.00013600892377653922 -0.001802895458056254 2.4631523777009075e-05 -0.0005673959485036739 0.0003810458449683333 0.0001966386983797296
0.00023278136299684083 -1.2105589568061426 -2.253004935889383 -0.005554662912004099 0.1480987877806745 0.29354281523967674 0.05092004604445558
0.00023278136299684083 0.806198992812241 0.47480639261441765 0.35703958009240977 0.36881221366906486 0.7883828932646997 -0.05844868942141627
0.00023278136299684083 0.5070615912893117 0.019468006214200907 -0.14472698846006532 -0.42195757961047886 -1.274869563728166 0.0758139747688918
0.00023278136299684083 0.22213731313883603 -0.27306935295688606 -0.003573612703578354 -1.6072335749606526 -0.9902890998786621 -0.27798085099340625
0.00023278136299684083 0.28951732680577164 0.8532190815571692 -0.2089490953784289 0.09208777751664515 -1.0514724988298771 0.1406104946517229
0.00023278136299684083 -0.05140853573256358 0.5251206888510517 -0.23808232451952002 0.6931046572161614 1.0564050136749825 -0.04157206921327212
0.00023278136299684083 0.019893278990671677 0.2337164025945685 0.07743300075481459 -1.3533120945647592 1.5847172033299264 -1.1726505875493058
0.00023278136299684083 0.08975931346362878 0.32887267933646974 -0.2936109779983606 -0.27930469207576963 -1.0298373562763872 0.9195839050325214
0.00023278136299684083 -0.88878571868565 1.6874176951746402 -0.14360451266530966 0.6066907200182818 -0.17584436557935273 0.07739794585511943
0.00023278136299684083 0.651796114200921 -0.4902448137523183 0.04018321458525431 0.328620067521804 0.892455905588558 -0.08045206436805839
0.00023278136299684083 -0.28969410435311677 -0.6206830232164801 0.0076333816984932275 0.45783029593156177 -0.8660594268144596 0.027232256578881082
0.00023278136299684083 0.19243795752593856 0.772442728422963 0.009986024297161148 -0.30820286870597763 -0.7909319312001182 0.34533304519980546
0.00023278136299684083 0.926440529429582 -0.11209487017173506 -0.03829714448208459 0.6500206956231858 0.6217307526331242 -0.2038236933581859
0.00023278136299684083 0.054292465067036166 0.6488037884547887 -0.1859132195634197 1.1622284936488654 -0.09844340490529979 -0.3236398411792401
0.00023278136299684083 0.01399182186591523 1.1154106664601802 0.0070398418719018535 0.15522007789035602 0.531666728444563 -0.25388808269135965
0.00023278136299684083 -0.9504846523127 0.02953741347203422 0.05940817395884738 0.06797464920474336 -0.5934418094113998 -0.0008968924273305477
0.00023278136299684083 -0.5040634755577841 -0.05832957827113416 0.13610581311592612 0.5574319702922746 -1.2800207328156314 0.039750382241691515
0.00023278136299684083 0.24673348186703928 1.0911180828622664 -0.10411138384550297 0.2470882153624196 0.2926573851187463 -0.1626750608184535
0.00023278136299684083 -1.1330468211778788 0.37336512005490186 -0.008112256948417433 0.4971291393703134 -0.14634370410513592 -0.17990304380337085
0.00023278136299684083 0.1004216633245252 0.22602813481756992 0.9597418015529048 -0.010941532557900297 -0.3383273640082697 0.31408290457027055
0.00023278136299684083 -0.22088514350285832 0.9417301198497887 -0.10983358676322735 -0.2739271563869044 0.18927242240991515 0.036584451307779355
0.00023278136299684083 0.386903880589811 -0.6823725287793765 0.14647305447583292 -0.714526763816755 0.5371282383229199 0.053880799113955165
0.00023278136299684083 0.6798581016820564 -0.2373508505332438 -0.3803010601640334 -1.020110335116923 0.20085218753776476 0.2681947634660476
0.00023278136299684083 0.11346664556369462 0.9362294593019177 0.0401462707506457 0.6326924815491125 -0.18400119184577854 0.27837322037505413
0.00023278136299684083 -1.0416529916275048 0.2241073861611199 0.25360264797572 -0.09576246803604435 -0.5831105940446285 0.13486021069428208
0.00023278136299684083 0.5841922935803178 0.5764313531432617 -0.23750822515982795 0.3581913053328963 -0.30426365174897857 -0.03861900084185615
0.00023278136299684083 0.23708086618904473 -0.2420172894442587 -0.002613716894001701 1.7930711438370024 -0.0563213890826976 -0.5815908640831177
0.00023278136299684083 0.11000363726253895 0.6301529583279606 0.12481292880442132 -0.6826167663410904 0.8235515401005393 -0.26480024309754263
0.00023278136299684083 0.6024288202019578 0.4927709175649856 -0.21333906058454058 0.22118693442259346 0.4270316187360941 0.09176779042651992
