0 30 0
0.9311254519873633 -0.000637547133018989 -1.5302336969604665e-05 0.00012386823819922585 -0.0012179512720168865 -0.001349301102638269 -4.529084568313205e-05
0.00023278136299684083 -1.4900603374341101 -1.867919415797478 -0.1269166421082057 0.042603160029328874 0.2196083354567685 -0.041840209947561345
0.00023278136299684083 0.5357051339260771 0.20616721985958483 -0.01970402207596626 -0.15839427222283572 1.4258206734377954 -0.04302694201148742
0.00023278136299684083 0.9186586947739456 0.5396548544900797 -0.07648299127015826 -0.0612589469898468 -0.013385761974306017 -0.07586397426631936
0.00023278136299684083 0.2626841734462265 0.005503478838893908 -0.05782276726393786 1.9180884720861908 1.305015174978472 -0.3032160859722464
0.00023278136299684083 0.5398832307029301 0.3230401862327436 -0.0014902378661389953 -0.44878360749988594 1.2572566950769974 -0.03132527671256107
0.00023278136299684083 -0.3238581349361949 0.7225914952826086 -0.03403042260227943 -0.7927240645751538 -0.3721429127303858 0.049717180627556305
0.00023278136299684083 -0.16634283517600046 -1.0048213131504387 -0.08502090097101445 -0.4582212865338247 -0.18423009983393135 0.14364095641638452
0.00023278136299684083 0.6278534515844967 -0.30931166798794824 0.060753369573340196 0.4296409843429269 1.0551850125541746 0.007797197148483674
0.00023278136299684083 -0.4013859307254782 0.5919839992604998 -0.00504995494829073 -0.7862063950171025 -0.46417444831982096 -0.0561889417516779
0.00023278136299684083 0.8133927246375561 -0.5728117733395243 0.09393451646383195 -0.5697660367907685 -0.48636599719596085 -0.004227189908320218
0.00023278136299684083 0.5393527380067322 -0.6589291897210505 -0.10519808765729306 -0.4038617862216933 -0.7164994531257215 -0.05032578095637492
0.00023278136299684083 0.6534746811426714 0.9188898786940084 -0.15381726932344317 0.022331205218577607 0.33790749438978984 0.04291345623175902
0.00023278136299684083 1.202983887720976 -0.36510403442645994 -0.02671943309207616 -0.2815763357488151 -0.6299033247325228 -0.0027462260453496715
0.00023278136299684083 0.40490996870242246 0.4522536723257352 -0.06298853323696355 0.9934565280742945 0.5790591772752355 -0.19734314766195665
0.00023278136299684083 0.618547664667829 0.9016711316056507 -0.20232909089189566 -0.08342066405381303 0.004581537019734854 0.011308940674508097
0.00023278136299684083 0.18836521267959053 0.18239490229268485 0.0010407054747849586 2.039684764583006 -1.1018253000351768 0.06303941153352592
0.00023278136299684083 0.2809494191392356 1.0118439021394756 0.12116929090304977 -0.3564816561057192 -0.4333575151055904 -0.07834540318385232
0.00023278136299684083 0.6989642266101588 0.9958829567531076 -0.04751060799472504 -0.21839921774209925 0.36079906163387004 -0.03443070003505576
0.00023278136299684083 -0.15002459686980804 -0.11462644932531199 -0.04733814478664328 2.2187241271493754 1.6967955782893613 0.7136493888593479
0.00023278136299684083 -0.5036847698585152 -0.3863985354042812 -0.02551446866297736 0.7211621988724867 1.077028143746859 0.041840805472477795
0.00023278136299684083 -0.13902763544416888 -0.6901380714747025 0.05693259235608899 -0.8203090953374451 0.4659940761395223 0.1266184099244523
0.00023278136299684083 -1.07087493820246 -0.025434606073028387 0.06436282461218752 0.2166523001871804 -0.5033902306679614 -0.07080176954187688
0.00023278136299684083 -0.9032584358028769 -1.3160775633620765 0.024934768729066404 -0.11742991101022528 0.011349964697530746 -0.07536284610348032
0.00023278136299684083 0.4832297657452708 0.4168341054854973 0.030997491490795906 0.5665894364724658 0.8296066648623093 0.054884351330184246
0.00023278136299684083 -0.07218059175257459 -0.37477196081281683 0.016820491612200325 -1.5138511963910484 0.7400530713714961 -0.2315521990330418
0.00023278136299684083 -0.5984765225759164 -0.2155627530902322 0.011374805396307705 0.7179109915645091 -0.955445163655589 -0.11674257336038606
0.00023278136299684083 -0.2918409337302298 -0.27812103609029565 -0.030112248513247234 1.4229875476935365 -0.9647455446772231 0.2884261050619649
0.00023278136299684083 0.028219512437911213 0.40580349665600723 0.07821538260348004 1.38761158539846 0.8042672906474782 -0.101490818222566
0.00023278136299684083 -0.13597029133998542 0.5667224380177753 0.05203663125322405 -0.7549537413645256 0.05234221102987397 0.15215726416599795
