0 30 0
0.9311254519873633 -0.0005611050140916396 -0.0015107560058696048 0.0003320077489453211 -0.00032801766782468027 -0.0013757638168207162 -0.0001382953206115193
0.00023278136299684083 -0.7850531980075236 -0.7726442048800979 -0.014467569192509236 0.2974551461656401 0.8387441858182086 0.018467264297225505
0.00023278136299684083 -0.8375552183711167 0.9250546390945347 0.039061747414520655 -0.2505615839541502 -0.6143181259808121 0.02587669125861724
0.00023278136299684083 0.5460002669032991 0.22330237261039287 -0.10927223552819877 1.0213231097923432 0.6142728881428337 -0.037001684412401155
0.00023278136299684083 0.2848471660747056 0.4340138900946367 0.07665011281683953 -0.727546204900664 -1.1095428811602328 -0.19395308182990914
0.00023278136299684083 -0.15337445978426967 -0.8717907970207395 0.02125268986517794 1.0505013429822685 0.1335091477386169 -0.051727005408809014
0.00023278136299684083 0.28639001536606495 0.5637303683859637 0.04139423186674354 -0.45879172611162605 1.014386899564338 -0.09486038454047573
0.00023278136299684083 0.2789185654229094 -0.37028464042150916 -0.042843438506276935 0.0031739797095008755 -1.5463693650543409 0.09287448341176312
0.00023278136299684083 0.06450161342954737 0.6464859286893017 -0.03207365231454068 -0.8882041661963428 0.396475238748918 -0.03401299434382642
0.00023278136299684083 0.12335605738930357 0.5384799852147505 -0.017506886822560363 -0.9937941844947595 0.27489252465798275 0.0561733160721201
0.00023278136299684083 -0.28641283734093487 -0.3473606246368333 -0.020617453860083516 -0.8856181653476648 1.4925593980497909 -0.011332492825352038
0.00023278136299684083 -0.35176807128925325 -0.20994450413311808 0.05171418906991843 0.0497525991307988 1.760709189494916 0.06633374886851245
0.00023278136299684083 0.6541173201115872 1.0063085789020998 -0.12340917306669721 -0.16850051089499507 -0.05817507310839622 -0.1146722497879289
0.00023278136299684083 1.0323760453353181 -0.28989449839019354 -0.3473787342410361 -0.4446112349333828 -0.5472378145011823 -0.032110289279913655
0.00023278136299684083 0.14370962105183877 0.09536493161989981 0.02507880968995849 -2.4965494135923603 -1.6312544831987454 -0.06952632178179449
0.00023278136299684083 0.7345338789638458 0.8809403367201581 -0.08270984125812761 -0.3636044141484464 -0.06095017433870827 0.1921640454666018
0.00023278136299684083 -0.3539011431332069 0.009846966371790538 -0.014862260314529483 0.615886427909181 1.7737269876795256 0.26629505554740884
0.00023278136299684083 0.328164996380333 0.8772596424086261 -0.05967212315593188 -0.3314511603168178 -0.6746802946317438 -0.13207741157707353
0.00023278136299684083 0.5760594105048915 1.238473677015552 -0.1307996618314978 -0.3486655581414486 -0.0063378392469399455 0.11962032928095144
0.00023278136299684083 -0.8027068698666033 -0.557348206473026 -0.04540088244563963 -0.3779058002048855 -0.642654122814291 0.06455087674134179
0.00023278136299684083 -0.4492753957664257 -0.4879436243922426 -0.2280858855529068 0.7061547459113046 1.0178713607588552 0.12143329217852042
0.00023278136299684083 0.5764882685174185 -0.19358613818805087 -0.041646935091469287 -0.024160423705975157 -1.0979475294312038 0.11136452611980092
0.00023278136299684083 -1.0774230433625405 0.337322972104993 -0.03802579434077332 -0.1553828580103827 -0.3927446945064249 -0.03540506637839107
0.00023278136299684083 -0.11431809729449631 0.0559995610394722 0.002119749735398425 3.391208723199589 1.4137400555014088 -0.029407558585427374
0.00023278136299684083 0.4491769485155321 0.7685344678699164 -0.14822653625641388 -0.455688617204149 -0.4231402096312346 0.05016173142121519
0.00023278136299684083 0.04154470891299015 0.4063766208797885 0.027195633957195212 1.5030171226598499 0.6268355660216055 0.21957230766238445
0.00023278136299684083 0.4012866359000814 0.08762336056785573 0.012174593360456572 0.39047783239614425 1.7381411056246645 0.20145677526930303
0.00023278136299684083 0.17250988287740687 0.8281294499959261 -0.039644057794594297 -0.7463508723991694 0.36813125923259843 -0.07294323984705836
0.00023278136299684083 0.5496293815583907 0.5018610273552256 -0.07839225855601199 0.7229277988982818 -0.2715496427990445 -0.07171713645955904
0.00023278136299684083 0.21259760736738237 -0.2812875149268061 -0.009637373427692438 1.6775787371010316 1.1159617106518978 -0.07241624409176889
