0 15 0
0.9311254519873633 -0.0005029718786047959 0.00030594527115593 0.00012517266098106163 -0.0006727456040360873 -0.001776918232830761 0.000445845182019151
0.00023278136299684083 -0.5403500916591212 -1.810514272206394 0.23515024118515515 0.07989240664609935 0.3849175723048214 -0.044612450351441006
0.00023278136299684083 -0.005451293823087492 0.2633248931328498 -0.04150680266118348 1.8840449469865308 0.28946273999220845 -1.247982195482562
0.00023278136299684083 0.5997027325630818 0.4793967080887746 -0.07976944294589935 0.33404711756375993 0.6659976300641823 -0.09084095242939297
0.00023278136299684083 0.2557760253206258 -0.7829334515101426 -0.09793455812293389 -0.36759596374084724 -0.038057945767016654 -0.048926824842887455
0.00023278136299684083 1.3064459835701918 0.08882025325042281 0.0020072073984473485 -0.3852237434941835 0.4691219234249115 -0.01673574838023742
0.00023278136299684083 1.3911205571366243 0.5662520485111134 -0.0716615646403372 -0.32181421793430226 0.007429578824680831 -0.2918158372494055
0.00023278136299684083 -0.8751074375533253 -0.28041606934726426 0.07879836586264809 0.9281076515508653 -0.2718458576689864 -0.0795661388683467
0.00023278136299684083 -0.17115109207811433 -0.5945264204958424 -0.047715792541129 0.22130872393459622 0.7791288772208589 0.06799591236971052
0.00023278136299684083 -0.4484410203358382 0.5174337486252703 0.06805917514753546 0.5232856481738277 1.1483422163669699 -0.19476066364600217
0.00023278136299684083 0.00045817953887232666 -0.4683907332892578 -0.07975471354141886 -0.8281806802173056 -0.13413708644602634 -0.01956203487535079
0.00023278136299684083 -0.11284956624291173 0.5556824292589231 -0.003666463376552741 1.0919734777429975 0.6168441479044033 0.014965624366661764
0.00023278136299684083 -0.4386465510008503 -0.17569257157305354 -0.0864690079010282 0.3324159360839156 1.326633437691806 0.05776062646148514
0.00023278136299684083 1.4842492523810862 0.3300544800803562 -0.36055212644917095 -0.09619489295659361 0.3227648932506769 0.20571087864720633
0.00023278136299684083 -0.43386816340146106 0.08772787284920544 -0.01567516133838198 -0.7050839941950138 1.541070804159552 -0.09501092379604154
