0 25 0
0.9311254519873633 -0.0018765670956448477 -0.0015731901890333117 0.0003707415229302009 0.0011347855230061528 -0.000788375297401225 0.00011526333497525978
0.00023278136299684083 1.234395007397407 -0.19217889622829293 0.002221985283952232 0.04683863906322237 -0.3746036209903661 0.06076452451258393
0.00023278136299684083 -0.01921428611294258 0.592469246233964 -0.19740178849927273 -0.0031555673175903756 -1.0116310916859248 -0.1928243597683284
0.00023278136299684083 0.754876045959348 0.6432650693429895 -0.15934207037654283 0.5203821404301686 0.4428226650958751 -0.1608030638493932
0.00023278136299684083 -0.18030147959171433 0.7978395464894841 -0.2936880055466699 0.5752941438750269 0.81895607459371 -0.10425410782544244
0.00023278136299684083 -0.6711461656002068 -1.0245176295899714 -0.11726344690189118 -0.35762578243558535 -0.44559862799543487 0.1322398155027764
0.00023278136299684083 1.240882356762315 0.16657967311211044 -0.0711617222857718 0.15830312867561216 0.49816123717271776 -0.037020408841621444
0.00023278136299684083 0.8060747490377084 0.8117812467977725 -0.025039330183614136 0.01705993483882277 0.44867450632276595 -0.21524878404214703
0.00023278136299684083 0.10232273952169851 -0.01881408455059339 -0.04901048061256139 -3.422719594184097 1.3303653499635326 0.6867415856213481
0.00023278136299684083 0.8021329819419902 0.7759870041050324 0.06150000776554309 -0.3426106343876096 -0.5341213240533039 0.09599906170158998
0.00023278136299684083 -0.05093861480231497 -0.1321841604255186 0.03917336934788464 0.5021108295121143 1.4000394920230141 -0.41896090040387163
0.00023278136299684083 -0.3058031961388656 -1.1387819077387582 -0.02577966457230739 -0.1687134123157796 -0.6356903683994507 -0.012975959931728254
0.00023278136299684083 -0.12217380965845859 0.6095524913591227 0.032675694401167917 -0.1925439739324734 -0.632952562790757 0.117797113197526
0.00023278136299684083 1.343012790840505 0.9077031127891121 -0.23796356092591764 -0.016283897379132432 -0.2890402855428366 -0.14267672120584177
0.00023278136299684083 0.04818349548956734 0.7764856897629877 0.05343042751832381 0.8150991598081583 0.45533402979090437 0.01324809470576027
0.00023278136299684083 0.03235962697011121 0.5448753715195784 -0.04884219525250358 -0.617375098641558 -1.3423917571337605 0.20568425205256013
0.00023278136299684083 -0.6131737886940366 0.6753662929146527 -0.34475767616501807 -0.708536031079943 0.4575829136001148 -0.015274630672284555
0.00023278136299684083 0.36259910329910877 -0.6826010316059086 0.16441487940020985 -0.9584649259046599 0.5919385135471643 -0.06836852600812283
0.00023278136299684083 -0.0863712061412801 0.19159890412745612 -0.08980880997996565 -0.33491050381494436 2.3960372274455937 -0.3908375237632963
0.00023278136299684083 -1.2348652107332794 0.9164384137864303 -0.19262032694048736 0.11863674129612929 -0.33625057985632084 -0.018228838486216852
0.00023278136299684083 0.6290271514030932 0.024423086094263642 0.1580989324746595 0.41864425927267834 -0.10553135703448409 0.025938996888454493
0.00023278136299684083 0.2365982861357672 -0.18036056116962126 0.023841227936400183 -1.8767692713579869 0.33032833310837645 -0.1310966316308556
0.00023278136299684083 0.48483803264400466 0.7512726156122981 0.01286767656979422 0.45864816195038427 -0.25573990322415424 -0.13731643678953653
0.00023278136299684083 0.956396066519733 0.4311139909943046 -0.06389859945667323 0.4256022509324795 0.009133283183078251 0.21652457614312628
0.00023278136299684083 1.7565577061311872 0.04544727239803707 -0.11461261471954413 0.40394721107195053 -0.06232095753515192 0.029895532991921853
