0 25 0
0.9311254519873633 -0.001123890077119378 8.290622046610499e-05 0.0006334499923709211 0.0001241077514214847 0.0015114575290799375 -0.0008213936366400813
0.00023278136299684083 0.5687012192286175 0.3145799478536835 -0.2873220587301277 -0.8265186633280452 -0.455842331202039 0.41811641775314545
0.00023278136299684083 0.12524112678502242 0.008407891645239663 0.2857169498421584 -0.08862246171191375 -1.2584408287359836 0.8108256012195769
0.00023278136299684083 0.019285093567516787 0.6441416160404759 -0.4406705972089546 0.925272611877413 -0.22260128281831368 -0.0728489154229392
0.00023278136299684083 0.49315268460427947 0.23078445584036708 -0.22243767570650616 -0.9888306532069631 0.8979763465968458 -0.2713266782087356
0.00023278136299684083 -0.07810551419607104 -0.8991219404268944 -0.39869620604921413 0.5232629717630433 0.35821346693830125 0.14559325778299853
0.00023278136299684083 0.6799508403436215 0.3733570526631445 -0.23268040081929514 -0.2466724931867922 0.8642529670134651 0.08602774715607793
0.00023278136299684083 -1.2400908237429402 -0.381096010553038 0.34958528588045457 0.0009723567211364053 0.5814751161347083 -0.12924888219312175
0.00023278136299684083 0.13684622598294233 -0.2660745662647186 -0.16500920349390577 -1.6886136334426711 0.38346108858919065 1.0956821114881912
0.00023278136299684083 0.6881479390866396 -0.7610939381767278 0.1598770080313322 0.5004825696678995 0.48728849003178404 -0.17650189423864093
0.00023278136299684083 0.34331793466008764 1.5848565907632302 -0.6551429682844225 -0.15291470258579257 0.5250813557262155 -0.19530918668692146
0.00023278136299684083 -1.4648871612831522 0.06969845936366455 -1.473984757346851 -0.12299534324112649 -0.23881693644606797 -0.01187000582962207
0.00023278136299684083 -0.03485825218974154 -0.2877835526292946 0.2726029662647702 1.2731745961349583 -0.7835922399489097 0.6044798878226212
0.00023278136299684083 1.3134773836955373 0.4708705738802831 -0.23135060213610714 0.14363055708900102 -0.33534982690848075 -0.006795313152911822
0.00023278136299684083 0.8976665259507226 -0.22012577851015838 -0.1596095449654497 0.016138048636091067 0.6511330242197132 -0.4975061891028575
0.00023278136299684083 0.78406743971779 -0.825670989469337 -0.639043900115509 0.03950160479748172 -0.4540945377731266 0.1909191770671177
0.00023278136299684083 -0.24695938915700427 -0.36420054062576696 0.5856497718326116 -0.3117121361231193 -0.8983569843244525 0.5415880378402343
0.00023278136299684083 0.12898768351959353 0.2878603216060744 -0.1950939618085711 1.2587944699733302 -1.1924571083818665 0.22416274245691478
0.00023278136299684083 0.8450186792938574 0.525941296916461 -0.19638859203365003 0.4325029759480755 -0.17978606308846065 -0.041840994111613405
0.00023278136299684083 0.05572212255989216 -0.3157097554804054 0.3262108135022522 0.44614510278568076 1.204550715159424 0.2650596152199783
0.00023278136299684083 -0.6111479276490369 -0.35063161978845364 0.30858660696072027 -0.8620377524412604 0.8064670774433301 0.10548485544556413
0.00023278136299684083 0.13109415414310407 0.035666559976374336 0.1289024247034914 -0.20918423960699475 -2.803023102071871 -0.03407070419684406
0.00023278136299684083 0.5915670347841306 0.28330650283887077 0.0043730821276553025 0.4732315102410082 -1.0589545373365576 -0.2406085224834539
0.00023278136299684083 -0.22472649030414724 -0.08063377640790771 0.05456575300157074 -0.1736649533706575 -2.3894957118218265 0.5995668643712271
0.00023278136299684083 0.594091779069671 -0.4089536829128565 0.28755983706783605 -0.8577733490757314 -0.5349182733147766 -0.12400448343566077
