0 25 0
0.9311254519873633 -0.0011765649036775112 -0.00030069723163292286 0.0005996101654083604 -0.0011332366502299783 0.0016566419147254448 -0.000434090307831198
0.00023278136299684083 0.6663240962911231 -0.5198515143191766 -0.6485768530405496 -0.49024700941154986 -0.23629712264641736 0.6330454820145411
0.00023278136299684083 0.004463852791472197 0.5018070802346348 -0.20647640881949592 0.6015116513331048 1.1421894292943133 -0.28280966125835455
0.00023278136299684083 -0.37866737776415604 -0.07688883878434427 -0.07385776268704627 1.339459277739964 -0.9102475321028168 0.7821086110912483
0.00023278136299684083 0.2858216310276397 -0.24136213883300583 0.14299925516904743 -1.7127741893402177 -0.40588319520053423 0.4651166932574423
0.00023278136299684083 0.2739408606259225 0.35108070668281943 0.9111100575818055 0.32122577787371975 -0.14788013291236013 0.8331715502868059
0.00023278136299684083 0.436883226498779 0.256083310368336 -0.603486819982161 -0.6786997852681178 -0.695817991315462 0.1618760740113899
0.00023278136299684083 0.35324719618255557 0.4965438011490385 -0.037341559332371675 -0.7064368212372722 0.1017628493701223 0.12646796990850404
0.00023278136299684083 -0.10287414554152897 -0.111627514855607 0.03091406781226429 2.5154764357839596 -1.8130054495374184 0.6499539359264997
0.00023278136299684083 0.6650031071480492 0.4193501793979106 0.4366691394420103 0.018809292430158515 0.4468758897177674 -0.778546281928145
0.00023278136299684083 -0.7567857799391977 -0.18167966634796215 -0.27289071508855534 1.0068714991245993 0.5054693949753526 0.0725282775381663
0.00023278136299684083 0.9073423904310545 -0.18121900148254777 0.5634888814305904 -0.687767615910228 -0.10949713109077976 -0.266665312680003
0.00023278136299684083 0.47666440990923653 0.4164178631078284 -1.7972645117669734 -0.07622081553125452 -0.26771771980783 -0.10617555960616931
0.00023278136299684083 0.7932445357986053 0.15175801936214026 -0.9089210267137336 0.4129415537872294 -0.3666801683903151 -0.4162489660988848
0.00023278136299684083 -0.3210081801861641 -0.0458035375568674 0.3308144805863272 0.3700748582775521 -1.5774916815352997 -0.3127445077544747
0.00023278136299684083 0.5353948445403499 0.7804319743723966 -0.30624667192092864 0.032013056027435184 -0.4435792126484317 0.10270914955857313
0.00023278136299684083 0.5018946752023808 -0.31859972524164565 0.288691174692257 -0.3345162246185078 0.7201872806928447 0.6329671404055542
0.00023278136299684083 -0.0015894562472191834 -0.3362557713615886 0.11227773979959844 -1.2958166571927603 -0.32887032445402037 -0.6541996018577595
0.00023278136299684083 0.048446405242607904 -0.16842376870840492 0.1276149597454158 2.5397187424044683 -0.6266592398925018 -0.28116099427346086
0.00023278136299684083 0.3687673705385353 -0.3220172654842774 0.2406240411205523 -0.8083014739957348 0.43339401024108465 0.3510943616910781
0.00023278136299684083 0.7188169347002528 0.05268344891696695 -0.016853246044206675 0.20986033950843058 -0.3603436066487183 -0.9232773292011803
0.00023278136299684083 -0.29558642088726483 -0.5660170368568451 -0.4882161178408799 -0.7884320762913715 0.8261373707320625 -0.09232813203322456
0.00023278136299684083 -0.27839657026815917 0.013218391160886585 0.24565396274775203 0.8818369884443535 -1.4418978378297378 0.8203486464478791
0.00023278136299684083 0.10317755762062683 0.4779759946209389 -0.39023579235329287 1.0437992285100757 -0.08890701439079027 -0.005987441015422673
0.00023278136299684083 -0.29826554900773244 0.3551839369805646 -0.07893093617054102 0.8185605684718688 -0.9818085235218889 0.2251171268941896
