0 25 0
0.9311254519873633 -0.0017630651010317564 -0.0031171776906680493 0.0004600307387583381 -0.0014359854005718136 0.0017036700945791683 7.8464953504215e-05
0.00023278136299684083 0.7668172777401854 0.6640285101805276 0.16805584728702982 0.7821859407275631 0.43252252621523696 0.013209256775395138
0.00023278136299684083 0.34807078578318446 0.5701756511052433 0.004463719670247681 -0.11058288985057134 0.7580585535505084 -0.05473462514625782
0.00023278136299684083 -0.203037359133965 0.15117086619766584 -0.04981512527391183 -0.951924233132286 -2.03766545307995 0.40503092183502876
0.00023278136299684083 1.0166024974158956 0.7890731313254401 -0.2608902991202638 -0.3414968660399037 -0.21501539761210797 -0.0017144209680672567
0.00023278136299684083 -0.18055072126761634 -0.3491365686484179 -0.08207818391827777 -0.9893637699602289 -1.486479525768861 -0.13513514622874637
0.00023278136299684083 0.9534053251757402 0.5295942444363542 -0.032185598153723 -0.37725834644762957 -0.40285549272573445 0.11217536520204201
0.00023278136299684083 1.064532049473392 1.5548219573569664 -0.3302966650640521 -0.2766685205162984 0.22923552109412354 -0.017011308926052213
0.00023278136299684083 0.593145851431563 0.15692031067669993 -0.09453110958197018 0.641263648636514 -0.5939754834935815 -0.06009701145030725
0.00023278136299684083 0.08655609489559352 2.578977578678478 -0.33868912926889927 -0.14756633843539216 0.026449580603793484 -0.03121176283662281
0.00023278136299684083 0.0390592841693081 -0.10408088922438419 -0.07828845090996539 2.0981212990894664 -2.4691100308495293 -1.049912385866486
0.00023278136299684083 -0.6587667566831017 -0.9579165459524471 -0.11039216480321581 -0.3438077825267697 -0.6037634627444571 0.06874661741636687
0.00023278136299684083 -0.062120768642153726 0.9122281726444621 -0.084263220376837 0.28150138852340645 0.2057840726929325 0.12150654073971712
0.00023278136299684083 0.012673853539617887 0.8950075120049839 -0.3118020305866491 0.6088426402556608 0.8518365857119814 -0.25998396671089075
0.00023278136299684083 0.3146772587580065 0.8360175539275794 -0.2205124530395541 0.7259467321184878 -0.19936911903458146 0.19226262249452242
0.00023278136299684083 0.08748343739961374 0.5111473182079388 0.017840416939014336 -0.2519671636804055 -1.248356842275358 0.10465308085541834
0.00023278136299684083 -1.1784572000908113 0.99050341188593 0.004574317527163632 0.15878086030274197 -0.0905595066612452 0.0876914851700643
0.00023278136299684083 0.4722541190240923 -0.4674324955988599 0.06858882646366221 0.6850731062915297 -0.799439946938954 0.1570265871946619
0.00023278136299684083 0.13830311147453792 0.0999264925672057 0.08611929764745645 1.8830551853337845 2.001251704889402 0.660321702701
0.00023278136299684083 -0.7790549544164977 1.0134582850023313 -0.0319447785505429 -0.3062460192773065 0.08147821747373406 -0.10324153081254124
0.00023278136299684083 1.4397361828686586 0.826880835004048 -0.31039760941122896 0.19907466310568378 -0.266995907977055 -0.026470079255304056
0.00023278136299684083 2.012482610143512 0.027330182555904085 -0.26972561039074633 0.20024827629486056 -0.12259732402983028 -0.08785729474146257
0.00023278136299684083 0.3249674156300578 1.4337214059046994 0.024224445031665598 0.47699324849921604 -0.17910170729016783 0.06741268211177713
0.00023278136299684083 0.278552889752267 0.11914579562062787 0.02783090569850878 1.2911941095795905 -1.044497313132834 -0.06519324375092585
0.00023278136299684083 0.16492811968320156 -0.31285195318681636 0.3639916971517447 -0.19145756660445834 0.35848537306586403 -0.4113338998191896
