0 25 0
0.9311254519873633 -0.00104686986034407 0.0007658869440408944 7.402784150750616e-06 0.0022261948911911234 0.001550378870390903 0.0013141146971400446
0.00023278136299684083 -0.004746663628867725 -0.8135834997681556 0.013898250343691574 -1.0350497520030693 0.38018528357900927 0.03437895472066889
0.00023278136299684083 0.266198152342315 0.20366084273694815 0.006826540601976429 -0.8292190723145936 1.6349249907628065 -0.22072639478970665
0.00023278136299684083 0.9504215723425328 0.48346888161797513 0.09658031731947732 0.11128157757133723 -0.12152720007996771 0.047822692513027655
0.00023278136299684083 0.8186525816795813 0.48313138531317085 0.11352025833525775 -0.5325522138723504 -0.45378627679159433 -0.049902541197267086
0.00023278136299684083 -0.28574765869354257 -0.4794844174347007 -0.31243673376439945 -0.7372049685893635 -0.9256135883353788 -0.13161045566365542
0.00023278136299684083 0.8113516551322424 0.35883828778419236 0.037352998060404936 -0.5423470009516317 -0.37066248155229853 -0.06479625997648943
0.00023278136299684083 0.6726211005662897 1.052862489967733 0.0733824683380722 -0.43794772186623965 0.6021159056152298 0.001616036792329172
0.00023278136299684083 0.5283212483697354 0.07501715906067609 -0.01870336511961957 0.2911221345744061 -1.1129953348748398 0.034323537653986394
0.00023278136299684083 -0.4833505065253963 0.30099680856050276 0.000372114107659553 0.005740419397298219 -1.334281871951087 0.09685142517347184
0.00023278136299684083 0.298828690317343 -0.65017157695586 -0.007749325773022742 -0.2550980609561866 -0.8010329428661911 0.054301438042480735
0.00023278136299684083 -0.34466385835926716 -0.659069107284046 0.05178377725083822 -0.7060243254339935 -0.9690174808577012 0.015237939544546233
0.00023278136299684083 -0.5082805659174524 0.0979092534336464 0.013672313813834446 0.0951450455032987 -1.3388819883780028 -0.029604395468488507
0.00023278136299684083 1.1225308547782138 -0.06481400934852469 -0.017464817136449377 -0.5919399765186238 -0.49421942794444707 0.07498476329799754
0.00023278136299684083 0.18065811677539118 0.14140505135485923 0.055808842844091815 -1.5975304449892693 -1.9209984678856635 -0.38974728831674366
0.00023278136299684083 0.3446011364304288 0.02749481241621698 0.018284814610430862 0.3191494130389244 1.7580572826801255 -0.13328919771684344
0.00023278136299684083 -1.2358065708894557 -0.12461701840838983 -0.10625779693044096 0.16185499762778152 -0.4068903034303784 0.05213845056356682
0.00023278136299684083 -0.18626611690586029 -0.7587519611423473 -0.02034047743746959 -0.577981275955304 0.45678449381925645 0.01352087395436081
0.00023278136299684083 0.3681595161801868 -0.20168732483377136 0.026947441254186105 1.2707674038778667 1.289673509730984 0.0842975059193125
0.00023278136299684083 -0.5943047806444134 -0.40360778445509704 0.09879308130915561 0.9595742150414682 -0.06794667619163547 0.06118955009366681
0.00023278136299684083 0.7312980178880376 -0.7952362709211361 -0.25694649726959845 -0.6147439233038585 -0.30552732037898156 0.16266057659075847
0.00023278136299684083 -0.1453278475271324 -0.7800784143242255 0.034433791420761715 -0.747930747609758 0.24633975459040494 -0.18498163567555265
0.00023278136299684083 -0.0012173134833736877 0.001497063588870512 0.0004910112933795746 -1.25433191605791 -0.1542034370422608 -4.72531554160973
0.00023278136299684083 0.37425628627090524 -0.3066027491635273 0.06545566019219916 -0.8851212841845152 -0.9622821116170847 0.005905815110512574
0.00023278136299684083 0.5092923948775819 -0.2521256779586343 0.0026841957325817825 -0.7743920867902087 -0.8297297921639271 -0.06571463811638846
