0 30 0
0.9311254519873633 0.00017058345852534026 -0.000983729734215554 0.0001295788679696558 0.0016655476613516712 -0.0018305282569284272 -3.022300356514299e-05
0.00023278136299684083 -1.1004266828154796 -1.6422024965783202 -0.06395012829080816 -0.22650952647998684 -0.14252134983924988 -0.011908367572865248
0.00023278136299684083 -0.19617674482612638 0.6132303191657811 0.012121920748071478 -0.7835016577473648 -0.26364917999438686 0.08055877969849372
0.00023278136299684083 0.6503394114928938 0.3381538493544547 -0.0416313861794605 0.6365243464122938 0.4971022695261835 -0.07314724844243398
0.00023278136299684083 0.6540487426450311 1.0556486920331387 -0.013617114520830169 0.04093084414146755 0.26365327699781194 0.13843630740422333
0.00023278136299684083 0.04133688822485055 1.0526891235591114 -0.03742804130178529 -0.8535600271738 0.263738617629707 0.01437684610418565
0.00023278136299684083 -0.7094424468899773 0.31309876315968593 0.032330747202738604 0.0840606000489781 -1.003407999217507 -0.0006406751658451643
0.00023278136299684083 -0.41786996756444716 -0.38862403227930375 0.1476226285669151 0.15371332934417697 1.2483818980282484 -0.10843638654870645
0.00023278136299684083 0.09218064427084433 0.6632456247955133 0.02343893539874976 -0.9394305540906002 0.26026942256254 0.038080005083889944
0.00023278136299684083 -0.7891171442086979 0.7782607681036131 0.01983023332079505 -0.2645555060499403 -0.5763317977856306 -0.08016080214313001
0.00023278136299684083 -0.26710253664370903 0.2975711363363885 -0.0036290506692925905 0.8572128804579984 1.5717756778558067 -0.16813336950115038
0.00023278136299684083 0.49356261150540015 -0.7874801874690518 -0.021466752827277034 -0.7023043405533888 -0.20787260308363684 0.05702179623597484
0.00023278136299684083 0.4880528167305124 0.5444281777198298 0.14327052505691665 0.4898069963391686 0.8287157951736149 0.03432765305233727
0.00023278136299684083 0.6043395635029595 -0.7080297698804245 -0.01378743818822186 -0.9441643233880695 -0.08253277484920364 -0.010755611943984366
0.00023278136299684083 0.9513342665343532 0.6752451132444789 -0.1597609963229952 0.33512497030684246 0.0721609981062535 -0.0041789981389303635
0.00023278136299684083 0.635643277446247 0.4704909642695037 -0.1491845036035514 0.5446113035262437 0.9571785255871192 -0.11560814680853168
0.00023278136299684083 0.5982618313002525 -0.31134072891040804 0.002262984293445298 -0.030492118732911123 -0.9966804903828196 -0.015123649522866479
0.00023278136299684083 0.1910729702393094 0.2593438003899396 0.1643220063654652 0.8402672101767144 1.6298032508472817 0.44009111739224005
0.00023278136299684083 0.5431382150145737 1.0123322403195611 -0.15561847262923512 -0.4264240443010707 -0.16242617548038119 -0.04453464540174005
0.00023278136299684083 -0.30016861455264504 -0.22798951817744756 -0.07204259271853117 1.40841110455965 1.0591996903875185 0.3355863151056898
0.00023278136299684083 -0.9265604198188963 -1.3135567060347795 -0.03411694560417373 -0.15248306923648905 0.1543105156700315 -0.10471832965849184
0.00023278136299684083 -0.3090728716171539 -0.6262175710460988 0.07072906782365068 -0.6666506314444455 0.6630510735880648 0.02829655249741033
0.00023278136299684083 -0.21362794248131334 0.48211874422434764 0.0013162988330295458 -1.31232028489628 0.46476023272836214 0.008357884842264554
0.00023278136299684083 -0.6685797699316578 -0.8715921312412567 -0.1175518682166081 0.38716239827883847 0.622761508256203 0.01174843769888444
0.00023278136299684083 0.5937711151981493 0.6600352706679722 -0.04821067472185327 0.1547051009456896 0.47649006128135774 -0.15728642695122133
0.00023278136299684083 0.13950073122234244 -0.38394902376655127 -0.034033422664152164 -1.6163938609384656 0.1762953581237858 -0.16156374625142864
0.00023278136299684083 -0.6546082066986617 0.9126223748338737 -0.030465176587962748 -0.48988435131258384 -0.3912236792908456 0.011540474916100643
0.00023278136299684083 -0.19086177905012677 0.8709342605507407 -0.062466522939717585 -0.6541541245911127 -0.4461767300237964 -0.08022748112840346
0.00023278136299684083 0.002959032068713156 -0.2345232324276328 -0.011058121670561822 -2.173813686417505 1.1804557716741986 0.02961056289910928
0.00023278136299684083 -0.6182608243992848 0.4309751119459033 -0.06554160983138314 -0.3580796225907305 -0.795168136362924 0.02928316650949744
