0 35 0
0.9311254519873633 0.0011717868457394687 0.0015916373916329228 -0.000837105198887265 -0.002546784619229223 -0.0020048966064937198 0.0003807612209888522
0.00023278136299684083 -0.7728884569868445 0.06486781110320777 0.4126784055969442 1.011931200922533 -0.07065333212324612 0.37832670550809544
0.00023278136299684083 0.1704135826342201 0.19963996055369748 -0.06640562711643033 -0.6884593343546052 1.8411176525921507 0.24882740781058926
0.00023278136299684083 0.16890732572015657 -0.41028705592996084 0.03900093538503258 0.9330336007510344 1.0201823143034483 -0.5236179962797015
0.00023278136299684083 -0.7559799691601297 0.4214263699273208 -0.03234182621994676 -0.17691880103117996 -0.2771938482081157 -0.08449169095810101
0.00023278136299684083 -0.6357336294219739 0.19141016054861645 0.12189269186066448 -0.6196398310698357 -1.1864134210477326 -0.16006839160372105
0.00023278136299684083 -0.5899454828757278 0.22091593029634737 0.5405326439384965 -0.15273049037508638 0.5059140822035253 0.709523862951066
0.00023278136299684083 -1.0478021045084829 0.3662412945530691 0.16191683829427206 0.2013900667337338 -0.16470375748730123 0.49738616355160625
0.00023278136299684083 -0.396069025043088 0.24097004625588178 0.5367156457313809 0.45656588408263865 0.13128103209067934 -0.5726385593557913
0.00023278136299684083 -0.020203590142000776 -0.036753828556530393 0.04884893543796499 3.745742515267219 2.090348841432278 -2.801377311460394
0.00023278136299684083 -0.4511402053961249 0.13580598681933065 0.1358861435440847 -0.06871513620872535 -1.4106209382263477 -1.0563650822703992
0.00023278136299684083 -1.0278089938999664 0.09727081424259235 -0.25824675146262094 0.13716147963956418 0.05585077482010619 -0.006236214160055445
0.00023278136299684083 0.29605133419686325 0.25853136399400234 0.0416755272802913 0.6448522436202974 1.6148782491344782 0.4637355038457021
0.00023278136299684083 2.842508461077332 -9.04624189055116 -0.3947536824260167 -0.06944654380227462 0.07512618206886729 0.01555132356928946
0.00023278136299684083 -0.8507439573067492 0.5743910467310829 -0.050718180338005445 0.10050822657228849 -0.010806131951788091 -0.35703892117705044
0.00023278136299684083 -0.18412445671528607 0.14807607577185222 0.27003246896039146 1.6812772753643659 0.02472695940435448 -0.06440482485672341
0.00023278136299684083 -0.4629274022480093 0.18645563641476395 0.2728201879033454 1.090210679841722 -0.2705004759578941 0.20849065222660645
0.00023278136299684083 0.272900379126568 -0.3904256458539593 0.2428013719417779 0.34686174361247574 1.515441792423003 -0.4676531897651853
0.00023278136299684083 -0.37748856582242385 0.4989620673175352 -0.08964895653215775 0.6075564217819166 -0.03813801900361638 -0.5090031277174973
0.00023278136299684083 -0.3733879508979515 0.008345862181558004 0.10136023079969404 -0.7280816934601182 0.274602804789367 1.167104610408998
0.00023278136299684083 0.5722327082139333 -0.21704496543955618 0.09899508733341847 0.9490602780254861 0.4779210926819695 0.3005143247256521
0.00023278136299684083 -1.5126156273780595 0.21470565469935657 0.5168431215204405 -0.2654797279807242 -0.10879557717873728 -0.12805264310322523
0.00023278136299684083 0.006504158349961374 0.5136391131185607 -0.11168412550879067 -0.480698802381342 0.7476638894677383 1.1290563785353025
0.00023278136299684083 0.2984301058856026 -1.7709511357936716 -0.8164148679663578 0.5391262083875438 0.09671319922522889 -0.0022272849699916017
0.00023278136299684083 2.021244861455774 -0.32259960007548516 -8.60300835698315e-05 0.07865106862299259 -0.2785139268573652 0.015582248236172507
0.00023278136299684083 0.5761738849529862 -0.5388594240310501 -0.2688117195436655 0.28049708019933334 -0.7062621090577071 0.3404806519581318
0.00023278136299684083 -0.26562235534926976 0.12839963385548153 -0.0007027530671883992 -1.7537890198006134 0.858453002949726 0.41533308419769815
0.00023278136299684083 1.2695642766786404 0.8587995868538315 0.5668336301987885 0.25616397948042124 0.19603983423985527 0.20091608124736568
0.00023278136299684083 -1.142815784726796 0.30516966654808764 0.08077998842330143 -0.2350385157738778 -0.13793001761179582 -0.22807349999946858
0.00023278136299684083 0.22041520242611848 1.1544871330750506 0.2430326331479162 0.15898336954013206 -0.570755724842852 0.04402638142806633
0.00023278136299684083 -0.21109827218169697 -0.5509189389096731 -0.14284471911100222 0.9760223165318419 -0.0784639771112638 -0.5996283360568911
0.00023278136299684083 -0.9036465980141873 -0.42930262471551833 0.24390170893733726 0.9886784133349051 0.1944297680581753 -0.03977409957670102
0.00023278136299684083 -1.2705568088475043 0.010118141504613869 0.5669440219747279 0.297749565567111 0.6280042961386039 -0.13017117431579808
0.00023278136299684083 0.14019647650133196 0.7954748218530966 0.35373868404241127 -0.6184925276658677 0.5070166521069602 0.04490922656630824
0.00023278136299684083 -0.29009090327230797 -0.2472686348837952 -0.016150867327757713 0.562605282941586 0.47362526251011394 0.02801285690463663
