0 35 0
0.9311254519873633 0.0002858948477521711 -0.003183642945795982 -0.0009851664942104829 -0.00046098307895225455 0.001597777050071224 -0.0005875231702884255
0.00023278136299684083 1.734917679396691 0.02241655780054854 0.54889689737505 -0.2925737471879001 -0.4293034920888049 -0.13100695597120832
0.00023278136299684083 -0.647309029923538 1.9613681265908904 0.06164091540373527 -0.16783545393886692 0.01895451561104395 0.004575235011313491
0.00023278136299684083 0.297840755067593 0.5028943304616669 0.16623206860031173 0.639493185911999 0.4802084951672235 0.07960292049350476
0.00023278136299684083 0.26953343606819546 0.07613810689597304 -0.014718890904837783 -0.8852818053521171 0.41149100333225397 0.7470681401097798
0.00023278136299684083 0.4331321458538276 0.7258587071915729 0.2569614255380897 -0.6110846011110342 -0.5314162612162696 0.2928956917668173
0.00023278136299684083 -0.6978893442735774 0.0926082986225317 0.18136307206409416 0.8438006004772578 0.4521206136431427 -0.026926948398012563
0.00023278136299684083 -0.7280357357606118 -0.018385038353855087 0.11279056746401724 0.27616704977494555 -0.9655198683774153 0.061592795634504725
0.00023278136299684083 -0.50415148623433 0.3362137860903093 -0.11181517103519287 0.4846313908702883 -0.483504207450204 0.34288605001474437
0.00023278136299684083 -0.5194178814076765 1.3182214919725916 -0.03705468604506635 0.00976497595431106 0.025944436227663736 0.10255910806472807
0.00023278136299684083 -0.6530132931736494 0.9157713656077389 0.12247715088266078 -0.16624098806280943 0.5379589496361068 -0.1346810556298116
0.00023278136299684083 0.34042999517365236 -0.2824202040546997 0.21899600258451452 1.464643471848636 -0.22796667209698596 0.32375832180264186
0.00023278136299684083 -0.5770396616621045 0.4808925105471502 -0.03866638467851372 -0.19946982125431886 0.35182590593093677 -0.18189762474018947
0.00023278136299684083 -0.16765660580683447 -2.158386138840923 -0.01665868608555566 -0.17106421618171969 -0.3069409240198015 0.05057409232311759
0.00023278136299684083 0.29643596986594634 -0.15187165678497577 0.025038224937231925 -0.9059071768855798 -1.5270217067415555 -0.2671960098838853
0.00023278136299684083 -0.19543876579929073 0.17868482250850032 0.03167823903467089 0.20013394014765362 1.9686493503477827 0.31465943316778233
0.00023278136299684083 0.22810582920692987 0.7018977334209637 0.30316904176667403 -0.6277478306306783 0.10411267635328535 0.5701168875297312
0.00023278136299684083 -0.47227341091811176 0.8640250451669721 -0.01949046413251891 -0.5498439777054857 -0.7707631728891455 0.036255434135194095
0.00023278136299684083 0.5476962261034245 0.42888535454749965 0.16483379786414887 -0.44140581225112197 0.4211572013885422 0.36281481609046845
0.00023278136299684083 -0.7846960024914724 0.17568088535912274 0.34543975113196745 0.366447041319789 -0.9462226831578904 0.08147964189786726
0.00023278136299684083 0.7203393013567375 -0.580124673697881 -0.01666940219731656 0.6614087702949505 0.2953528267807539 0.2466332902893538
0.00023278136299684083 0.6281590994100676 0.5278766475378872 0.08649630453540609 -0.6910223024339094 -0.005974952141382697 -0.1381127329224218
0.00023278136299684083 0.15775708496037122 1.3111507985432203 0.23848044485835054 0.3000112348762868 -0.3946133544571513 0.07180640374748241
0.00023278136299684083 -0.29737057469161166 0.26798038421939496 0.1965311821812354 0.6710276812710809 -0.6094324121578187 -0.4391681991144868
0.00023278136299684083 -0.08296827483788465 0.11380369501706597 -0.05830015251063153 3.214750767368219 0.45492366461435746 0.4042231347044432
0.00023278136299684083 0.32503289217399456 -1.3507428746013481 -0.022017510213062034 -0.2544220571368671 0.3546597658512316 -0.08329607148134947
0.00023278136299684083 -0.7593589919170584 0.034102105973338175 0.11740820056018782 0.5227621244285189 -1.013660817383319 -0.12780447011330243
0.00023278136299684083 0.2592040203567865 0.753613133586394 0.24094745787152216 -0.2422137103500396 0.6525491962221691 -0.18540280808378856
0.00023278136299684083 -0.15941418064533505 1.874921517400232 0.16717854986293507 -0.39062952834724923 0.12274638096451392 -0.001114178992681615
0.00023278136299684083 0.04221312778286144 -0.7930607419639093 -0.008277890299926085 0.5862412710158502 -0.723416607580976 0.11937603770104274
0.00023278136299684083 0.043525808111609075 0.12764867079574024 -0.2028193346516142 -0.6632124929614891 -2.280569329330439 0.3356417069647087
0.00023278136299684083 0.3412993558336892 0.7048916868531484 0.43103740701400417 -0.6972627389284173 -0.9779091823723955 -0.4417444256680024
0.00023278136299684083 -0.134603583436575 1.1289779215439448 0.18616905033510764 -0.014906339496497412 -0.10178462702620562 -0.0397253533039588
0.00023278136299684083 0.10673377700772417 1.800598171658223 0.2972305201289094 0.2495962408397236 0.22627028851968561 -0.045420747490673354
0.00023278136299684083 -0.5352990717622295 0.642441255562722 -0.013841722398571342 -0.6748228303743937 -0.974013200387835 0.04507112149824897
