0 20 0
0.9311254519873633 0.0012627214360326636 -0.0013756419732987686 0.0007609464033987524 -0.0003434447859168754 0.0004153322733252671 -0.0008975241063568173
0.00023278136299684083 -0.7419087363453986 2.472598141048592 -0.5931702341660808 0.019215183176893177 -0.16717279880949543 -0.05403417408434451
0.00023278136299684083 -0.09505991280492132 0.7840594357941089 0.4534250323916761 -0.3965191156144213 -0.08534883151821623 0.14273771151597667
0.00023278136299684083 -0.8437268795159955 0.12301377544393001 0.10277806387441633 0.805781680618097 -0.35964967463177216 0.13283136057806486
0.00023278136299684083 -0.8415630942522029 0.7456224990930538 -0.057096198931116726 -0.4627842483990052 -0.11093113341714511 0.1431511206673417
0.00023278136299684083 -0.32566630481092934 0.09275832134089332 -0.13365495466041757 -1.2670128699690082 -1.2965140604734053 -0.1263315756458241
0.00023278136299684083 0.4014833066692438 0.6124705963790475 0.031126790259529177 -0.5917672502900765 0.7504250246478614 -0.2701124524563458
0.00023278136299684083 1.7066845709209364 -3.7282116430004675 -0.5767810396454244 0.05714492241370947 0.32156386276812154 0.005681566711372692
0.00023278136299684083 -0.689319468448118 0.08176708604579754 0.027444345220157044 0.4761486955076649 0.032702355944339484 0.11810946745530672
0.00023278136299684083 1.4308609249993207 1.2561272503106817 -0.4429409230736804 -0.10794327026966924 0.4430763145098107 0.039460819715673015
0.00023278136299684083 0.2959627595808622 -0.02312406753817965 -0.5444339132127729 0.3313833966030128 -0.16854454014237233 1.2782867649858987
0.00023278136299684083 -0.5447852159063808 0.3705106684202473 -0.6372389213002778 0.6493220874465002 -0.2707775753000953 0.19227468985133028
0.00023278136299684083 -0.6971869023061549 0.6378545059875504 -0.14085888360279314 0.5093532083204958 0.07615270251338921 0.07154329156631484
0.00023278136299684083 -0.6555880797397965 1.1410952287792235 -0.7128484349733136 -0.4027726609449872 -0.17566505507846336 0.17033023410508435
0.00023278136299684083 -0.17918238840208425 -0.045019946794489694 0.30082606436111836 1.2350986243355637 0.7963238443220927 -0.00013314117996358752
0.00023278136299684083 -0.2804675929720472 -0.011428557158176022 0.07211875934673377 -0.20301879192287284 -1.765774752240246 1.0836050494127825
0.00023278136299684083 -0.8424522762192217 0.6497250354996054 -0.1953743425400024 0.5481630094321001 0.2605543364871881 -0.20850871333806872
0.00023278136299684083 -0.7322972286333033 0.1433945390745965 -0.26318803080797304 0.13539189833515902 -0.11728157570312074 0.11268486501527232
0.00023278136299684083 -1.3891841854193627 0.23050362971544058 0.05335203434179916 0.16763342824841235 0.32843368158677166 -0.21937548210055827
0.00023278136299684083 -0.02748904053413869 -0.031148605243350357 0.21272917352332119 -0.1290387833600659 -0.15290121876631046 0.9778950226519558
