0 25 0
0.9311254519873633 -0.001584786863279326 -0.001073332537193519 0.0001325308200600656 -0.00018372695803656834 0.0009155459061243793 -0.0003576231149391003
0.00023278136299684083 0.35194777380118936 0.34066138244387817 -0.020113406941558644 -1.4340760510918242 -0.381911336206609 -0.19652874169220844
0.00023278136299684083 -0.42457830372107114 0.24855895357744445 0.183571016395074 0.1163381235379339 1.1887132887317253 0.11738044979269319
0.00023278136299684083 0.9636628361309015 0.35963282416102244 0.07447515059820208 -0.014069236325827043 0.3360279018334799 -0.22558624094663168
0.00023278136299684083 0.4720626968930188 0.301489170276827 0.15225754096652314 -1.089799290148666 -0.6935716398127857 0.29843544339079126
0.00023278136299684083 -0.05005566497411795 -0.15269918690806586 0.08434593950978445 -1.3878545523440609 -2.5107362808325857 0.9669383243021227
0.00023278136299684083 0.20893815075380012 0.10781878317438652 0.003525566544476669 1.4371251578722126 1.9118329898985489 -0.2558167714412767
0.00023278136299684083 1.0111835681267725 0.616345553422089 -0.08373774229582308 -0.5241639576501673 0.4508463998674508 -0.10709289689384689
0.00023278136299684083 0.39951622387905744 -0.5827126697098598 -0.06780614865702528 0.8297588535704169 -0.44938357336705204 0.2368542463730379
0.00023278136299684083 0.27494329312821153 0.11818431799388619 0.12398499162523241 -0.7632527191667251 -1.6695704310471755 -0.31409979932427
0.00023278136299684083 0.5055168230945172 -0.8269472022507207 -0.11980868739624918 0.2340702863732519 -0.07376030861650998 0.34358687016266964
0.00023278136299684083 -1.0154876065939993 -0.835735525252696 -0.4080537276744362 0.0871172124676713 -0.10130010778714257 0.2946736742713771
0.00023278136299684083 0.359905675520759 0.5784437988140433 -0.11062436249754323 -0.09179466219847514 -0.9555471006166455 -0.02363234241813626
0.00023278136299684083 0.43704218687044355 1.0241594567340317 -0.3549709921513261 0.6607395356416403 -0.18706761667571503 -0.008346186643804205
0.00023278136299684083 1.1403528924619275 0.03376249642394089 0.2518607422990139 -0.5725954374328533 -0.4424795301966545 0.08296550400374936
0.00023278136299684083 -0.016164872089639404 0.8817646893741763 -0.13465907233016683 0.593484263492564 -0.26742194149199444 0.4054722358087058
0.00023278136299684083 -1.1200665132924517 1.2314507224605664 -0.16416966860317317 -0.05210257607236905 0.036894907717950794 0.09950863553770645
0.00023278136299684083 0.10042244198027739 -0.20179942703098794 0.03331298910845542 2.1317680661445397 -1.4647909534966213 0.2729804553891057
0.00023278136299684083 0.3211709091979178 0.5393845480423507 0.07030015489941406 0.8656189308504781 0.9005216948830888 -0.24210963242252997
0.00023278136299684083 -0.833855916472337 0.36997566530643683 -0.1572328054337965 -0.05471529698111765 0.4794101833141004 -0.058984507438057845
0.00023278136299684083 0.5121345037767228 -0.13707594126913078 -0.12998105745888294 -1.3683979457556579 -0.5851667824284814 -0.23741533957701894
0.00023278136299684083 0.3431086871999585 -0.5037547889398626 -0.008139015877015106 0.4162507517189579 1.017435684217019 -0.2566064707019304
0.00023278136299684083 0.6332598129196765 0.399673048544028 -0.1825945240648 0.9132964137993277 0.08397736170559002 0.256572070385914
0.00023278136299684083 1.3467270009547465 0.5314577394461314 0.2888389693157941 -0.06499226744204252 -0.32855334336514297 0.022649151784394125
0.00023278136299684083 0.4174608535694061 -0.14870826006248555 0.1452948698795827 -0.13284577071293424 0.043416909274640335 -0.04130567194615522
