0 25 0
0.9311254519873633 -0.0036717525757853533 -0.002305780446395852 0.00020554335351107011 -0.00015528731754685298 -0.0010202731744234893 0.00031714869978690936
0.00023278136299684083 5.9209786784306 4.883917216261936 -0.6871442124548548 0.048635531387383864 -0.09558200383392415 -0.01925627787141942
0.00023278136299684083 0.409662812915425 0.7361860675163954 -0.22659088901161192 0.09709391718735447 0.6888845340398803 0.025852318548392917
0.00023278136299684083 -0.1656533783144197 0.06106988220192197 0.03322042315563465 0.15845982535371497 -2.8085965750783077 0.3335571619297195
0.00023278136299684083 0.6326517454996236 1.0217865925353156 -0.030683454688568673 0.36945320310323776 0.2877211714131883 -0.3182750035473568
0.00023278136299684083 -0.6216752466252288 -0.8605978807665385 -0.40766160254268796 -0.26536798624636165 -0.48458569060730866 0.08449503425646909
0.00023278136299684083 0.9651099826539442 0.6171027873625093 0.08107026557817097 -0.3965223657449464 0.37667593559157425 -0.12777485076303274
0.00023278136299684083 0.60550730536807 0.09348025407121399 0.005361775194979334 1.1206175964286589 0.8610384150880815 -0.08159168082697152
0.00023278136299684083 1.0792498159550674 -0.39989512623007906 -0.04636271135837479 0.032770206391366456 -0.11697753530487276 0.08619244966996988
0.00023278136299684083 0.2147951140475541 0.6607179397532891 -0.0035671982053913642 0.42102784142895927 0.8058505646281358 0.06583521841516944
0.00023278136299684083 0.5637730598361991 -1.0158117847052859 0.10727185539566461 -0.19665487283165853 0.37490635346511647 0.05058245701488086
0.00023278136299684083 -0.158628293983228 -0.4435437890325605 -0.19301943179664283 0.6057780362454783 1.1758642636018979 0.22902228240712122
0.00023278136299684083 0.3205947690324355 0.34542910421959405 0.030826880017033417 0.6621288888705146 1.150527363752085 -0.04415694636611319
0.00023278136299684083 1.2581652902384373 -0.4838428339679891 0.11743030633882204 -0.9453841472152967 -0.13582981582017115 -0.11868131181339242
0.00023278136299684083 0.3626831260756806 0.5419551459694274 0.06796731257928516 0.7919820094990233 -0.2452117824804634 0.006959529721224339
0.00023278136299684083 -0.029806346487086972 0.7052172996582022 0.06680861705055424 0.15520866407508105 0.5919384745695104 -0.2723943826022996
0.00023278136299684083 -0.1797928578406087 0.43002753399366167 -0.1211883741049129 -1.2523845356680892 1.2075891551792464 -0.1386945463056244
0.00023278136299684083 0.41102370070985406 -0.10662983672740065 0.04433600097476681 -1.3667262632861754 0.6113820864254298 -0.20175848849036873
0.00023278136299684083 0.30707851312371953 1.5192638986014892 -0.03125072966024617 -0.2280153281939047 -0.1501212774388724 0.0017060905517303192
0.00023278136299684083 -0.3737369547104389 0.28052977974204485 0.47763401397420274 0.5987549304808788 -0.45619451317126336 -0.7656807000130348
0.00023278136299684083 1.0173187749558121 -0.004371787435647959 0.09018618477178691 -0.6347861454578256 -0.20154895505379625 -0.09376967373180145
0.00023278136299684083 0.8378534285824277 0.20748908965093246 -0.06914950256108911 0.6143715775794847 0.004363324449533664 -0.16375521163379775
0.00023278136299684083 -0.33037003034427376 0.2647702388113006 -0.11596777449355566 0.681553708556293 1.4932200542248453 -0.15597990176446078
0.00023278136299684083 0.5910339759165978 0.024403449729903822 0.003603828369016696 -0.026236667054398213 -0.410073392013445 0.2980704473416404
0.00023278136299684083 1.049193318100287 0.1444685443671015 -0.015304996566253455 -0.4246083547013617 -0.4441474579321471 0.05090118672571829
