0 25 0
0.9311254519873633 -0.0013944684427784834 -0.0004817772432544394 -4.4341447039782485e-05 -0.00043008266776987177 -0.0012068635945514663 0.0002938853630662916
0.00023278136299684083 -0.5750948010540293 -0.036722191912157615 0.07790614146109857 0.4477186985325438 1.5050803271526956 -0.01799910517574109
0.00023278136299684083 0.16797995223447415 0.7183970567774686 -0.05011067483406077 0.22099830745929333 0.6574729242559462 -0.30858995976667525
0.00023278136299684083 0.9858978614882087 0.23556251377143436 -0.29611896358405315 0.07238565694334562 0.41788728128715696 0.07710516086942829
0.00023278136299684083 -0.24748462163117874 0.41272431321384007 0.0018234157312619107 0.21147692873257729 1.7181564770714493 -0.033207887920287275
0.00023278136299684083 -0.09932449188184783 -0.3572007155040394 0.2586700758981203 1.0988389580353135 1.1617271088539516 -0.44063658996287003
0.00023278136299684083 0.18810900170225534 0.0034956078552259235 0.03173228095015082 -2.6014342991959287 -0.9799454767929373 -0.017538002024889143
0.00023278136299684083 -0.26120510266196917 -0.37822791060812705 0.14096098757654912 1.5578571419642002 -0.8080885441209756 0.07261620402974467
0.00023278136299684083 0.6251847230606019 -0.016826040599394427 0.0072497548859578745 0.7222232180213081 -0.17021444251160642 -0.0003654739754044707
0.00023278136299684083 0.39527361462817007 1.4649706911019775 -0.4087023768632852 -0.4176418111301832 -0.48833086798333675 0.00035940087655897054
0.00023278136299684083 0.9558251730986493 -0.9743833251409968 0.06344239140629856 0.03523613014212246 -0.19083351945712632 -0.015198352766741698
0.00023278136299684083 -0.7120491057511925 -0.9743735011557654 0.403890551072579 -0.029519792128296238 0.27522157748164655 -0.12389436457014177
0.00023278136299684083 -0.002958428016854439 0.0010579669188702527 0.002387042314468736 0.7390262667307881 -1.2091855591162066 0.0721119156936153
0.00023278136299684083 0.6713168974941199 0.1469040320440192 0.0573516759447942 -0.3859119350272323 -1.090133790283283 0.17593383025385884
0.00023278136299684083 0.7779901948936189 -0.2697430821434805 0.07488307477422768 -0.6820698213117957 -0.6626499333749666 0.1113172209986751
0.00023278136299684083 0.6450478756078227 0.47229606784047645 2.6145811301075425e-05 0.23412473446517018 0.6876152803720028 -0.12622935186455178
0.00023278136299684083 -1.2536178403857758 1.52910418842988 -0.02862011073757433 -0.15233213416625582 -0.01208879685492731 0.03839371352648166
0.00023278136299684083 0.8078263817190201 -0.7342008972591614 -0.0232631213350011 -0.004422971673282096 0.06287313461586565 0.1440961751560656
0.00023278136299684083 0.7039355289647317 0.5382308135019033 -0.09804677204105094 0.413132216182156 0.5834378381399276 -0.272380052982386
0.00023278136299684083 -0.36199202552078913 0.42943169236793466 0.036159349815492105 -0.909669048209994 0.9884504728490384 -0.040848225185711996
0.00023278136299684083 -0.10539884665989165 -0.05540780172394815 -0.0034012058944864407 -1.3664153675493425 3.5316669627602257 -0.4744008824161074
0.00023278136299684083 0.61302513303482 -0.5761427876821843 0.08228120796591808 0.35708718510259607 0.029067281594982338 -0.1359706939795636
0.00023278136299684083 0.6063098086594572 0.05962118675501853 -0.1508137578278175 0.00954963904356128 -1.0938525858784915 0.21964014515036787
0.00023278136299684083 0.4457797917587759 -0.1689466278265737 -0.06357675656016235 1.325917321844243 -0.2021315075826971 0.04332590919305636
0.00023278136299684083 0.6074970963353312 0.4574877239942942 0.061255432228402566 0.8241754482725775 0.11625273572752436 -0.12318218542194727
