0 25 0
0.9311254519873633 -0.0021928528384272195 -0.0008100908731709656 -0.00029325229840566875 0.0004768095925912307 -0.0007824474636160266 0.00020350070032986136
0.00023278136299684083 0.8630678875084018 -0.45504884278478175 0.0837027810313024 -0.2555201904004617 -0.66440957595621 0.24804248966153014
0.00023278136299684083 0.25409801363942164 -0.04185866161151238 0.0018575603915368711 0.6930459584865847 2.047943119829373 -0.19774173928355024
0.00023278136299684083 0.7399445454844206 0.41314334727633595 0.10531059112451627 0.1807169207156648 0.017675799561491647 -0.13720726758121699
0.00023278136299684083 0.8666054964616378 0.02577941082680415 1.0512768723762438 0.5689258602946758 0.28252215610928133 0.16717432942374674
0.00023278136299684083 -0.1514376317949252 -0.22059625057195217 -0.17822878685081012 -1.1363190171697939 -1.6792028958629182 -0.3104884531041992
0.00023278136299684083 0.9955836084669216 0.6712655730148911 0.015214747692840149 0.20905112738059442 0.3270703838411052 -0.04542546256596166
0.00023278136299684083 0.5702243384236949 1.1846838832591653 0.49177094823880546 -0.48594812257934017 -0.1559903599312208 0.007295669295281673
0.00023278136299684083 0.8863054075906831 -0.0634152077805952 0.04099282142797553 -0.3048146519105769 -0.8099337900708279 -0.09945536197723938
0.00023278136299684083 0.8481061576191601 0.6917401383048724 -0.1452951621766858 -0.023024877819045927 0.7159238559515982 0.04460399153848993
0.00023278136299684083 0.6512532008358425 -1.0313728820415016 -0.03375202662830949 -0.16358015656369979 -0.5262575588355941 0.03995201485203456
0.00023278136299684083 -1.130682791958674 -1.4565105340940492 -0.044531073110550094 -0.10656597162191955 -0.01792428202969111 -0.019846564364404327
0.00023278136299684083 0.22211190189293817 0.8240830659537836 0.08759931016901348 -0.74119551723033 0.0607038216015455 -0.09411368692924742
0.00023278136299684083 -0.07355705319405106 0.3731702116576031 -0.148647434288762 1.0132334810583399 1.5420271918848032 -0.18748576069545747
0.00023278136299684083 0.7023054756942048 0.8441557746544432 0.018009937322875657 0.10471342092541246 -0.3430432956834927 -0.2025354382490945
0.00023278136299684083 0.35001911184109397 0.306257088387586 -0.007252618789580396 -0.36389433577264363 1.1352724797227405 -0.13939994583746929
0.00023278136299684083 -1.0945444316583168 0.4051925805754118 -0.015319988983019074 0.24863999851690874 -0.5137616542976612 0.1095051079072987
0.00023278136299684083 0.7743562626541646 -0.5106915056023797 -0.09296845765263986 -0.43590023202592504 -0.3765648417147255 -0.053818301311526796
0.00023278136299684083 0.369782190997257 0.7795091021302086 -0.08006286666913351 -0.2858381758488752 0.7833975628674068 -0.06804755402615649
0.00023278136299684083 0.11834536877302398 0.02024918722692573 0.00266587038132719 0.024310761607461137 3.674347190322265 0.20241278637583948
0.00023278136299684083 0.7187730361879896 0.5244130520262755 -0.23142872823497407 0.732938298480269 -0.38174913027593554 0.026921942735729995
0.00023278136299684083 0.40075723133785895 -0.23398666538735075 0.060650749259393184 0.33794939065405083 -1.1695766088529864 0.0917083728837251
0.00023278136299684083 0.42862673449691224 0.20218535858625042 -0.006582041027279288 -0.8793168404293226 -1.3305931473446975 0.06849714021978977
0.00023278136299684083 -0.051937977339493194 -0.26974654171910745 0.05907256931187272 -1.7131185188273315 1.224409518375317 -0.3520023042928588
0.00023278136299684083 0.5133052697481278 0.25776281039516447 0.1389536193067195 0.8742730197143689 -0.7124960847468603 0.08745119400547094
