0 20 0
0.9311254519873633 -0.00025037881718626055 0.0014796612082893065 -0.001715744008133792 -0.00017443875318353785 0.0007593360260980987 0.0006314086338756008
0.00023278136299684083 -0.11885137233536747 0.003402289552723785 0.6014650795061172 -0.1833942929329639 -0.03782507723713751 -0.9315217772124466
0.00023278136299684083 -0.1274505406048228 -0.09606769667291666 0.16962780905541608 0.20688124736556318 -0.7285566223721223 -2.376641052687812
0.00023278136299684083 3.8688758909192793 -2.4369345800730877 1.6205378050357635 -0.0379379836212175 0.03652887133409661 0.14076974154783262
0.00023278136299684083 0.7884123331928762 0.23608867380731355 -0.8078596144554789 -0.19437307481639615 0.6638322318589511 -0.4796283870080314
0.00023278136299684083 -0.14454359692375268 0.053455873624214646 -0.3976190826505647 -0.9760200577300433 -0.4573543254350343 0.41791433387690585
0.00023278136299684083 -0.2707816877806248 -0.5028627371937431 -0.07232214635375438 0.18996712941059263 -0.6617999018812066 0.680173973976587
0.00023278136299684083 -5.476426528217111 1.158439669837746 -0.9757105132980168 -0.3014425139774597 -0.0040215879916733754 0.02037591512862536
0.00023278136299684083 1.209278868432334 -1.0154229656532696 0.08565067130327135 -0.45416669912451907 0.1971478483741708 0.7056701313108544
0.00023278136299684083 0.2284795641657737 -0.6235431502010318 -0.19396383526719824 0.12585573164652003 -0.09406608606442707 1.276785469915605
0.00023278136299684083 -0.06702322614257732 -0.1766510431756609 0.1744399451554039 1.7235997722182066 -1.2118572783628154 0.02364860560377685
0.00023278136299684083 0.3455110181352441 -0.40642778168625276 -0.02163914516649893 1.1324717024923354 -0.06754639755696987 -0.02648412251193333
0.00023278136299684083 0.35530339858595256 -0.43483904686421776 0.20652312468799774 -0.04887683961097843 0.9695329215947215 -1.086548338059457
0.00023278136299684083 0.5212727483738753 -2.8583253327953297 5.371880241075052 0.02559390150434698 -0.21737160238826983 0.3305776448731549
0.00023278136299684083 -0.33419705042744574 -0.14747059414689928 0.14845902159248722 1.2450600622540688 0.5580665607732198 -0.5525905140935491
0.00023278136299684083 -0.3445500417222595 -0.033527966010665974 0.01583409701559695 -1.4729440476616567 -1.0515900827402935 0.8018918787651317
0.00023278136299684083 -0.17835382063256305 0.7440443034504873 -0.5009731949613718 -0.37979706231245414 -0.17295292919275243 0.27237643914006937
0.00023278136299684083 -0.18346787114335397 -0.22585971714679456 0.07523252629437888 -0.2772375176446318 -0.5817702511857402 -1.40251622394398
0.00023278136299684083 0.3857010680826691 0.4955739997783435 0.7134479720640939 0.8017548507097664 -0.23675862237126452 0.5578154167694106
0.00023278136299684083 0.5443261147212817 0.34828296843013146 0.6499652719024672 -0.42723929543492734 0.06101822645215159 -0.8977036708931476
