0 25 0
0.9311254519873633 -0.0012963599090649385 -0.0012454942879621517 -8.297625800435437e-05 0.0013967020811523497 -0.001165168526819124 -1.4823855432355505e-06
0.00023278136299684083 0.8283936281508062 -0.4191630199411261 0.168615023624916 -0.578525429587188 -0.0413466085544651 0.07026685626325502
0.00023278136299684083 0.1413203693169068 0.529511856712325 -0.08945358248042988 -0.8166316560472873 -0.7385243317699973 0.046247822284777286
0.00023278136299684083 0.8037027664493882 0.20673071660450293 -0.11736703900192139 0.6047126798948684 0.1522540211284611 -0.20184613866030857
0.00023278136299684083 0.1454108817429558 0.9240219960520104 -0.09522313942082884 0.5377154891290896 0.7018505684367792 -0.0983387730578088
0.00023278136299684083 -0.6945405736797933 -0.9410848586303429 0.1594560336494245 0.06809411438605405 0.21632644425769856 0.31734367600133695
0.00023278136299684083 0.35069004489926947 0.2809133373647108 -0.0032298070300340494 -1.313680865560357 -0.9698374114249865 0.20622164953147423
0.00023278136299684083 0.18763611332555127 1.0281173633448166 -0.21911789102866702 -0.2197036820866409 -0.03606135801719102 0.1559062529846693
0.00023278136299684083 0.2947901055665135 -0.061517892086547246 0.07838681595226216 -2.069529411209587 -0.1230755930006453 -0.18851364990785482
0.00023278136299684083 -0.13766791479166507 1.00403684094904 0.10519638602756708 -0.26248810125836536 -0.7430048179479779 -0.02732860661915922
0.00023278136299684083 1.318455039860486 -0.8996087366536403 -0.027390425087956652 0.10421405540529802 -0.25078185119941737 0.03347730943608033
0.00023278136299684083 -0.8076163550435717 -0.9662922447687518 0.3465839810790579 -0.1342415966088079 -0.2316738309297872 -0.04799325329412791
0.00023278136299684083 -0.012833981521431496 0.615990138302751 -0.02496529217206762 -0.12337438257619229 0.7923684774746731 -0.06274291345912526
0.00023278136299684083 1.3991499184659437 1.1096982998247829 -0.20927431720574233 -0.010615276009403736 -0.3539333875748361 -0.08233386835305469
0.00023278136299684083 0.10217547866771691 0.6714440437397298 -0.16617359475387505 1.0409557868566632 0.1935262054483299 -0.3010596117876085
0.00023278136299684083 -0.11852116379891277 0.8329481818851258 -0.04743392648849477 -0.010561422268694026 0.46853124891560494 -0.08304464410131555
0.00023278136299684083 -0.8765596040166002 0.13345082534080105 0.17169254766966754 0.7940499358032089 -0.6013665309675069 0.15661694089272146
0.00023278136299684083 0.24928311111989113 -0.18768852056737784 0.027578798068785184 -1.9685150426109694 0.9193695496913583 0.06881506911463804
0.00023278136299684083 0.28123558686780503 0.6177431749282795 -0.014713175660631178 0.30038933744463225 0.6201473265051456 -0.08641054343563306
0.00023278136299684083 -0.13561258469227064 0.31600424867502164 0.046649512986862235 -1.288803893274918 1.5203239214599114 0.09010143289104472
0.00023278136299684083 0.41667320863906 0.22353909016785795 0.32825956672111195 1.2381412935577303 0.07887300977533458 0.33311588491988453
0.00023278136299684083 0.3242100055715935 -0.1897370605843738 0.061249398415250504 -1.3594588231840865 1.1235022473080585 -0.23329063684650536
0.00023278136299684083 -0.17666218644782683 0.6487150760890603 -0.1196779660422092 0.5794384887870818 0.993899306785332 -0.11598512611524546
0.00023278136299684083 0.16081937949947633 -0.32291074080417004 -0.04891726021943667 -0.6342549298434023 1.2597079588391977 0.19142729423713878
0.00023278136299684083 1.141508362105479 -0.1728849640966543 0.021174384414822982 -0.06413499374813604 -0.290400457362582 -0.13472288074633093
