0 30 0
0.9311254519873633 -0.00258845161670512 -0.0013512643211572263 0.0011586470725398978 -0.0012278809794701337 -0.0002879133586855428 -0.0007162602016582543
0.00023278136299684083 -1.4485617023026311 0.5412549925640462 -1.2631894292504524 -0.341706923641473 -0.1002639830830772 -0.18567183129042625
0.00023278136299684083 0.656916276678674 -0.019392257772327153 0.10032906569033026 0.37577160374164964 -0.6818438589825918 -0.22354366221764213
0.00023278136299684083 0.205015127736028 0.5510802956289327 0.13202463719345825 0.8906361216417737 0.590265382421839 0.41424597027648763
0.00023278136299684083 0.9250871498498782 0.6136827444989055 0.45003380631419226 0.4520374890469934 0.3063440389732963 0.08317631470516385
0.00023278136299684083 0.7168277754982074 1.0785240793122217 -0.8258662788149844 -0.6854838843372948 -0.20645050091518266 0.0005330942709402978
0.00023278136299684083 1.1112488603556954 -0.2725171529425918 -0.1312774762253473 -0.10815414247092485 -0.2527976849386023 0.5218212910418585
0.00023278136299684083 -0.01834621453378613 -0.39456577976336593 -0.12469740004053273 -0.046871408036535875 -1.2567011869506097 0.6366987098738143
0.00023278136299684083 0.524736826916268 -0.6054159877641374 0.04789669407111183 0.24330430565986666 0.08817611770785545 0.6792368102905737
0.00023278136299684083 0.2201370152568078 -0.513260404295242 -0.09199979950075399 1.0345848949278624 -0.26813999503533037 0.7822529015378622
0.00023278136299684083 0.4325445569780552 -0.4024920725916454 -0.7019021789538127 0.8706106908501468 -0.3591291452217389 -0.15399998680680865
0.00023278136299684083 0.21982090781225147 0.4831959362905384 -0.06518707914486857 -0.2041468272842241 -0.43309834144111553 0.060872826577121696
0.00023278136299684083 0.46748028880544185 0.9509791938199682 -0.27359607017623433 -0.5285745048814487 0.396912617015794 0.17509832384218746
0.00023278136299684083 -0.020205048543614258 0.8768871099115346 0.09249386530205969 0.8119793529998045 -0.06996680631691705 0.31327346428234654
0.00023278136299684083 -0.9777288518308956 1.0822977185362372 -1.259583890050022 -0.08988578140804648 0.29665326024042027 0.3004924918195023
0.00023278136299684083 1.2220426763019534 -0.30786885123531404 0.17269750369789177 0.3842528352142705 0.06044311914546574 0.07957848128835492
0.00023278136299684083 0.5867051272924536 0.349755949344394 0.2921805009470413 0.21123896354707952 -0.1556212639068863 0.3306450126576883
0.00023278136299684083 1.5274000436675277 2.024363754138127 0.24205836790781907 0.059001738248640405 0.08705023004517005 -0.2180556823815625
0.00023278136299684083 0.5996655133502838 0.026000775686769152 -0.5946375007340855 0.22240423969558143 0.46099933877284766 0.3652976910376233
0.00023278136299684083 0.34389835024716736 0.6253918057776031 0.18876520248431317 -1.116264861100537 0.31412019885581505 -0.14226722460126898
0.00023278136299684083 0.05124839863714426 -1.4557342461339542 -0.09750094573529669 -0.1274182856135022 -0.09005572942678083 -0.2749544409146826
0.00023278136299684083 0.4024570192675173 -0.4250936126394857 -0.014459938046677013 0.4962565744056004 0.7701369661126589 -0.5445025770596418
0.00023278136299684083 -0.9243109690709319 -0.5331099403344881 0.4079893726084836 -0.08983361073049351 0.291726152238736 -0.2839378674853667
0.00023278136299684083 0.7435673670552884 2.8681912480956933 -1.3729933498511666 0.16700165195343397 -0.11899583213039185 0.13906802165978294
0.00023278136299684083 0.5626162604160664 -0.7524539217554957 0.045932899070591525 0.0627638939901881 0.3819101847622032 -0.11560502742331749
0.00023278136299684083 0.9486148557115852 -0.12305559582424265 0.2113324346346517 -0.4960831203605776 0.2692685241119205 0.3754527168438235
0.00023278136299684083 -0.3707106066783025 0.2800740427146245 0.1200851355467083 1.2374039802436219 0.9868830886764983 0.3080528399409173
0.00023278136299684083 0.4233966285185991 -0.6644071477402793 -0.04201498267648062 0.10794996658354625 0.04378389730815035 0.1808136196212653
0.00023278136299684083 0.7834768445289144 -0.48566633874813014 -0.14833044841191373 0.06349068891899846 0.43939737156605696 -0.6769507138112618
0.00023278136299684083 0.43876598887523627 0.008410947837897084 -0.1311710080156346 1.0552582760765319 -0.6393527248633251 -0.06208076094231811
