0 30 0
0.9311254519873633 -0.0014290143042509397 -0.0020415444730519767 0.0007305755514965003 -0.0006097776371488004 0.0008717780533678876 0.00016853233516318395
0.00023278136299684083 -0.4060808929942341 -1.5805580749537544 -0.16396299226181446 -0.27124475197692466 -0.5766472361468935 0.01153192017527355
0.00023278136299684083 0.3023622994041794 0.48289097134021775 -0.13109367176938289 0.5488552691705711 -0.2884641687384843 -0.13239614471965577
0.00023278136299684083 -0.36866302806000156 0.18346784013027712 0.06003819715805658 0.12420969850800682 -1.763849811749808 0.4071651539263968
0.00023278136299684083 0.7799374330774504 0.9159221236715755 -0.2523626094824682 -0.6964782036150265 -0.3603512530539382 0.13105371880108904
0.00023278136299684083 -0.5057430338588049 0.4749551849985042 0.11844295309585107 -0.38356412049408045 1.0544568439729134 -0.34362096545797177
0.00023278136299684083 0.2883981950717216 1.651119935341408 -0.34388262012913107 -0.06356157208756352 -0.2970614786748178 0.024232872920739425
0.00023278136299684083 0.2770058436395619 -0.4747567246676661 -0.08018590101204187 0.781025464058855 -1.0183023712681156 0.028487954264075774
0.00023278136299684083 0.2245221594645418 0.550814234339692 0.013759451116521588 0.8328045675810878 0.007382715956700262 -0.09555817343562277
0.00023278136299684083 -0.23167232898119558 0.8872202710911562 -0.4185102917181357 0.3020611343113796 0.3334522296383873 -0.13589736915522468
0.00023278136299684083 1.0808347731385495 0.444548567085488 -0.14502140374814745 -0.40666863721987623 0.08256365267906668 0.047659080059366386
0.00023278136299684083 0.6888169940701808 0.1525757462807134 -0.1720097532547934 -0.962430943085891 0.3936332823940313 0.11007943043614347
0.00023278136299684083 0.6907113923996222 1.059607410120803 -0.4245695539883103 -0.009252823813011301 0.1568771281752756 0.20198580016041673
0.00023278136299684083 1.0663227812178555 0.6026113048092231 -0.5131072995965531 -0.1807814406813596 -0.44298469863642015 0.09849180169585442
0.00023278136299684083 1.80703721336621 0.9110542410075839 0.16615694697356306 -0.5026099287593401 0.00413002116545139 -0.10151128718806623
0.00023278136299684083 -0.33111870755214 -0.31035497953242047 0.13917462206313727 1.1860582460147824 -1.0620423276786262 0.17833502799689813
0.00023278136299684083 0.17228541526028932 -0.36354550286644305 -0.029870002209028735 1.2546116125823155 -0.925830352931405 -0.12876894322284185
0.00023278136299684083 0.2791541173773413 0.2791493871461553 -0.23761416415880338 -0.5663021818218368 -0.564315621029708 0.4759469468324154
0.00023278136299684083 0.31299740203807597 0.1480039374027339 -0.22169885742376033 -0.982708786904376 -1.3749340819917357 0.43158908649519584
0.00023278136299684083 -1.6735083503756305 0.03792899088844433 0.43936918243366 -0.35138813079524517 -0.23302791135000636 0.004956860774223861
0.00023278136299684083 -0.4425192930562753 -1.5079935427708313 0.21197454324301127 0.03992868784992692 0.17255303681886625 -0.30258249923675207
0.00023278136299684083 1.073431478172963 0.23034010505312197 -0.04726373723800804 -0.41501681717559663 0.4842912272897505 0.05221860294379411
0.00023278136299684083 -1.621734674590917 1.6576510609190611 -0.1298787544469853 0.15110801721248673 0.015550726645466636 -0.05805229554597838
0.00023278136299684083 0.6151691002388983 -1.4315161441642514 -0.22313072804952425 -0.06302868633454961 -0.34794395829768876 0.005997652945714488
0.00023278136299684083 0.18417947717311886 0.05217677856697032 0.00916479233600976 1.6980390973890513 2.0583957142049085 -0.6597495120669998
0.00023278136299684083 0.6849679420327272 0.22061251230081297 -0.08652542452662612 -0.6721605558169457 0.5774812085380253 -0.17453428330066417
0.00023278136299684083 0.07379733932078704 0.9246494745154971 -0.15663222026225607 0.5805314069433053 -0.18577623264629814 0.14170960053541387
0.00023278136299684083 0.5449499776098691 0.9866697036080427 -0.20035683601177304 0.26118159816772596 0.04672670237614443 -0.005538504676195344
0.00023278136299684083 0.0911774994834105 0.37849145146875385 -0.09238710674954517 0.21506041004072776 1.1094567184857724 -0.6360314401845424
0.00023278136299684083 0.05903869291230797 0.6024416290724298 -0.01031896636872131 0.9908329193466016 -0.542531917618384 -0.25132943342523156
