0 15 0
0.9311254519873633 -0.0002801580792077771 -0.0003238289443753726 0.0003201391340005793 0.0010424666361624657 -7.091241189169684e-05 -1.8891692358594104e-05
0.00023278136299684083 -0.5491524144790387 -0.2937782523233908 0.12639808137311043 -0.8647248930587896 -1.032235534031093 0.34137864694470504
0.00023278136299684083 -0.1373492307521431 -0.34641448605991343 -0.442154455129853 0.21132167307842645 0.5399482942070031 0.6824634745031781
0.00023278136299684083 0.067549087233179 -0.126545265106723 0.050038459312467254 -3.2709223270787833 -0.3017063010039335 -0.30043835003097047
0.00023278136299684083 0.8906646639505055 0.14242779837297628 -0.3296558695143667 -0.6125384316143789 -0.4058264716634462 0.06955206048860048
0.00023278136299684083 0.6180539600613351 0.3686939212612438 -0.07148695887420448 0.3427000637178834 0.5804083180474532 -0.031127656500737153
0.00023278136299684083 -0.4698556270190419 -0.11377128592123811 0.1049494425671475 0.18181936917504296 -1.5434607044553184 -0.03681907126732107
0.00023278136299684083 -0.9654770860893953 0.6346547825309843 -0.04747054280982647 -1.019460893766744 0.123192940565676 0.01600495725375796
0.00023278136299684083 -0.14997615731922126 0.2241859689151046 -0.042273069668572215 1.183592123987208 2.1057965924196083 -0.3780856787099998
0.00023278136299684083 0.2495820114367803 -0.818054808915173 -0.007555497304392988 -0.33032220814925706 -0.17824175835287587 0.06448394169379314
0.00023278136299684083 0.44726038033915544 1.0508869851537121 -0.1903111280573946 0.621772873321348 -0.030694369190570513 -0.005734900001978904
0.00023278136299684083 -0.10287090931009099 -0.34074433511167956 -0.030037701423754462 -0.6097978385242618 1.1401248975302454 -0.08063534082117622
0.00023278136299684083 0.35721390807362696 -0.615945451999074 -0.049057858950835996 -0.8646742760992009 0.18853517532168163 0.0550732837758351
0.00023278136299684083 0.6947705164060538 0.9549516706301834 -0.4129724038779948 -0.31180228713735125 -0.3009652853350878 0.09336306042445859
0.00023278136299684083 0.17021921429455347 0.5747685360771723 0.06103296635617109 1.1731705074989944 -0.6012261464925521 -0.4139116583177682
