0 30 0
0.9311254519873633 -0.0020199475803541153 -0.002333840904281011 0.0010010987253804278 0.0015092401725253347 2.8834439458136492e-05 -0.000912151508353716
0.00023278136299684083 -1.0140478450665438 0.05249953421829475 0.1294167643002613 1.1156123008511862 -0.11881531607050375 0.04604148097474439
0.00023278136299684083 0.2282182719924801 -0.35871907752118004 -0.07976976055409618 -1.4142133023730505 -0.9213065497946067 0.5366372442021248
0.00023278136299684083 0.537925416895241 -0.04531722714919818 -0.11634674965328225 -0.7545820293141419 -1.2344060466965134 0.10749680329318116
0.00023278136299684083 0.006283114091360726 0.9745278174151115 0.009281219891069139 0.3111358839323001 -0.14960803756048366 0.22049439250278613
0.00023278136299684083 1.2844662088277776 -0.5687011571595635 -0.20493645160639526 -0.5703704357257519 0.005238306633178509 0.0215521492196854
0.00023278136299684083 0.20482262097890966 0.4998224966465991 -0.05414069807995273 -0.27182929594041044 0.9523354157557405 0.3076867205120931
0.00023278136299684083 -0.10777402675982684 0.20305346785679224 -0.013473146841877382 -1.8781928073394112 0.7585268056101264 1.7076322328452322
0.00023278136299684083 -0.6323470067356246 0.17792191996272197 0.13504627535432248 0.8331722010490482 -0.3638115631859661 0.343336110621429
0.00023278136299684083 0.21369708959114866 0.7080905959006442 -0.1484842929505573 -0.4805961194767298 0.5448965784436622 0.17588303090278778
0.00023278136299684083 -0.6904368120959727 -0.8524198560588114 -0.037193384940604424 0.7524502071072484 -0.4522833582434128 0.0787714644551511
0.00023278136299684083 -0.8563527419063474 0.3234474113249493 0.365071000597519 -0.1641463030461675 -0.7062092587679785 -0.1703415384883997
0.00023278136299684083 0.20279151971133635 0.9829258011417175 0.24630834770682897 -0.38491002830275234 -0.5434210111321881 0.24230614368767417
0.00023278136299684083 0.9155904046432392 0.5768914884527658 -1.106530019514484 0.3072358168530321 -0.31934438083846806 -0.11160750287055073
0.00023278136299684083 0.4318579418113576 1.0893901898752334 -0.041257868584526854 -0.5817820889267092 -0.007613256167898191 0.06282599598740121
0.00023278136299684083 -0.452828363036968 0.5038183501741439 -0.4612756107868423 -0.4514651509132151 0.8922852055089009 -0.075129442151531
0.00023278136299684083 0.6431684013660413 0.21819206329027607 -0.2458247477775409 0.28150990036243695 -0.5431524913363915 0.6586966749506117
0.00023278136299684083 0.49584656115305353 0.2666645539298426 -0.026801994699413714 -0.473845238606627 -1.21811986772479 -0.33131342257390484
0.00023278136299684083 0.5350823002954577 0.4156320639699453 -0.32054484969063385 0.06258624905786908 0.21358045760262717 -0.4232693283572393
0.00023278136299684083 0.004032878640985094 -0.5441643471487834 -0.2282913891838096 -0.5194688159835497 0.9885696056309243 0.7392995469991369
0.00023278136299684083 4.376363766448703 -1.278127746514613 -2.1080338511853487 -0.03311795675330009 0.0645933634108478 0.04268664728609119
0.00023278136299684083 0.13081887628598005 1.9014711142737608 0.19400445226582494 0.12391493834541686 -0.12742775315018845 0.07316380209757971
0.00023278136299684083 -0.6505911821685341 0.2715947923100163 0.12290535082394245 -0.27178660276604855 -0.17429932078423488 -0.8810535975312769
0.00023278136299684083 0.5018211611308837 -0.040500592444279455 0.8484557152890032 -0.10804591885698678 0.4686827917237097 -0.007686994836283072
0.00023278136299684083 0.1961601511952674 -0.014638596259496565 -0.014628379960884263 0.4091855647962043 2.425871713384502 0.7186118861697157
0.00023278136299684083 -0.10638820514912145 0.638073759237473 -0.11451941836403189 -0.09645450069905241 -0.6739175894755154 -0.017999564367469092
0.00023278136299684083 1.0577115186000428 1.9422330628197972 -0.5980658180570293 0.19517171768996225 0.06036339410699605 -0.06697511205571052
0.00023278136299684083 0.30897745820716216 0.30299774214652186 -0.344825522286341 -1.2315468895025101 -0.6589071811255515 -0.17995233828512466
0.00023278136299684083 0.5489801479056134 0.5237695121734761 -0.04206682163398291 0.30482639189242217 0.021242185608535958 -0.42815221490332006
0.00023278136299684083 -0.23405930544184161 0.4649344802390377 0.2521267486011995 -1.047408377512057 0.7011194008023789 0.25896476312824857
