0 20 0
0.9311254519873633 -0.00019473319522747893 -0.0023258411001975373 -0.00015453045178230316 0.0005814584224493692 0.00016201332483603377 -0.0002876485261029459
0.00023278136299684083 1.0435326641291212 -0.15055536470657058 -0.04470487440730901 0.6299154768248724 0.3957844248726308 -0.18064123982854238
0.00023278136299684083 0.00362269709569151 -0.4739169135327046 0.21903166795309487 -0.36896478294937807 -1.4511435331673375 0.27265082397481555
0.00023278136299684083 0.3047819856107116 0.5766686970488347 -0.007001126729594206 -0.14839287860079634 1.3024765256901931 -0.1876402936556587
0.00023278136299684083 0.35382375855543696 0.13932611194508776 0.06334768072247764 -0.08099368527348627 1.8297379394241926 0.03221458486327872
0.00023278136299684083 -0.8933812639042839 1.3006978296533545 -0.046814732280701814 -0.3100551018725378 -0.43213930850272464 0.026160625125048107
0.00023278136299684083 -0.3175583400896617 0.32594617034249335 0.05795023337029607 0.7583085333724036 -1.2647033048643836 -0.05038279072907272
0.00023278136299684083 -0.26310640673495267 -0.602453429529822 -0.022875100834573354 -1.2438532008474514 0.6811599143206911 0.0432536841889543
0.00023278136299684083 -0.23455068349008582 0.48776205729702554 -0.16349907016198562 0.6600081127461017 -0.7363520850325954 0.12105454513428507
0.00023278136299684083 1.0995429106134194 0.9189111739271394 0.2839983940001563 0.5276611551339218 0.5160199380067801 -0.045653453176173836
0.00023278136299684083 -0.3668215273441561 0.4253773949425939 0.13341142998162805 0.03932780818761685 -0.9394555688245743 0.21531074847066853
0.00023278136299684083 0.42342767819019883 0.5373093644875179 0.008682297295638167 -0.5172251472752788 0.24627686127886703 0.3271996434902371
0.00023278136299684083 -0.8476757502191996 2.0119969251772587 0.10538155350387401 -0.22568216566667934 -0.10715502960656394 -0.05085166042259729
0.00023278136299684083 1.3863324840669868 1.0669720904898703 -0.011400106266842838 -0.4711559987813266 0.11680989516096199 0.04237072694319815
0.00023278136299684083 -0.3227906676444044 0.6465936693394146 0.056211501366747095 0.42411311184880174 -0.2877967207432427 -0.34724894910937937
0.00023278136299684083 -0.8881468776831543 0.16175196720960208 0.11443733367020052 0.6419387786015126 0.40944799961180456 0.04521708045380729
0.00023278136299684083 0.08674996892070876 0.9543139276203227 0.0629373174256149 -0.2406570701218826 -0.8350164731477895 -0.058971351684814544
0.00023278136299684083 0.19264239519422008 0.23409306279639455 -0.025092217307507853 0.04060241946527084 1.928867864113579 -0.08791473992233245
0.00023278136299684083 0.1867925887413283 0.12754846274041945 -0.08242570738497414 -1.9040101083187075 -1.3374494168920268 0.8453212032026656
0.00023278136299684083 -0.16828483309763112 0.6150212035447622 -0.08345466678703642 -0.5367189462704481 -0.6834232210426002 0.18914491709339643
