0 30 0
0.9311254519873633 -0.00032614473295722616 -0.0006595813003425794 9.201442943224343e-05 -0.002905407132586922 -0.00010280548418237029 0.001071082856211688
0.00023278136299684083 -0.23095688472546255 -0.2620002059140699 -0.13755453668465678 1.2149722821234528 1.5669901873531515 0.27402229327521566
0.00023278136299684083 -0.3161039041846117 -0.2355654507508846 0.005573677202706007 1.2401256549121333 -0.9623223120824068 -0.012184944115416011
0.00023278136299684083 0.9349649848714154 0.6228298536538837 0.09494648374037595 0.23061471224002547 0.2779481672801031 -0.15528011726796612
0.00023278136299684083 0.7058049273648412 0.794569985602348 -0.020404132985326368 0.19498803161390932 0.4927473252989951 0.10926109692198854
0.00023278136299684083 -0.7630473667320706 0.7079293484587751 0.1396148243576237 -0.4452979624279527 -0.6687159907406546 0.01943229222697398
0.00023278136299684083 0.18032093862968981 -0.2783979318518327 -0.014495815545606248 1.7194818150605222 0.9753997893161507 -0.3493796758011067
0.00023278136299684083 -0.38673911607418254 -0.3218345998703887 0.17192235816263546 0.2886910631779772 1.2899401325086008 -0.006268752769353169
0.00023278136299684083 -0.37527633100205987 0.589798740909249 0.053989081553982445 -0.4551255026767255 -0.798745356407713 -0.0669548430756907
0.00023278136299684083 -0.5834530746318876 0.14032915981263908 0.03755699499497363 0.06394200897888656 -1.11727716839507 -0.04433371715116213
0.00023278136299684083 0.4568990880111362 -0.41589110750859093 -0.0010387109831780051 -1.1651023454317444 -0.20071943095631242 -0.08948179280902527
0.00023278136299684083 0.32523992072441726 -0.9925211524677245 -0.07488190347790213 -0.6948249069182759 0.07293566900895217 0.007225647766925497
0.00023278136299684083 0.5095407612056481 0.43959203076528935 0.10803421953741595 0.7006816255108747 0.7680804830692132 0.01201852321567861
0.00023278136299684083 0.2627862122161834 -0.2943164666437744 -0.13776234213629993 -1.748888275691788 0.21226000084730137 0.6422956743424015
0.00023278136299684083 0.9051356042776604 0.629631456761423 -0.17595853477736448 0.15757622450586584 0.1546457230739823 0.04568035847129788
0.00023278136299684083 0.47262362023338045 0.39849289049947484 -0.24289619022095613 0.6789929188164356 0.9132312144990261 -0.07940133880894996
0.00023278136299684083 0.16988836949307232 0.25481282772042274 0.006025853134147374 2.0113100375841864 -0.5591010809236613 -0.09313502708044438
0.00023278136299684083 0.5341450275180271 1.0273812735304122 -0.04365954649676958 -0.19157363329326477 -0.1740177012342972 -0.039608086718764195
0.00023278136299684083 -0.011269721881926117 0.07062358915609586 -0.03298365656456262 -0.806976361728165 -4.566486492483544 0.7372335462577959
0.00023278136299684083 -0.013205254138656773 -0.008613898680710759 0.009576784134164323 7.2605442238523645 4.559911017382599 -5.34075352944869
0.00023278136299684083 -0.8358983120811381 -0.9106918920356902 -0.16969145501046584 0.2531042512406615 0.5689432540461011 -0.0018890629112147163
0.00023278136299684083 0.3643786606070277 -0.5581185962201777 -0.0019884826723144573 -0.783809843256956 -0.4968493459320619 0.16051112413191654
0.00023278136299684083 -0.0509531022767243 0.4821430183920032 0.031151587390999224 -1.2311524457025755 0.9764333300505323 0.0328488663218084
0.00023278136299684083 -0.6475307502224802 -1.0099163059769858 -0.07784834732941867 -0.06059128074721755 0.43207909457244315 0.0717497231914502
0.00023278136299684083 0.8025067813825398 1.2318530284525755 0.07230859662631542 -0.15561503711791677 -0.13346944264989913 -0.10322397203253103
0.00023278136299684083 0.723851410256722 -0.1947860047904223 0.07659157957030589 -0.6019180685289084 -0.699989825178822 -0.11146934025786377
0.00023278136299684083 -1.2510842023592728 0.6464726149143979 -0.027345797841591205 -0.10554208512668145 -0.593744735604347 0.00392666154138068
0.00023278136299684083 -0.23555351832441251 -0.17204830950119904 -0.03423127064732873 1.6896293816890484 -1.3642409186434463 0.24884977275814676
0.00023278136299684083 0.13666199544836125 0.5138530267078318 -0.003912836999267792 1.1804918934024147 0.3219298455461727 -0.1451870206388809
0.00023278136299684083 -0.4790978317760973 -0.25728572175448633 0.021303802238388476 1.1829001542870994 -0.8365734958916035 -0.010835784382672957
