0 25 0
0.9311254519873633 -0.0014585088070034997 -0.00147421141373895 0.00014989400216359366 0.0013138985004988257 6.969434242039961e-05 -1.6643849564743113e-05
0.00023278136299684083 1.0426917591533156 -0.1092282270149431 -0.14679177194576098 -0.20471679323702377 -0.3310525223897613 -0.0202060421255876
0.00023278136299684083 0.028967273412906287 0.42389948753033885 -0.008676276796643862 -0.09196174945990457 1.533550352142538 -0.01090160245752924
0.00023278136299684083 0.6022590748107998 0.468188866655958 0.06249927292027433 -0.7722828819214289 -0.01528786469827464 0.05568759898628328
0.00023278136299684083 -0.04589154711780791 0.317539214918652 -0.0737881815090011 1.0767321373543928 1.6001746274591 -0.5290457150068509
0.00023278136299684083 -0.5045792961487051 -0.2306401668379243 -0.23338971068849074 -1.0028688672136767 -0.8463884750697528 -0.1369616008583483
0.00023278136299684083 0.39910373753999534 -0.00319883630115256 0.03674622291838858 -0.7040467408387889 0.002768245960577785 -0.0663382426773
0.00023278136299684083 1.0092817701831587 1.4491762383031026 -0.17351144082805897 -0.28108766800784163 0.3678034002036958 -0.041590330681671984
0.00023278136299684083 0.745723410498917 -0.17598792278448191 -0.03319461102713536 0.7944781535868701 -0.7249788833412066 -0.04093421179797706
0.00023278136299684083 0.3866121055544254 0.35701772061552817 -0.007688482233028049 0.4009738335077052 1.1754124571745563 0.13764232063551438
0.00023278136299684083 0.2832688528501128 -0.67428114579707 -0.13500569067463306 -0.8055873081263788 0.850951021919542 0.048672451454178395
0.00023278136299684083 -0.002772045713670512 -0.6152244481684327 -0.051156832216177735 -0.2566397071800467 -1.2712315424613485 -0.05966668251846081
0.00023278136299684083 0.3521483587127093 0.6975607267004102 0.14963003698483449 0.13530741116581455 0.7579981277250509 -0.039228314300015214
0.00023278136299684083 1.098744940996595 1.1911994169804732 -0.14254735740327804 0.17056083351253773 -0.23561445304116257 -0.09298942066577999
0.00023278136299684083 0.5422776103177748 1.289758076963094 -0.19228124552405787 0.36765046069205753 -0.3484939995896228 0.024092374015073692
0.00023278136299684083 -0.12975412998189761 0.36778544332106544 -0.023239399625206488 -0.42949891025421383 -1.6677005344788671 0.01528358799645165
0.00023278136299684083 -0.8049653730941756 0.5372814461029201 0.06621742740644142 0.12707552122493215 -0.42412824246333924 0.048163914124739866
0.00023278136299684083 0.23933351487623383 -0.37599405489351084 -0.11417786220516306 -1.6373649568411401 0.47640063320514114 0.31485345587307073
0.00023278136299684083 -0.09277601370944394 0.691722510157932 -0.06745577746216579 -0.3666060669890354 -1.189140882013637 0.05660913410017855
0.00023278136299684083 -1.297616481561199 0.8716622642127466 -0.053001481867141334 -0.3503388746884937 -0.032649755865573324 0.09175964729448305
0.00023278136299684083 0.5066747488189071 -0.40626008907569694 0.34816095874947034 -0.990257663460849 -0.09098409933295153 0.028388607946757974
0.00023278136299684083 0.42350323148481556 -0.4580630833398141 0.0683984788463917 -0.9236202249664316 0.07849646960412773 0.057014688036133264
0.00023278136299684083 -0.29476517646518313 0.7604604606928088 0.1575438745938976 0.547467950945703 0.7546178941612565 0.14716894742417064
0.00023278136299684083 0.8157006040948328 -0.4186025683202826 -0.006936023733754944 -0.21986115192857442 -0.09693976430408482 0.07322333662440626
0.00023278136299684083 0.5308642985006347 -0.058925675665681916 -0.025930135334360758 0.1608992611285084 -0.6023595801876026 0.005877496837051534
