0 10 0
0.9311254519873633 -0.0005145147788858069 5.9479745265068046e-05 0.0002447041234990279 -0.0010916699662090249 -0.0007330597811350123 0.00039583150903258634
0.00023278136299684083 1.029528369347322 -1.5574044449871096 0.06546924350627932 -0.36527978163922964 0.04738651834818765 -0.08003233673412984
0.00023278136299684083 -0.05433576137186053 0.49983634034980584 -0.1919066144994634 -0.6423110459670484 1.3606366992587926 -0.40831359064275946
0.00023278136299684083 -0.2909833709771033 -0.08466936590670641 -0.15031623824877743 1.7432822980688076 -0.28397877424397505 0.018515984803136928
0.00023278136299684083 0.25639357146310926 -0.09191038460349345 0.04304862023167965 1.2328233818894656 1.247200765941125 -1.5875299712268263
0.00023278136299684083 -0.2995731602922722 -0.026404976622006998 -0.4574098047290388 1.1868079543435093 0.21877526098913797 0.7473829021551943
0.00023278136299684083 -1.3411106843665936 1.1545796573466254 -0.05852742383393653 -0.3417229434417168 -0.3024578217338009 -0.14623287743968594
0.00023278136299684083 1.1864422242052106 1.448498673193751 -0.24930769977652792 -0.24305182482632082 -0.03907667912187465 -0.17476562155891714
0.00023278136299684083 0.2592882666799596 -0.5945665081560845 0.1426676524874239 1.4003111373413129 0.25527446697694367 -0.024255918782436107
0.00023278136299684083 1.312409660847635 -0.9858779716832832 -0.12253422913376578 0.3958206890673182 0.428478688125513 0.07190539329607785
