0 30 0
0.9311254519873633 -0.0015025746069350615 -0.0023097150441539855 0.000356574791264416 -3.579539542072284e-05 -0.0021819804094026715 2.058733332318238e-06
0.00023278136299684083 -0.42228191220725286 -0.7050529327035419 -0.2905751433001603 -0.5194245781277154 -0.9009901600307831 -0.163162908071757
0.00023278136299684083 0.043298111034346595 0.894787026908523 -0.10141210530886001 -0.12550890953317007 -0.3126831944530574 0.15498439339510375
0.00023278136299684083 -0.1334575813436547 0.6811633338907304 -0.0012729131889032566 -1.0235468219786923 -0.6046080058657434 0.19188307714781333
0.00023278136299684083 0.4378409587679777 0.9287729642887084 -0.17885428361206954 -0.49505863977208114 -0.08027724002275016 -0.18114829250189643
0.00023278136299684083 0.07907315640146624 0.006305728883941931 0.02684965962703643 2.6287527742484094 3.616637548396013 0.7340027736055316
0.00023278136299684083 0.5936088501302305 0.2732603596764635 -0.12765144137837486 0.541737613392251 1.010261680584946 -0.06636874564592414
0.00023278136299684083 0.33503863057343564 -0.7827408736658056 0.014655040872222353 -0.6773267054940237 0.46922220695570505 -0.05162123095527957
0.00023278136299684083 -0.09519895083104601 0.7016966251903474 -0.20062830012077615 0.056654467051772336 0.7849322305008873 0.04114963981795789
0.00023278136299684083 -0.1111651014198035 1.0956939878729028 -0.034017900400979406 -0.13917269325187145 -0.5460463784675056 0.03201235202709653
0.00023278136299684083 1.0886989079054918 0.37712811921524975 0.1235933795167059 -0.017627650454834744 -0.09928924828373073 0.1524644565658426
0.00023278136299684083 1.288426811032449 -0.19714731957190149 -0.11975149964014051 -0.3417068059781084 -0.16998919469295706 0.09088122676587208
0.00023278136299684083 0.22793384765670824 0.25251330096194324 -0.11096267483701147 0.9438039151048864 1.539053949684946 -0.25347510618613084
0.00023278136299684083 -0.07253208353339105 1.0737726785635113 -0.29045792260367015 0.6279347439276491 0.5402484334971336 -0.1391878413656798
0.00023278136299684083 0.9901785114723565 0.7660109100855749 0.03797593316812059 -0.21778684719114397 0.108958171920877 0.08891741177797217
0.00023278136299684083 0.7806370705080402 1.3778411377071276 -0.1816992598961436 -0.3686925895193816 0.018755402959396133 -0.04892296100400659
0.00023278136299684083 0.44225836973414023 -0.09925435266249177 0.030383843649429476 -1.305882862683284 0.18022734705752688 0.05676528698356899
0.00023278136299684083 0.26918251908225277 1.081841250785847 -0.02823062440774043 0.47650554239883824 -0.005245787980892039 -0.05946881346058749
0.00023278136299684083 0.4711409148344446 1.0860837978109785 0.21177718969577713 0.23311117640119952 0.40221592735164496 -0.08291420966892157
0.00023278136299684083 -0.7573009441539754 -1.0496426135269294 -0.1770827016394396 0.41053671166924 0.15585226917228004 0.04366685257302381
0.00023278136299684083 -0.5365660031972288 -1.6082772710414672 0.1457106497692521 -0.22426926414701562 0.09043530141734836 -0.18026983015921325
0.00023278136299684083 0.8800042647589391 -0.22641759939571926 -0.20198158328910584 -0.5807498152854336 0.012511025984048291 -0.09215462877206887
0.00023278136299684083 -0.7291077983910603 0.28524047297275285 -0.061604336524972714 -0.363985907761081 0.6141161538363835 -0.0978003156018395
0.00023278136299684083 -0.2309593964052127 -0.28721495303353467 0.020429026475625035 0.6556017991055504 1.7098017701908899 -0.14799904244543127
0.00023278136299684083 0.09159512363985638 0.8245690635262645 -0.07541690645716428 -0.669921828663184 -0.47925571905405384 -0.02871980497427606
0.00023278136299684083 0.39547441454696874 0.04539623779506934 0.22985025028149023 -0.3116825675757616 -0.03836749676243343 -0.17286878029066613
0.00023278136299684083 0.36806775095579625 0.34821983128050965 0.25247752564181153 0.4185023404606589 1.351345198292591 0.1431407494180134
0.00023278136299684083 -0.5275497151078778 1.1214424390247142 -0.13518592254507175 0.033954545047236925 0.18791278038435888 -0.021328758403661042
0.00023278136299684083 1.0118043572036188 0.42278324937887285 0.040846434081068854 0.2796278570808452 0.15204712704931075 -0.05850030616911201
0.00023278136299684083 -0.16784465590998263 0.5500855763944519 -0.24406257868560635 0.21880258321113485 -0.9798604620116979 0.10780842226938266
