0 30 0
0.9311254519873633 0.0012604292083307842 -0.0021697813629988336 0.0010811952972692987 0.00030908225609510044 0.0006867883779036255 -0.0007733474409326128
0.00023278136299684083 0.25646459318510123 -0.199624485468632 0.021533286752952664 1.8067927642315285 0.3624628701834331 1.071955666138887
0.00023278136299684083 1.1937615109017239 0.7613152826025418 -0.5164492072690909 0.04119149023100732 -0.4916657733794028 -0.12269379807578383
0.00023278136299684083 -0.10382020020114167 -0.39312218444448893 0.5839353990219954 1.1158197953700317 -0.04736956149467801 -0.14934322453823493
0.00023278136299684083 -0.07153407706972495 0.9465710022194562 -0.2702983321448485 0.6080705720744353 0.3234673875036456 -0.012582475485227123
0.00023278136299684083 -0.5356423227277896 0.2878967336737037 -0.3115875858455764 0.01744151029098436 1.091864161067148 -0.6232862136430138
0.00023278136299684083 0.5545130186393695 0.1643620128626748 -0.3568777351370386 -0.06565523213257615 0.859740903775074 0.6187967038257461
0.00023278136299684083 -0.5045587801712073 0.9649137866205716 -0.2809545226040833 -0.07113164291705909 -0.4731657736104065 0.13268396268250915
0.00023278136299684083 -0.12218648490384965 0.2635073659836889 -0.13172565659349514 0.642050943739161 -1.7892904079578122 0.7167597714807032
0.00023278136299684083 -0.4400308050725537 -0.11185597333431083 0.09105231637547687 0.4708395751482283 -1.5107658494152398 -0.024712920576748076
0.00023278136299684083 -0.19541775887686635 0.37313659612797306 0.5428894242935497 -0.9709066126538541 0.3731248344787073 0.15870937922595296
0.00023278136299684083 0.17498153236392483 0.20111747881436162 0.01546428869159232 -0.4411489477165225 -1.9665189803573329 0.30577053911626034
0.00023278136299684083 0.2269859002342657 0.4199566018072244 0.1282435453183175 1.2553450206780856 0.6576888969782069 0.1477739247604953
0.00023278136299684083 -1.3580530259928678 1.6503574304559636 -0.4929642405276399 0.1969559017444892 0.24925620633876885 -0.11415510027557083
0.00023278136299684083 -0.37477526899472713 0.6977466311132722 -0.14172250745091666 0.22784635440463205 0.7443944774047581 -0.29955984709286726
0.00023278136299684083 -0.665971880926849 0.7285910138140143 -0.3162541537987034 -0.4610997604404638 -0.6583864598913917 0.22521536421503763
0.00023278136299684083 -0.39827321441966457 0.7759670239162632 -0.37566011335623506 -0.4191126509432078 0.7956022494628301 -0.2488512427597659
0.00023278136299684083 0.19374664631662164 0.5383665213077651 -0.28146767347608687 -1.0609418373826103 -0.5641396843604473 0.10864776613312031
0.00023278136299684083 1.0962103124127893 0.11761852765281763 0.18369260770296825 0.05784177628211808 -0.1839459006943193 0.13984045158711741
0.00023278136299684083 0.25260074748239636 0.19929229408320623 0.3723920419162911 -1.2504562406862254 0.02855574981006116 -0.8495387180488204
0.00023278136299684083 0.49670330260379625 -0.3973289180634691 0.035569416064071706 -1.0018810713731368 0.7925103935076999 -0.07168861213822492
0.00023278136299684083 -0.4161679904559305 -0.15179258207775814 -0.3453551911151213 -0.08035341673309339 0.07161321003578267 0.7193519102524956
0.00023278136299684083 -0.25245784521005626 0.060811289800907324 -0.7031688232406792 0.27142289552021825 0.7926324855710678 0.14119753521258635
0.00023278136299684083 -1.7579613802750362 -1.8512400017253536 -0.937193929882265 0.19138160561799633 0.04950830315547826 0.16751724273610152
0.00023278136299684083 -0.4889949483825296 0.6860169606970713 -0.2721914360922058 -0.9842833576518347 0.005651014323166321 0.2607317737791984
0.00023278136299684083 -0.23530936252724302 0.2870881966096467 0.1756713320187869 0.5892908140355515 -1.2455685082788253 0.4030309942909907
0.00023278136299684083 -1.0158225742300104 0.02897670899795204 -0.5262118700133794 0.39846815414445336 -0.5712500525304114 0.23625574803347202
0.00023278136299684083 0.21330137602406532 -0.15335835230183487 -0.11425283649115295 -2.1199019882428938 -0.6284955071680404 0.35509861853831653
0.00023278136299684083 -0.4446299492674385 0.7608470865485314 0.09407235006463714 -0.7920981722382789 -0.06766619810323378 -0.11047264551981094
0.00023278136299684083 -0.3193779037770286 1.022991403699766 -0.19496138225931536 0.5918827332184378 0.25300200203121614 -0.18906279012447139
