0 20 0
0.9311254519873633 -0.001033817619405768 -0.0009749997958133506 0.00019030171586641308 0.00039325046511399847 -0.0005074574037081171 -0.0002410741757604101
0.00023278136299684083 -0.03878864681891614 0.6712113693146143 0.014361128558303812 1.2998373682784101 0.23066090351674937 -0.03853987047968376
0.00023278136299684083 -0.6864383037516695 -0.6280783232595719 -0.006681453752839585 0.2917178603646292 0.6141700659133473 0.02593089506711296
0.00023278136299684083 0.3670862623192374 0.5252542393031563 -0.06157408124044745 -0.9062774010950896 0.8214408999938758 0.01961417545021101
0.00023278136299684083 0.3634187085184637 0.758239755867547 -0.06459481262652453 -0.8030946630055358 0.4235056445303919 -0.09283331321075941
0.00023278136299684083 -0.6864656613085107 -0.11394016616305308 -0.15127751376080908 0.5007252440735024 -0.7950838967217431 0.0922964669902998
0.00023278136299684083 0.05603086024899151 0.5178238247864977 -0.06293489396569545 -1.0791228437894964 0.12500543294610234 0.035446891783371536
0.00023278136299684083 0.061664508752429424 -1.0635138137780855 -0.02811053357017897 -0.8580145797527284 0.3012272133744932 0.07892802076536512
0.00023278136299684083 0.22189559989538543 0.34619258393883445 0.02830413023420253 -1.0643259585819136 1.1986423442573608 0.017470994841215594
0.00023278136299684083 0.9082357218006183 1.2451574785765793 -0.14056323749754465 -0.3093068527237968 -0.24665776157562513 -0.030946110943948325
0.00023278136299684083 0.4827585471912377 0.14026967411610344 -0.04397163424498671 0.3112361496567979 1.2521122021923394 0.0707414736513633
0.00023278136299684083 0.5715140546020053 -0.21497381084532788 0.008723098165085074 -0.5236937085157565 -0.9096252533508498 -0.15188030915911319
0.00023278136299684083 0.2733595271047515 0.1889606331664215 -0.012282118450488962 -0.6119467550413037 1.7726602540520688 0.1505674801854456
0.00023278136299684083 1.4166234794944252 0.8522947495172851 -0.004912048350887099 -0.3370284717834762 -0.3256603750540855 0.01735419883809653
0.00023278136299684083 0.48577960295103595 0.8413352325196364 -0.10021700928296307 -0.44404632676169586 0.07882384243520807 0.19215950249272667
0.00023278136299684083 -0.6508902382810493 -0.4944427163056205 0.030088190398401566 0.93832765755624 0.06251450348922793 -0.014558873844307162
0.00023278136299684083 0.266476239404079 0.42053001048732225 -0.06355725464034134 -0.8531088491181217 -1.3534538899033115 0.1963517640731956
0.00023278136299684083 0.2427721757771202 -0.33605122719666025 0.006250596674535535 1.375015117835358 1.0917722764944808 0.019806946850132852
0.00023278136299684083 0.7920134102445684 0.2958291538289497 -0.03993596090646332 0.6637540682327558 -0.6203452163002902 -0.048760794598928715
0.00023278136299684083 -0.31177537052153254 -0.05209946462091724 -0.0683214552060105 0.8363510837152242 -1.691879575457274 0.4251471642898444
