0 25 0
0.9311254519873633 -0.0007526040580382372 -0.00017797026109073235 -0.00023360726797734627 -0.0015558140367441181 -9.282043596068203e-05 -3.347401137021614e-05
0.00023278136299684083 0.49090217519903684 -0.7198283396364064 0.009253157311134297 -0.8029182084099318 -0.45175695228651147 0.07318417016707855
0.00023278136299684083 -0.024534199544049902 -0.2693415003055456 0.036276462690440034 2.1622966496136575 0.3843055109734819 0.06821215569380573
0.00023278136299684083 0.8616493846789507 0.35084571675495657 0.10651290967484614 0.1661440869812885 0.15539994101207796 0.16089398646799394
0.00023278136299684083 1.123818211109232 0.925855335621967 0.04693184646869044 -0.06474607167608717 -0.22054754642193733 0.07166323824100486
0.00023278136299684083 -0.5342851317240072 -0.37226160458010843 0.19259890768890287 0.6212516367966509 0.9943953940591858 0.01503358792580483
0.00023278136299684083 0.6544630656332152 0.6877996884077375 0.21592991092245858 0.6558142038962899 0.4319026151010306 0.005783246336337325
0.00023278136299684083 0.7913030494018237 0.8934578743009974 0.058864353609339705 -0.30777652692987506 0.7518307708269828 -0.011716351399228844
0.00023278136299684083 -0.04557880031089527 0.3437950997274845 -0.05088425901589094 1.6108700053613834 0.8135165152990782 -0.05513399448143646
0.00023278136299684083 -0.44141385312918896 -0.014347895574049125 0.021965815757622423 0.5351407449100231 -1.4875708019988831 0.011826644490009985
0.00023278136299684083 0.47399574205614114 -1.2083052182040985 0.0033685190069789373 -0.30233798684174046 -0.21907001426993933 -0.04124863676285534
0.00023278136299684083 -0.8460922470619398 -1.0196537818422529 0.09154043731517926 0.14491755974297812 0.09055332886711366 0.01571756764838191
0.00023278136299684083 -0.2938974853703787 -0.21360662059163396 -0.046064110228128265 1.0608944478135536 -1.1175031993278417 0.13864559855407418
0.00023278136299684083 0.1727879695594219 -0.2716977098227227 0.11292368160250953 -2.0339753943262324 0.23900541139585849 -0.45931047671238995
0.00023278136299684083 0.6640016016707777 0.6907249790125133 0.1551121248394796 -0.2047824642578156 -0.6485610488744286 -0.03979887725678457
0.00023278136299684083 -0.16218256832606093 0.9407669093085534 -0.10150211376704679 -0.6490433631426101 -0.38212387906567974 0.05145450388670713
0.00023278136299684083 -0.23365918717984258 -0.4881044312801384 -0.0010419679621978173 1.427767554153254 0.33359427363525407 0.08544810128894663
0.00023278136299684083 -0.061184926715755414 -0.9057935211219035 0.014728785397492969 -0.5672908517093843 0.4073251018829 0.15740632836077115
0.00023278136299684083 -0.723915989554464 1.2514149875620137 -0.14243243337250766 -0.2837665714791086 -0.4423640034544509 0.014065087397835335
0.00023278136299684083 -0.4364567272888208 -0.37309126306975826 0.1504923525684365 1.2349754021274475 0.07403891653051774 0.006181749555831624
0.00023278136299684083 0.995378756410578 -0.07396351435335541 -0.2795722407832565 0.14296823101112424 -0.7396453899355078 -0.04055163420381674
0.00023278136299684083 0.22731893702684317 -0.6705215935031912 0.08639054926633688 -0.7078409929687828 -0.44337537239592917 -0.09842122435634713
0.00023278136299684083 0.633890192447975 0.7024110656245476 0.3008309490827103 0.4212179532212872 0.3209667912275954 -0.05385206109437434
0.00023278136299684083 0.09785866132011199 0.43436138654164314 0.006210643588065693 1.2460543384586027 -0.18072812077430048 0.0665628958391779
0.00023278136299684083 -0.3737503981566638 0.09096499538572625 -0.054005209752212506 0.7174217646304984 1.7076935018370547 -0.008149560105663138
