0 35 0
0.9311254519873633 -0.0015540566657814647 -0.003971268555880752 -0.0002076882186715287 7.844237669737451e-05 0.0021494283277767 -1.889825319391933e-05
0.00023278136299684083 1.567745068316989 0.323103574104954 0.6098578941181999 0.1361177768112977 -0.33767022247763884 0.26098011901567747
0.00023278136299684083 0.3453130439051536 0.05443316897627271 -0.0931023702204665 -1.519869825479876 0.4115296938312163 0.5618678111349715
0.00023278136299684083 0.40262822663126585 0.6174120458114882 0.06058302179623234 0.3923737906690192 -0.28833188807618587 -0.09700114604291261
0.00023278136299684083 0.41610783837664445 0.6757426302781459 0.10568942821458717 0.488587135597294 -0.656276583981875 0.057587453740584896
0.00023278136299684083 4.4670673109823005 2.155756162046949 -0.8298063538271594 0.1955086237976705 0.10016898658076197 -0.027599826107857033
0.00023278136299684083 -0.9810819602554336 -0.49045418864400725 -0.21466058012764214 0.23682027854349522 0.2607602622714896 0.18514420440188076
0.00023278136299684083 0.7957549239461147 1.091216399051457 0.2244210120952692 -0.7617531389116521 -0.11454756802887853 -0.17839463627514382
0.00023278136299684083 0.07847490257883603 0.225476532751733 0.0170095444006923 -0.9446549818389566 2.056654889910302 0.5429896897682858
0.00023278136299684083 -0.3660922934813392 0.4985438709336954 0.09131870541304822 -0.5549736192963388 -0.003154973325377315 0.2834192441487435
0.00023278136299684083 0.3101834565420412 1.1564465430350532 0.3147175718868895 -0.3853095487653484 0.21772550507626798 -0.0019370199911887737
0.00023278136299684083 0.7511413267333791 -0.08020523057376747 -0.09030970816211634 -0.9680393215194595 -0.1866474712142174 -0.01613945326927733
0.00023278136299684083 -0.2679280906084433 0.32970660494635384 0.14272314610542688 0.8465465623272226 -1.0579617771937737 -0.44925595460824563
0.00023278136299684083 -0.35938804043830047 -2.025465787224773 -0.25123323305739786 -0.1684501939094098 -0.12746718813541322 0.03485313745906265
0.00023278136299684083 -0.7978374240579001 0.37647267527267764 -0.09741415961650862 0.357712100386735 -0.8659155298795858 -0.17936144107538315
0.00023278136299684083 0.4506682867490909 0.2417307909675733 -0.13534140629757796 -0.4788854330796176 -1.26541912971554 -0.17508929908597176
0.00023278136299684083 0.734100600438893 1.2985262683192236 -0.17950609479998886 -0.3120901724200076 0.3075612362564467 -0.13349672505183413
0.00023278136299684083 -0.8245668125930693 0.6799976866215476 0.5593880489957463 -0.3548176925177136 -0.6210764495670166 0.22426146887151116
0.00023278136299684083 0.44793641441912324 0.12305628981389241 -0.03553194401553805 -0.9403797237766224 -1.3033495668890847 -0.10393872200455473
0.00023278136299684083 -0.4036111979984902 0.4279144405589133 0.15807118669322529 -0.42654726793249603 -0.5714225840284817 0.00012498517471581664
0.00023278136299684083 0.5936770679784902 0.17824139782431056 0.07212219887128996 0.9991127349803396 0.6007110844491977 0.0645665200701572
0.00023278136299684083 0.25115889244090994 0.1702945849454626 -0.07831878468077687 -0.35190888475750925 -1.5225614434664958 -0.1944304074645387
0.00023278136299684083 0.30869465211749475 0.77505503187435 -0.11662605725593617 0.5787547639140912 -0.0038707714409228163 0.0036632259152474403
0.00023278136299684083 -0.28459206524755 0.0068382282038066105 0.08875854204156682 1.0217737653238623 -1.7139074166611354 -0.16317503016868845
0.00023278136299684083 -0.28594497418235487 0.018100594265388462 0.0417140868117396 2.1700245423724254 -0.31580050511836427 0.4122200772094788
0.00023278136299684083 -0.3446660650285351 -0.7618965586974744 0.07480248940502715 -0.028731363367658923 0.9087767095711365 -0.3411787412154491
0.00023278136299684083 -0.4557646376170416 0.7066389320927862 0.18813433866657536 -0.15531526507059265 -0.8867503127993235 -0.05174589094597012
0.00023278136299684083 -0.7758449796155152 1.4128632464174116 -0.31864585117361227 -0.0022630220675140993 -0.2552907873979815 -0.07056938337633638
0.00023278136299684083 -0.2610279756393296 2.0828547313367927 0.18565790871398627 -0.3643496109451706 -0.005940601830881962 -0.03230309874247097
0.00023278136299684083 -0.27180138538799686 -0.15037158736405443 -0.34906907383561864 0.47246585441453104 -1.61030976201576 -0.4099703923651655
0.00023278136299684083 0.6889814680770713 -0.22605592601688193 -0.2544784191906852 0.8079815094319066 0.4337406394666208 -0.15927228454405934
0.00023278136299684083 1.017117868311913 1.3740287603930115 0.4921466551171915 -0.3539264932910826 -0.49471220717177616 -0.13915035073520463
0.00023278136299684083 -0.4805428173196682 0.6508592686057025 0.06594747486209902 -0.1674236136782471 0.20430095999700654 0.4016403557596662
0.00023278136299684083 0.3516079372840254 1.152159572742252 0.09300559649624497 0.508542206348825 0.4752003146227888 -0.007231785753320981
0.00023278136299684083 -0.6014419032400555 0.816053469852674 0.2887280602420993 -0.286401979082934 -0.366458852724329 -0.026483691070732573
