0 20 0
0.9311254519873633 -0.0008151293812189242 -0.0018269310128580687 0.00025986298111301036 -0.003013467695026795 0.00021321413952879264 0.00048237892870372443
0.00023278136299684083 0.6472049946632425 0.7606663879594433 -0.20677856146378082 0.6920005458451838 0.3987237271731144 0.10716825141856762
0.00023278136299684083 0.14611593595773376 -1.1391553070832274 0.04333341919690474 -0.11790957356155224 -0.6910317008357845 0.09322319756596403
0.00023278136299684083 -0.5299075815548423 -0.4753471691045195 -0.0567168699547231 0.8799127156301988 -0.8483014541321636 0.0560770644988898
0.00023278136299684083 0.10199130360425146 -0.10638908556427634 -0.0065086355500126895 2.9476190444053114 1.2364595888781469 -0.5261538833121507
0.00023278136299684083 0.3539739219138235 0.04361081987444822 0.08318802131015049 0.44520071038735326 1.7810419678479155 0.29860267247648825
0.00023278136299684083 -0.033406223525028124 -0.005068293024025923 0.015507953741862125 6.297692344830333 0.663480002822326 -2.8629186776705566
0.00023278136299684083 1.5764952276573674 0.834522466642278 -0.05606423138083827 0.06710186421572502 0.04415582854182266 -0.20994335626221827
0.00023278136299684083 -0.28494967745818434 0.8570702920796682 -0.020072673786136586 -0.30143644688230337 -0.9301825136430765 0.036949639360466524
0.00023278136299684083 -0.495431029917796 1.2247280025895446 0.049486556740226194 0.10155315960647518 0.42824286074753554 -0.07752900706898452
0.00023278136299684083 -0.4200116010986613 0.05779741560352249 0.1386353502382858 1.349458073941163 -0.8032216240571975 0.18659174225216077
0.00023278136299684083 -0.13684157401121763 0.11845743101197771 -0.05683442556323852 -0.7279515575680382 -2.6326931606986688 0.6602006282915089
0.00023278136299684083 -0.5520975294127285 0.3680732263630009 -0.08502147581385146 -0.1368957777975113 -0.25752284826702304 -0.10740592784163219
0.00023278136299684083 2.2588842783412373 1.8006311637565586 -0.5771114386419273 0.09162771165754562 0.08120625485121157 -0.03124538058612518
0.00023278136299684083 -0.8391326644296254 0.48908358603005986 -0.11260748044958879 -0.30721093398909144 -0.21309831929087172 0.27365248591104036
0.00023278136299684083 -1.5247186412222424 0.4650926920239627 0.15000663665694905 -0.16696336678899137 0.23122570473326196 -0.07138786420208508
0.00023278136299684083 1.3135664613546696 0.7061312123297991 -0.13925880568570914 -0.5018386546511426 0.37080379658723767 -0.0004799720277740932
0.00023278136299684083 0.392580693513698 0.28641437724349345 0.029936360265880688 -0.4651421702766071 1.449513126346814 0.19498448777548436
0.00023278136299684083 1.5131945415678782 0.9532412850743811 -0.16722943839016993 -0.19743494576574833 -0.4540085269115991 0.08297612437034121
0.00023278136299684083 -0.2269933110666722 0.06816354762310824 -0.06534218592234776 2.104488036868876 -0.7076492688081716 -0.03287793976428269
