0 20 0
0.9311254519873633 0.002984469008425146 -0.003649132760612832 -0.000761037285981886 0.0007451102164566425 -8.657483677358814e-05 0.0006628188749654573
0.00023278136299684083 -0.09830624332668102 0.4702265266593099 0.09466250567508892 0.6387621929961986 0.13848812888306267 1.0309837418048642
0.00023278136299684083 0.17829637347192948 0.045093308865045235 0.3448209175909053 1.007427998835928 1.2950866767867426 -0.7729123499103984
0.00023278136299684083 -0.39456815836686765 0.40983619628606716 -0.08326856285740324 -0.9960543000706443 -0.720099861183426 0.5163352867732206
0.00023278136299684083 -6.550703752411743 6.245335754233936 -1.258212578075188 -0.1279132949142285 0.06722771674971818 -0.0413593766209266
0.00023278136299684083 -0.7202136426801024 0.6492142102610706 -0.4513571864450683 -0.8797288915898404 -0.015047147637343817 -0.07072074684664229
0.00023278136299684083 0.02378937913462294 0.825460303315851 0.409287144908652 -0.2195931704679951 -0.18506911867528986 -0.0960535058294374
0.00023278136299684083 -1.882005595416074 3.1463431759724587 1.3167800923701387 -0.07180265019173611 -0.2613314282207709 -0.11281447464870337
0.00023278136299684083 -0.16462626663174804 0.14717198877281557 0.11286769238772741 -1.4837638470719028 1.139498717424367 -1.449439488542872
0.00023278136299684083 -0.469728522495635 0.6770707109645107 0.024558011038306578 0.08149515965266226 0.2220411189319571 -0.720823076059132
0.00023278136299684083 -0.36955737819538664 0.3379796398811334 0.1982521694620171 0.6634059778763818 -0.6105132344888774 -0.352559914275662
0.00023278136299684083 -0.11472384660205417 0.2642090124531059 0.23127140415130604 -0.8219965606782705 -0.3445005658166573 -0.6886967182822626
0.00023278136299684083 2.729055220879156 -1.239276945371392 -0.14958410921945722 -0.17735366252673776 0.16664276020608676 -0.26707540735529917
0.00023278136299684083 -1.4367768403537797 0.5323141046828962 0.18715532296213533 0.15528684851120544 -0.6020496463586994 0.10785970964806309
0.00023278136299684083 -1.0319680316044446 -0.15890022712908983 0.44117218447753703 -0.2405219483047098 -0.4233205775657698 -0.39222721071128547
0.00023278136299684083 -0.08810323511619028 -0.19459856251276525 -0.33667106156579313 -0.03429789262354916 1.5357667637690504 -0.14317069143925126
0.00023278136299684083 -0.36792809689746003 1.32441493241386 -0.6546477493244206 0.5963810742392454 -0.20021409711653992 0.11334801938359394
0.00023278136299684083 0.3493852833216954 0.07537759043993467 -0.13184527461276338 -1.188477165369232 -1.116854244501182 -0.7363449220490464
0.00023278136299684083 -1.5587153028079408 1.4638506845609889 2.600715986228458 -0.07674053687796374 0.028878981746054983 -0.04675716834439525
0.00023278136299684083 0.029522622391936745 -0.4245913623219681 0.1481922347750223 0.19504380274862035 0.23166840416186543 1.4711527934437425
