0 10 0
0.9311254519873633 -0.0009025525191258588 6.314789865767984e-05 0.00023193320919300065 0.00010972939640074946 0.00020860844032734448 0.0004380517360398453
0.00023278136299684083 -0.3241873729641187 -0.2473830526892547 -0.23850277451833907 -0.3986568739609936 -0.7038053174775722 1.2903398349285156
0.00023278136299684083 3.741443599843596 0.27761980458192714 -0.6927189891408781 -0.16889708528326813 0.19525313380551818 0.23379348128204108
0.00023278136299684083 -0.4477394650477169 0.07621091427519792 -0.16180633953848464 0.2892198208475379 -0.056024048690521654 0.06936215641936454
0.00023278136299684083 0.010689065845182632 0.4459926248316267 0.4381693162249029 -0.25391515232438705 -0.22448721785410017 -1.4175422970056084
0.00023278136299684083 0.9037847070054038 1.0886643838574497 -0.5908563585372207 -0.38436680742466717 0.5432980223233468 -0.07462336144761011
0.00023278136299684083 -0.001876951996590538 0.6403360379528047 0.11758359183092923 0.007191440453974939 -1.005661941221085 -0.18657179401029844
0.00023278136299684083 0.29086889690369827 -0.5332082143724423 -0.06073750735464731 -0.7162712201262064 0.5596046918046752 -1.1782153012756647
0.00023278136299684083 -0.08871442821299183 -1.931579440539508 0.72419084304214 0.4769431593528714 -0.411255252156594 0.21989094433067685
0.00023278136299684083 -0.474057974909727 -0.06924465258965859 -0.46305461877980303 0.709835132862142 0.26864416815695524 -0.7086406073807986
