0 35 0
0.9311254519873633 -0.0012198430414537913 -0.0023346490746172393 -0.0009960471432579876 0.0003614024707768635 0.00038944962408811023 -0.00022894018341240648
0.00023278136299684083 -0.3031476201943331 0.8780990438541193 0.6166698380032212 -0.051004679916490686 0.06489231057402645 0.061932119328982314
0.00023278136299684083 0.2614339662524474 0.6443413707630143 0.35256509310368955 -0.25514246854402434 -0.06191086371874254 0.07931511217016574
0.00023278136299684083 0.055964292836195466 0.7258725398381523 0.21870399268258425 0.52113969663854 -0.6332342054969566 -0.24672908650822215
0.00023278136299684083 0.5505171736850707 1.3978782132171264 0.5411951698754583 -0.24664201143904607 -0.08212367695364903 -0.01265122518424584
0.00023278136299684083 1.6001804984875865 -0.274934875187648 0.13033544256637694 -0.17272870180604585 0.5587884664523327 0.019672257105769832
0.00023278136299684083 0.5826724268523261 0.05831906583752793 -0.4834084999424766 0.740157763694818 -0.15388750913168261 -0.4726745397446581
0.00023278136299684083 -0.3521351505472311 0.2085885118717698 0.23958702195639475 -0.6803784613143723 1.4957814322022447 0.8041849158683811
0.00023278136299684083 0.45841707149024397 0.9827537971626326 -0.008501937152966403 -0.16762040575676157 -0.08035880629274264 -0.09312336615877768
0.00023278136299684083 0.28433809115133635 0.6575687294321153 0.15861746258899975 -0.018433586726365987 0.823364465622339 0.23442675986304082
0.00023278136299684083 0.03871124069121037 0.7909819269452424 0.7551633682855639 -0.19975396126659717 -0.6256237428921327 0.17602010920555977
0.00023278136299684083 -0.19167162897699755 0.22955559340077458 -0.028266957394692312 1.3744073107478483 -1.6841731941543925 0.19044876871865116
0.00023278136299684083 0.33377652701461363 0.45257533214618795 -0.023709013916441583 -0.5988541829410897 0.7501737200874532 0.3802124693437448
0.00023278136299684083 0.8801799108337006 -2.2779626504674675 -0.3846767050480875 -0.05317218556568548 -0.027785580026874555 0.02753748230705987
0.00023278136299684083 0.5833411297813672 0.31542911101821597 -0.4224263296201594 -0.17810475336613146 -0.9773153811442775 -0.024001013286049748
0.00023278136299684083 0.21080275822067765 0.32154712473439273 -0.11847778362833998 -0.822476352938546 -1.179388390350174 0.15272699090123865
0.00023278136299684083 0.051964286602367335 0.06073003952825405 0.07566306309748075 2.15658354781191 2.868152894340253 1.441974436399359
0.00023278136299684083 -0.01787569351509527 0.773623764709919 0.3397472441513288 -0.202942313649849 -0.7802839287664428 0.15090863431102167
0.00023278136299684083 -0.27742257989439795 0.16341280358679144 0.025078966988531133 1.5260048657922927 -1.2151407398244527 -0.4476140944612549
0.00023278136299684083 -0.21093677182612158 0.1290113990975689 0.10663374815965704 -0.3095333716983577 -1.6852444704179714 -0.882362273155735
0.00023278136299684083 -0.5871621426686943 0.0897476120283479 0.38119855909466327 0.12388389270371605 -0.7103116343875552 -0.5328636901263308
0.00023278136299684083 -0.04931885981023564 1.063938356420656 0.1572098050992582 -0.3262152822260029 -0.014765117176515305 0.06769540335476311
0.00023278136299684083 -0.06314167407134362 0.23199362958375527 0.028709732796199813 -0.5134120101421825 2.310398832778673 0.4394013714609751
0.00023278136299684083 0.6596737253719248 1.976381587497268 0.34238368196589947 -0.35822884201194316 0.11027230921004326 0.012273593377930117
0.00023278136299684083 0.23584309962419597 -1.0321598787901782 0.1552933023218284 -0.42204839324876525 0.15287600080686622 -0.20419167715430434
0.00023278136299684083 0.018724523330469995 -0.16723764160457705 0.6011892505264764 0.22890832904653918 0.29716757995877024 -0.8076851159970013
0.00023278136299684083 0.005149873160254051 -0.23255821713069294 -0.10833928035863746 2.0957358279929936 0.22103068068720963 1.1693527793338507
0.00023278136299684083 0.7062391294547622 0.34294849197239247 -0.3726519513586074 -0.5791887974418004 -0.059363126411082615 -0.15088879064983837
0.00023278136299684083 -0.1591656788135694 0.10232513035869449 0.039282537214137894 -1.021257553605131 2.7240179921127177 0.548197032864186
0.00023278136299684083 -0.9326589474490732 -0.06598656996075593 0.35695640716986304 -0.3006171747015093 -0.32831751260942726 0.42458183512568665
0.00023278136299684083 -0.45966113320758417 0.7719405060509326 0.3017042513736741 -0.16728699627196228 -0.692602724547434 -0.3826997697151708
0.00023278136299684083 -0.148156308093109 0.3298530605783808 0.1507688669454363 -0.8499848068455451 -1.8593470460998773 -0.17564848828197346
0.00023278136299684083 0.5054352027076666 -1.196715740015046 -0.30212824570849806 -0.3725557470061728 -0.0682743756139754 0.11395259272032435
0.00023278136299684083 0.315569916219593 -0.22904718490216358 0.16558851150012832 -0.6256402123775369 -1.1068480258242448 -1.1935671788026516
0.00023278136299684083 0.29289151110282413 1.1157823148932455 -0.0034700403059737847 -0.7192078647282077 0.09158487065523208 0.047646379115148955
