0 25 0
0.9311254519873633 -0.0015106810719087492 9.022211584082955e-05 0.00040113199351135776 0.003891557594408654 -0.0005660855078163199 -0.0006919615350254606
0.00023278136299684083 2.8367451358459146 -0.9225095730992735 0.4177167887548605 0.43442337265605996 0.03319733650989231 -0.0024542636262881536
0.00023278136299684083 0.6086780718230025 -0.11501448189693428 0.22136780771414077 -1.0354290285335699 -0.36086691198524623 0.13063524528380197
0.00023278136299684083 2.55528936765378 0.9661485133021471 -0.8714278383944666 0.04136176062887457 -0.07895736548724139 -0.01219909880464617
0.00023278136299684083 0.12517068683910096 0.614775125707423 -0.30340575447811136 1.219453474817621 0.19424486101562397 0.1262314234296311
0.00023278136299684083 -0.21162227150485444 -0.9204163383877628 0.35505730948680075 0.1541305664935438 0.6915039615978926 -0.024543879033726807
0.00023278136299684083 0.03770827293422787 -0.803199143205919 -0.016478798993056397 -0.8118013211367907 -0.3531257227178795 0.1627428287545867
0.00023278136299684083 0.23209266018497368 -0.2446118169225934 0.06794280267887687 -1.9848675530576174 -0.42457360648303866 0.4510621372186009
0.00023278136299684083 0.2388736723400503 0.08437846047356475 0.0364927644289617 1.3136714405754082 1.4308752861863971 -0.551867865160871
0.00023278136299684083 1.2106597665010226 -0.0868160784612687 0.024906501116491866 0.002467767485003363 -0.32474459788975585 0.05479168073562585
0.00023278136299684083 -0.34995557223390694 -0.44418294765647803 0.2311340146678919 1.381631266353956 0.007883354061407917 -0.07470632251844737
0.00023278136299684083 -0.1445516090530696 0.33267404221600105 -1.3974518967924323 -0.21374965810439014 0.04945581348919187 -0.035462455037795375
0.00023278136299684083 0.27967756529558935 -0.30633774639310124 0.2809776502907532 -0.47498269150667966 -0.8696705992184498 0.27997655544182026
0.00023278136299684083 -0.25127731859154373 0.11942632145221517 -0.12546325634230998 -0.4941066480483283 -1.968931292159047 0.8632677044600131
0.00023278136299684083 0.7912537786882093 0.2544964289015331 0.032047950261529685 -0.40139751803493645 0.3948297391196134 -0.299445764576379
0.00023278136299684083 0.4121015110473664 0.40699303070698223 -0.18792213387868983 -0.5371037013410048 -0.02841940948104864 0.11181480300104082
0.00023278136299684083 -1.7943126254434154 0.8334877091877725 -0.03364102212138735 0.2268759487763401 0.05399093668944598 0.10806606627459654
0.00023278136299684083 0.7862955674736112 0.2915844199087305 -0.21012893966763604 -0.0712666604573578 0.4643565641365422 -0.5141074919115686
0.00023278136299684083 -0.1946536110750009 -0.4738986069453895 0.19811428608664886 -1.4452240182422644 0.08429125953222795 0.33674311790225697
0.00023278136299684083 0.24453792586504006 0.15160091251186728 -0.1709283446108958 1.8525741469677015 -0.7331964861270395 -0.1195802530273373
0.00023278136299684083 0.010166231894296307 -0.0033766308285283213 -0.001346482399401199 -11.61955692781622 3.2497570192098983 1.775659144465535
0.00023278136299684083 -0.24479839342500376 0.09911709430976125 -0.012756538020635503 -0.7278296108247583 1.981781073085739 -0.7598391449650798
0.00023278136299684083 -0.2518894742204661 -0.723436614089676 0.4863659724197527 -0.6378477277261158 -0.2750896010869542 0.029767297071638717
0.00023278136299684083 -0.9390164346518924 0.14171887243619338 -0.21743893453854335 -0.517625762508016 -0.7329165830972185 0.1684560839551848
0.00023278136299684083 0.05555138343715671 0.38651058340059 -0.4082618817144529 -1.220031295051077 -0.22133299763567227 0.5628385907696509
