0 30 0
0.9311254519873633 -0.0012158414262252754 -0.0018732816500909915 0.00020131869380866007 2.0085844011271285e-05 -0.001199350551290741 2.7873194938184195e-05
0.00023278136299684083 -1.2652510416813558 -1.6093915723391752 -0.32458458469141305 0.2903655904248503 0.36046024168966834 0.028950849961741743
0.00023278136299684083 0.05894203310803992 0.6020987625000036 0.02609182951714855 1.0559095070648503 0.12389124574073132 0.24573796791864655
0.00023278136299684083 -0.09054465360382787 0.35338998425766793 0.006953583267991076 0.3391062752576416 1.8561747482524906 -0.03615311589700564
0.00023278136299684083 0.6610775128050707 1.0961460551049578 0.02411854913109801 -0.44334899177482884 0.022012024404039 -0.13869472912186573
0.00023278136299684083 0.3154641940495523 0.7158691266931705 -0.011543604657455036 0.5966823478309596 -0.40289284812194925 -0.10860563375843645
0.00023278136299684083 0.39778482951529126 1.0950120941914006 0.02653411206759353 0.1613653642621899 0.05818306168890382 -0.12865917249710357
0.00023278136299684083 0.34257383356936044 -0.303222549696294 -0.05015187445760883 -0.8427544914656655 1.1970633976970768 0.04337921001898669
0.00023278136299684083 0.2640357452224788 1.5748994515106862 -0.26516691882119964 0.17978855416281445 0.23774799159761803 0.03226213325616429
0.00023278136299684083 -0.4339434261374849 0.5008456257345244 0.07776409551119896 0.6732872633602671 0.9351750020343199 -0.028748156125684383
0.00023278136299684083 0.5144580230770509 -0.16876215469942502 0.14261147881921277 1.3571613266650215 0.07923363211721149 0.25874973549663677
0.00023278136299684083 0.3835350077521504 0.3770753452435551 -0.09272950741075205 -1.2705225334573687 0.4808942010268989 0.1462872884873299
0.00023278136299684083 0.7934868679031517 0.7679123165126448 0.039961155353938516 -0.1353747477706679 0.4290004551876658 0.1274569084707059
0.00023278136299684083 0.656712623273173 0.6586627214630564 -0.11341116281928995 -0.17496474479574645 0.5657689995943795 0.14643737092827294
0.00023278136299684083 1.5019880038011109 -0.28146015682477304 -0.003973305423742418 0.14097231885431125 0.4078329046754251 -0.09187375255141315
0.00023278136299684083 0.6522261082607097 0.3147717668472835 0.230657038553323 0.48376889844362064 0.8441852200232426 -0.1950883990197344
0.00023278136299684083 0.1929099973571173 0.06653012944963785 0.08509195001028737 -2.522119184343258 0.5152539279248072 -0.5633861461337606
0.00023278136299684083 0.2402692297564485 0.24319881334775373 -0.3049449667326934 -0.5933823729730366 -1.2109469128410766 0.2285930327459379
0.00023278136299684083 0.21342199361346467 0.8350649082157479 -0.025595993646491802 0.3780080550621068 0.6981512031301546 -0.3559777758800103
0.00023278136299684083 -1.1820813290452101 -0.4365540896583834 0.4027994240961408 0.027145863042019967 -0.2702333120290752 -0.1708278090819983
0.00023278136299684083 -0.054654413405452754 -1.1711502196216481 -0.08612248590970907 -0.1117731143539578 0.5448245809366458 0.21903901050395452
0.00023278136299684083 0.6334682530778535 -0.07179338225593779 -0.06117197988772229 -0.2086426476913802 0.7582740338262624 0.1145337093680493
0.00023278136299684083 -0.6756540786761905 -0.19019729250506962 0.06192766167826875 -0.47695529464547803 0.5714780131254162 0.02222229178388917
0.00023278136299684083 -0.36072928551870226 -0.8742678322912936 -0.251454199697076 0.05058625483991537 1.022776400019159 0.14241202849509735
0.00023278136299684083 0.25025742269685236 0.930124537358289 0.03713433671970461 -0.4817707213090195 -0.822150555868677 0.06342006985459753
0.00023278136299684083 0.7503899234805826 0.2608729249822989 0.04886735365998891 0.5862457386249432 0.3937898149418952 -0.09572746251379703
0.00023278136299684083 0.12844684343524354 0.8609547858735573 -0.26733566761781447 0.2739581358038086 -0.9642141312219352 0.32554002246064206
0.00023278136299684083 0.04097660513889306 0.6994562940680129 -0.15569376603437785 0.9437010591917722 0.16506950149938898 0.10504947354247592
0.00023278136299684083 -0.2075278755783129 -0.02180754816046403 0.037833393036713785 -0.10687499630107009 -2.6431245641818593 -0.5128984246492768
0.00023278136299684083 0.14132675765320232 0.6688477550546454 -0.03974071884991553 -0.24991208805471046 -1.1562760717058729 0.06507669418422127
