0 20 0
0.9311254519873633 -4.5630585522229424e-05 -0.0018972754573604667 0.0007538233810385042 -0.00043971967918022235 -5.472670626283953e-05 -0.0005046361370594153
0.00023278136299684083 0.5962314537664031 0.3946214341304731 -0.22494253453767765 0.9989900961809041 0.6106338619781855 -0.1557287921621461
0.00023278136299684083 0.14824655120786104 -0.08598394655874426 -0.12274602142560227 -2.430383475163705 0.8481204835491153 0.9840693042188383
0.00023278136299684083 -0.5825512606242536 0.1994220104485755 -0.2688852957582395 0.4415024003931234 -0.563425330986377 0.2202432474723031
0.00023278136299684083 -0.4024723660082484 0.3470346300800985 -0.05684468473862391 -1.0251395930925955 0.38759754905082927 -0.3095360083387972
0.00023278136299684083 0.20951618663731847 0.2921328172267002 0.01955236333989001 1.1650669267148874 1.595293616014076 0.10862841274064458
0.00023278136299684083 -0.5887102646146909 0.3619061595889006 -0.17435175314177032 0.31545437056819103 -0.05849079328277382 -0.38046241477271064
0.00023278136299684083 1.0285819116011892 0.9327168369705022 -0.3318587630795066 -0.30786807955372075 -0.513196411155503 0.17749425857411785
0.00023278136299684083 0.16411595967517095 1.1639894214607076 -0.0671254240376398 -0.24073667928884354 -0.23578245049402116 -0.030459068977948717
0.00023278136299684083 1.246646885385409 1.2336048542614906 -0.4344579218899576 0.41719921004467325 0.37653773156550513 -0.1108672687994911
0.00023278136299684083 -0.9554561038293468 0.47177140368373816 -0.2355278788168103 -0.05869127043073838 -0.19418486052654613 0.03012147538149564
0.00023278136299684083 -0.24282111193003708 -0.42255356193061205 -0.18055198227422334 1.3394497790152793 0.07052338060016987 0.24122032969663812
0.00023278136299684083 -0.10641323305492521 0.8061896807142845 0.04915038420639863 -0.35831756286521227 -0.8414903783356269 0.24300654301553037
0.00023278136299684083 0.9814887352858451 0.2407667423753094 0.3220520914947596 0.6096052949203778 0.5816569019379374 -0.16852568684720765
0.00023278136299684083 -0.3538454042300495 -0.16833730542115566 -0.12013097844562248 1.3350488263290958 -0.6303385489195368 0.0936231369905972
0.00023278136299684083 -1.0319103634061348 0.167884105638512 -0.5847321995574161 0.2023728776542744 0.43292607533822125 0.23647075719643765
0.00023278136299684083 0.5893533552465234 0.49128872307786287 -0.13816821901711873 -0.6350998040390071 0.46167618894840196 -0.16185020624330917
0.00023278136299684083 -0.48519589426258874 0.2360393917090582 -0.19705790319685385 0.8718215246431319 -0.43017536625917413 0.3502108944183508
0.00023278136299684083 0.40981718373307585 0.7569630249486001 -0.17413826274166422 -0.9464557736404503 -0.2909935566728092 0.10809810311757034
0.00023278136299684083 -0.4420998784928342 0.16964540703796863 -0.09452854053637653 0.06505964833122443 -1.3879812672987188 0.5427875315567477
