0 30 0
0.9311254519873633 -6.254925370732339e-05 -0.0005781143328020739 0.00011624458631918341 -4.623349676058225e-05 -0.0007171843464873467 0.000871427270255688
0.00023278136299684083 -1.3998870470236824 3.243215137371533 0.9231697440722164 0.0031140791997153663 -0.18207709675895672 0.04724240304855123
0.00023278136299684083 0.2915756737500329 -0.06632471263060946 -0.17167993021558847 -1.9375569625058766 -0.4442128846858251 -0.6360020230353208
0.00023278136299684083 0.972272513596035 0.7596145104317965 0.16857275071554376 -0.5064639165550497 0.4002303687190827 -0.537168263377255
0.00023278136299684083 -0.3379043081217908 0.39312612498932054 -0.20104336747846313 1.0704982899850861 0.12172529061499089 0.5762280291795154
0.00023278136299684083 -0.2640230188992788 -0.9401897834783026 -0.07506969139123577 0.18810097309794543 0.9584316374559871 0.5713621837992507
0.00023278136299684083 -0.6744594143743836 -0.4783171498065545 0.5625028687187704 -0.6917564105918308 0.5921858816126295 0.24358352396047717
0.00023278136299684083 0.16282961740216825 -0.09997587392997952 0.03393851426244663 -2.5440018665699533 0.8180531939894738 0.11393096554557922
0.00023278136299684083 -0.3399791469892521 0.34380420272275 0.011621468393493746 0.9806141080970396 -0.6234610906026742 -1.0693259699778939
0.00023278136299684083 0.32946968460455733 -0.20093625020894154 0.12461081886007667 0.9203239276637307 -0.7074245010991976 0.013409369467795898
0.00023278136299684083 -0.06748822909790071 -0.17393758302957252 0.37203185175735864 0.10483298405812735 0.29127671367754626 -0.6170347411261761
0.00023278136299684083 -0.8607572817904323 -0.3922703416681934 -0.4738724727328683 0.17291529617127802 0.4559860464384068 -0.38262712485423206
0.00023278136299684083 0.36551745561781673 -0.15168744973476087 -0.6623643367573409 0.7683630578118622 -0.7908725361428343 -0.2572670182210823
0.00023278136299684083 -0.16596354481058925 -0.0970853126873011 -0.0966325959126324 1.973728164988961 0.048270529568141055 -1.7076132539670899
0.00023278136299684083 0.3511478471263979 -0.37281973620598624 -0.07970117841275515 -0.0655310492627381 0.4322127249658511 -1.3493576927064925
0.00023278136299684083 2.0410660297666032 0.44344101433390953 -3.2759688880746745 -0.1399977670037112 0.18468231235591054 0.11715840680245357
0.00023278136299684083 0.10874155257416669 -0.04595455992859209 0.6738581419905016 0.4237933247416057 -0.3939197283392912 0.19976979490616237
0.00023278136299684083 0.055661713069011534 0.6774175528340655 0.6279903395792327 -0.06497462815859091 -0.5439617760010492 0.6251813002259806
0.00023278136299684083 -0.9540275870809093 -0.009662426220016073 0.041917178955140244 0.25282504050656374 0.12495482749375217 0.8476970473707734
0.00023278136299684083 0.31596904695088945 0.7303634613820389 -1.0524952974472224 -0.11366858686220234 0.567041680106618 -0.44035272709200823
0.00023278136299684083 0.024080689045319507 0.22751836029399353 -0.5515420441751219 1.0460758540356692 -0.7414163404232506 0.36385637894977735
0.00023278136299684083 0.16568558041041712 -0.11954784619272793 0.9305108995944763 0.44983649971362627 -0.028435192980969512 0.05552358056123133
0.00023278136299684083 0.6373592456370354 0.23970969623634789 0.8065893446587739 -0.7528608393058384 -0.15133607683842315 -0.29831967439805623
0.00023278136299684083 -0.15396238314680494 0.2565061888902056 0.5525226407537718 -0.263335913221511 -0.1673772170818985 -1.1748638172606922
0.00023278136299684083 -1.0850617271126688 -0.3974462268382984 -0.0062273375094134805 -0.34542827790137365 -0.03464387969138127 0.594704440972487
0.00023278136299684083 0.25520576513606846 -0.09163427206526092 0.5289249494754381 0.05420773772908978 -0.17013525821151954 0.11521782794442963
0.00023278136299684083 -0.5739776306227764 -1.179506897371234 -0.8064266980399799 0.1429058374744723 -0.6576171886677523 -0.3321897137161108
0.00023278136299684083 0.31024931082761786 0.13085771909502425 0.22653982119869476 -0.815199594268195 1.5550031613242998 0.36889085963707763
0.00023278136299684083 0.4428608503498494 -0.3406268970844495 0.08970878618725678 -0.2775669446854863 0.2787639676107781 1.2555114408205195
0.00023278136299684083 0.2979957580179163 0.024806681705743096 0.31303537369717627 0.15114156865990344 1.6768098175409343 -0.7928546144824054
