0 10 0
0.9311254519873633 0.00024039848719014905 -0.0014552412828443293 0.00017592981037548608 -0.0010137858200502587 -0.00020324909360967415 0.0009706484306872857
0.00023278136299684083 -0.78704834449693 -0.9379510216563499 0.06040323956109998 0.29507225488356 0.8568031972018324 -0.045413127820698826
0.00023278136299684083 -0.028389016981710435 -0.002488243715077641 0.018527303742799688 6.139680326570498 0.1741681362564221 -3.8321734222038657
0.00023278136299684083 -0.05555613810188775 0.7352913108332068 0.3880975593924302 -0.5011301890617602 0.9290922279147301 0.025032431323021232
0.00023278136299684083 -0.8525143767721944 0.2800172325779536 -0.14907620165614233 7.105500245924201e-05 -0.31005901115090984 -0.069657322921025
0.00023278136299684083 -0.11864551281995904 0.47605076207686947 0.2915493121018671 -0.7365606152683979 -1.1448516702755416 0.14549046216382222
0.00023278136299684083 0.7637762443399818 1.6673311680936098 -0.1983536477073891 -0.25049023639100826 0.3512253586321623 -0.034491671650063505
0.00023278136299684083 1.0242635084024925 1.4253152639108821 -0.23173736741758968 -0.1085985920313893 0.09551762709835211 -0.15631453425380182
0.00023278136299684083 -0.10493395810510538 1.3424218428945158 -0.559122491885849 -0.41702822612339213 0.39928679918658155 -0.12399166374590619
0.00023278136299684083 -0.8025463542270674 0.8349768163557368 -0.3240069476331413 -0.3658724973795338 -0.5381862904249334 0.2089251263593738
