0 25 0
0.9311254519873633 -0.0023530463683193777 -0.0015986676445729098 0.00048803797406664367 -0.0008112796867762797 0.0006836677794718359 -0.00020071708534992322
0.00023278136299684083 1.3424089017708174 0.5897666100823212 -0.0832838639965138 0.1241410864075367 -0.1933506887021511 0.0333204775648807
0.00023278136299684083 -0.0796740023760788 0.48547370086358055 -0.04401145002947147 0.6029919539864049 0.10651025777820904 0.10878272649581842
0.00023278136299684083 -0.5078095541507007 -0.24120335857833053 0.015617125434821879 0.44188511885308657 -1.3013728292775484 0.34965531429968993
0.00023278136299684083 0.3101326969995935 0.7804435707281244 -0.08757771130860499 0.5483672927892247 0.732626619030574 -0.13032545184982075
0.00023278136299684083 -0.5850488436273602 -0.40747606468135267 0.12237099445757783 1.1108582574082162 0.39474907050175007 0.011843909473100487
0.00023278136299684083 0.7005205797175879 -0.02568806489095943 0.08898727552422431 0.7732036137997602 0.518136694649436 -0.136604833317169
0.00023278136299684083 0.8275374099299896 -0.009557409423021128 -0.07663345962761828 0.6996759513563374 0.9628060377095481 -0.10520301410395035
0.00023278136299684083 0.4804643976525045 0.036685013764376925 -0.05294968204158665 -1.2948584977948692 -0.10209185840447849 0.13850952700082142
0.00023278136299684083 0.7321233480452645 1.3168031629099728 -0.46800643198740777 -0.38189648805091314 -0.6516484915065778 0.21180200367400417
0.00023278136299684083 1.2966355811455437 -0.5059635166736508 0.10754351039579106 0.1626999927484314 -0.10236932105358529 0.21051896901974657
0.00023278136299684083 0.07396528309747141 -1.052814749982938 -0.09794430889037213 0.10103725487004868 -0.634823133693242 0.12684620028512308
0.00023278136299684083 -0.22472407309468567 0.736301547992954 -0.14811591372283642 0.5047022587957133 0.5702266342276451 -0.19335917315111015
0.00023278136299684083 1.6590266037870247 1.194010328783583 -0.6864076758448885 -0.009802505658869984 -0.28222636343429036 -0.01531089704920766
0.00023278136299684083 0.45032889408505095 0.6633567733136695 0.004492181791328836 0.9904279891919163 0.01993676312870529 -0.004053778964029654
0.00023278136299684083 0.5916333981384773 0.7891182577332294 -0.17709064513168787 0.016302622536271474 -0.6869066484086488 0.17874289074896868
0.00023278136299684083 -0.9374154843725865 1.2830813640612222 -0.10114775055162761 -0.20048474102495317 0.2420334781296966 0.0044741437035587875
0.00023278136299684083 0.2365265382322748 -1.0105150940307128 0.09747599660675586 0.31982460779675864 -0.45256275153760556 -0.03424654631000174
0.00023278136299684083 0.5255667369058074 1.250707262827641 -0.2437501658143053 0.11743249273086635 -0.34345000808017784 0.0615378917120415
0.00023278136299684083 -0.2946247546477517 0.3612098000577649 0.07565134127182709 0.9682816319989266 -1.1193027340697297 -0.07567638473261759
0.00023278136299684083 0.42625381099100557 -0.08415384319132133 -0.21063450352578392 -1.5889527689025449 -0.47323023997409314 0.05732893365020585
0.00023278136299684083 0.5618221898811873 -0.12859539825519742 0.049989238370135115 -1.0860545288515353 -0.1806096193636682 0.23193049672726643
0.00023278136299684083 0.5625389952540132 0.6307143955636065 -0.1491005363846166 0.46235281863401445 -0.4485810063670289 0.03538837379188119
0.00023278136299684083 0.6990919003419604 -0.29257960929388255 0.15242747357681055 0.31017045899572504 -0.051911125931895015 -0.19253434473548517
0.00023278136299684083 0.564904919568983 0.03554589861034815 -0.04005293483852935 -0.4471871255104394 0.7427401467618172 -0.07049909253402228
