0 25 0
0.9311254519873633 -0.00035822991703344137 8.93429278896954e-05 -9.741305438709495e-05 0.00027045402974003264 0.00047675847145892006 0.00020599556298445143
0.00023278136299684083 0.1849580317117873 -0.7903272847933985 -0.0057240864764726024 -0.9342585692916249 0.018652363521379885 -0.02933237501599869
0.00023278136299684083 -0.14167864463742075 -0.28880535166566934 -0.018693656087715737 1.7984990320841319 -0.0366359350130487 -0.036444663287116846
0.00023278136299684083 0.10358104459421633 0.013314930033040571 0.022272981312646215 -3.790704715835699 -1.0877286651918123 -0.6354868884456454
0.00023278136299684083 0.8068855290733998 0.3675917202816849 0.23928335268721684 -0.6034081991081132 -0.5510991652417282 0.049181643674006084
0.00023278136299684083 -0.7432361566131627 -1.11201519243072 -0.04670542470111902 -0.28809331207726613 -0.17176825808464322 0.13809576189252182
0.00023278136299684083 0.23426301514323875 0.23721661400894647 0.08869548008612683 1.5803784608459999 1.2247948821671513 0.15516607048770997
0.00023278136299684083 0.7888578190336831 0.7788955611503837 0.0860037576057394 -0.2915390657957619 0.7903594921591892 0.028049587384078905
0.00023278136299684083 0.8141963714099306 -0.08104017616231199 0.08378788870452236 0.010302108036250906 -0.7657670442867482 -0.02536415290360475
0.00023278136299684083 0.270179690000666 0.8287818463797803 -0.004564687847983545 -0.7016947754698865 0.08653147030664314 0.07332616778564896
0.00023278136299684083 -0.14103481869866819 -1.1238898680631693 -0.07066776585516216 -0.536120461213089 -0.05237943892745571 0.002947445545248129
0.00023278136299684083 -0.4350917006821905 -0.2578245050169794 0.21529949581983227 1.0764505316561173 0.6418252976311689 -0.5336307710047099
0.00023278136299684083 0.23063254290383253 -0.321517477273958 -0.018883573873829138 1.6581194512067032 0.6199766880705413 0.11112389112654253
0.00023278136299684083 -0.061200238393309916 0.5220169458223053 -0.05510613246995024 0.9715099634125339 1.2925819482396268 -0.07028514800350498
0.00023278136299684083 0.17395528320325782 0.12845105637148957 0.07640917076552883 -1.6082819793566203 -1.9671498488420662 -0.5752035668275557
0.00023278136299684083 0.23153268741686947 0.45970044858395603 -0.06366534010619773 -0.9928683302271406 0.5678415522328687 -0.004293083471250894
0.00023278136299684083 -1.0404505000966546 -0.40913421619191737 0.08700176297452222 0.7206475723817534 -0.2907094321739032 -0.006425276386393362
0.00023278136299684083 0.25808188069200516 0.2055657132224674 -0.010882763888977225 1.9816027833962868 -0.6187990684266896 -0.02139268963665517
0.00023278136299684083 -0.6266993905201483 0.8803862038599637 -0.3023473010028533 -0.26192975855666684 -0.6253164367588605 0.027914196716672942
0.00023278136299684083 -0.9616940153888801 0.3615013833370205 -0.12834663840852306 -0.5462030711567731 -0.2667953351153638 0.09344355198073818
0.00023278136299684083 0.3115186400194668 -0.6989392589455671 -0.07386062610829384 -0.9356834725064714 0.08457627687051457 0.3498216778459032
0.00023278136299684083 0.3658342894910276 -0.362673288278946 -0.006663141525938535 -0.048177252239951604 -1.0348384118304366 0.011545575256014792
0.00023278136299684083 0.4133585660473151 0.5988779923157149 0.1853069302205164 0.6325844049395982 0.5833535226377021 0.03733596778710006
0.00023278136299684083 0.29841157265349527 0.4155035902152727 0.022669970013859397 1.1308081112658332 -0.48453075629232095 -0.024134423164522138
0.00023278136299684083 0.09775816976980453 -0.7090090983179987 0.08903256571088328 -1.1037555753502746 0.13599041651260896 0.06005924872696617
