0 20 0
0.9311254519873633 5.423336310045366e-05 -0.0011390668553602074 0.0004344390798692644 -0.00020582858086480064 -0.00011229574264669354 -0.00032955406807623147
0.00023278136299684083 1.242288670800919 1.89825343957912 -0.5096684054216711 -0.059100254498783034 -0.08973817837364939 0.07619457033002625
0.00023278136299684083 0.5711431131470683 -0.3646351513008757 -0.06768625711628218 0.6162815819550322 -0.13231706919911423 0.1491153477220319
0.00023278136299684083 -0.5311362131323458 0.5947277571859515 -0.18809706731691012 -0.147809087085976 0.404358955850057 0.26058015558311304
0.00023278136299684083 -0.1260188118665913 0.3247925360385348 0.010996105427688755 -1.2554935828217135 1.7293201849384963 -0.04865538291596958
0.00023278136299684083 -0.827340184709475 0.23725721866098146 -0.06206059036869118 0.27448480580911055 -0.7096284260441975 0.2756391034500901
0.00023278136299684083 -0.3658463644357278 0.02859602423595593 -0.15840899959038807 1.427195199858619 -0.7079544130556311 0.48879591682382206
0.00023278136299684083 -0.9830881245985534 1.4125205900242062 0.124258591022319 -0.18094508653691213 0.43250253005677414 0.1447047706658489
0.00023278136299684083 -0.2752791365624596 0.8316245479775982 -0.019313159789649332 -0.7012393760123369 -0.4339379801185198 0.25666274021765173
0.00023278136299684083 0.49503586647428643 -1.623892589335812 -0.7406480245678088 0.4979787160494299 0.10585801786263901 0.2680852987724315
0.00023278136299684083 -0.5139746296025727 0.1863451761130701 -0.14162822414555631 -0.7660749126732356 0.7184960561566491 0.06261931985733513
0.00023278136299684083 -0.27016632712683136 -0.318621205564603 0.11286542539002165 -0.9379482743334494 0.6209382935621655 0.1257449576559012
0.00023278136299684083 0.887228374598676 -0.14239823923211614 -0.1026516070006302 -0.07862193630801093 0.9838614956384526 -0.21993587681892698
0.00023278136299684083 1.2557364387330239 -0.7384595735965535 0.38345342628871126 0.4998755128365659 0.06149688226902254 -0.14514762725467398
0.00023278136299684083 -0.3220978096453174 0.3036267973536228 -0.08106657600360337 1.1310172860648255 -1.0682808109785333 0.2900850820466766
0.00023278136299684083 1.142921303843567 0.7974506345321205 -0.007459894070058743 0.13241160100300484 -0.4681845246701599 -0.0795939751221356
0.00023278136299684083 0.9275896233066682 0.1362629226541501 -0.17407984934078238 -0.40577610287311455 0.3910673550686295 -0.22597892100291458
0.00023278136299684083 -0.3057515348065742 0.3463307388263922 -0.2662030095786498 0.7028292494698478 -0.7693734432405483 -0.2995214063571892
0.00023278136299684083 -1.348121265976206 0.21918771938044226 0.13832151215073285 -0.3438376523990917 -0.2529522507881057 -0.06343387665518647
0.00023278136299684083 -0.8700564408449689 0.42729807791187036 0.011320284554138185 0.41808663595538625 -0.36634970434765546 0.002256075306994044
