0 15 0
0.9311254519873633 -0.0011259160149158782 7.75342183139339e-05 0.0003111493826589011 -0.00021686260966226876 0.0006230593759564855 -5.203708200173735e-05
0.00023278136299684083 -1.0878988225799158 -2.5367200011899707 0.016128363062037496 -0.1027603800456284 -0.1864780967471882 -0.009346180051162757
0.00023278136299684083 -0.22309407232771225 -0.2868567380560658 -0.13960218887289824 -0.6234626005904242 -1.4099583752912075 -0.1834609331688769
0.00023278136299684083 1.0180345400241075 0.011315877149187298 0.017467232718595335 0.7439325192421963 0.5198232859220139 -0.0662170692706039
0.00023278136299684083 0.4532533481933558 0.5769573942373641 -0.1257463166493436 1.1117106478942846 0.07668554911422686 -0.05543708319937096
0.00023278136299684083 0.49060450942640105 0.30978976319118134 -0.10614361576858386 -0.8837091467200945 -0.7516638588141785 0.12787323659744376
0.00023278136299684083 1.1560397989957971 0.30619346844906287 -0.17997049300467674 -0.02206670140417021 0.08402548280010952 0.10914994739575913
0.00023278136299684083 -0.4175777580993773 0.6534183123381238 -0.0816911318232665 -1.1404832008017158 0.47323104516264014 -0.022140314847092286
0.00023278136299684083 0.7551244211346747 -0.40204200917756944 -0.13611253357232495 -0.1864244127345418 -0.3806599294014086 -0.05742558380578032
0.00023278136299684083 0.21935565429691561 0.26959365091321374 0.003399514088050881 1.591221633593418 -0.8737470920064186 0.3061944318416501
0.00023278136299684083 -0.16884544367115853 0.10137350788072638 0.04478985122891165 1.7238976640773627 1.8389504058395163 -0.7671296699682034
0.00023278136299684083 0.7295989134976759 0.7553861333549307 0.024459307264860078 0.5933618938364947 -0.5273329103163498 -0.05466182120294471
0.00023278136299684083 0.8705695286767414 -0.16332474517397277 -0.3135013180978116 -0.43523445033301045 -0.5934157270356814 0.043952387265533424
0.00023278136299684083 0.4335355351465255 0.08484217581105016 -0.23864891030450772 -0.787117637445399 1.2020014935609824 0.15403444909533182
0.00023278136299684083 0.27496390694862993 0.009936337017635775 -0.029425290904651985 -0.7154153899196941 -1.9636987766130025 0.6827625313252662
