0 15 0
0.9311254519873633 0.00022713815408217757 0.0013703583913944265 -5.907933033388691e-05 -0.0008037509394538721 0.0007779601733304986 0.00034035593585145127
0.00023278136299684083 -0.3848958578111461 -1.5820707786181971 0.3546820701182821 0.23635604605353558 0.31518951612300944 -0.2469281844489153
0.00023278136299684083 -0.44381415211819936 -0.8169188383014355 0.025577941611367196 -0.5762942446363941 0.6952680639801203 0.11650081209053836
0.00023278136299684083 0.9249841848580894 0.042153544243184446 0.00876839841466238 -0.5560758606331531 0.22795819154696786 0.06472321806653117
0.00023278136299684083 0.06275439831933428 -0.03244351205058406 -0.049993259488765006 1.5762042752363836 -3.9551858228037453 -0.969576300104638
0.00023278136299684083 1.4670255097687155 0.14706205346870357 -0.3716093627058259 -0.3495521900292422 0.21893564041547853 0.025971529688438036
0.00023278136299684083 0.13822142456420375 -0.25649941938308335 -0.03149728806141688 1.1628505355849639 -1.8844752581441335 -0.07040996890714676
0.00023278136299684083 -1.1808344850118389 -0.34972878191256096 0.16605498092781218 0.8330634390904332 -0.2959110436013394 -0.05559525616428915
0.00023278136299684083 -0.37076233457391367 -0.5708438976455145 -0.11406821335337686 -0.22641244562518903 0.8097896139514723 -0.28890112322642414
0.00023278136299684083 0.12352287737610163 -0.7730712953884913 -0.0778086075821976 -0.29009546929998004 -0.5964600112663595 0.2890383756348068
0.00023278136299684083 -0.349807786971045 -1.1652916085193732 0.08882661740241944 -0.4030131291920733 -0.008517884353879176 0.03705309428706948
0.00023278136299684083 -0.491296377486652 -1.04244751478667 -0.022642274676387374 0.11123023735542706 0.2656936371829953 -0.04285635666783465
0.00023278136299684083 0.4217631772124547 0.5650717582844828 0.021215289491245053 1.1110848093766152 -0.3988691367397351 -0.14764465533597515
0.00023278136299684083 0.01619494840337213 0.4529426028113213 0.06041134926951781 1.1098802018089988 1.0481901177073198 -0.12706515986010622
0.00023278136299684083 -0.8416081428610926 -0.09934787777971432 0.1783996799681912 -0.5242224472748385 0.4465536826798319 0.05426623154213997
