0 30 0
0.9311254519873633 -0.0007061966185690214 -0.001411914998438626 0.00013536755281794952 -0.0033540020415798876 0.000951316819845427 -8.020638988723075e-05
0.00023278136299684083 -0.6506513326093999 -0.49730458270741834 -0.09139380405291206 0.7436917190597782 0.9429669103328971 0.07622255246283624
0.00023278136299684083 0.436308567885952 0.17566805136347685 0.021431579480560934 0.11272735203122616 1.3422743262113408 0.10098242498213088
0.00023278136299684083 0.8544898898625587 0.5334979591396135 -0.09024172472591938 0.19893911132670547 0.2709700712179307 0.12808684943457738
0.00023278136299684083 0.5362643638232396 0.7631026691363759 0.296165486437704 0.285182405802592 0.6061893513186881 -0.11108067048611216
0.00023278136299684083 -1.3652518973843364 1.5264626546646494 -0.1421416387559332 -0.3231078516242756 -0.20722128407239968 0.01657160639610178
0.00023278136299684083 -0.5414296527594065 0.8447265613731114 0.1217605438330753 -0.387679141270629 -0.629749891846862 0.036920667666948785
0.00023278136299684083 0.26015935381703825 -0.7960599223338212 0.003680649693108076 -0.31107999808734094 -0.6610397352045572 0.10544321406206685
0.00023278136299684083 0.15161992823073414 0.9853012938954472 0.007096724313384589 -0.6131184785933177 0.29514871498231743 -0.14270687991864836
0.00023278136299684083 -0.08638954290480182 -0.2817798313006784 -0.027202115643258317 2.156175304089616 0.1811632691299976 -0.012562399510375608
0.00023278136299684083 0.8844222950286287 0.28412309325498875 -0.1361173072582074 0.11493078401042893 -0.6316455459941704 -0.07470762558285052
0.00023278136299684083 -0.2058060923433146 -0.1813150830871007 0.030451953081633364 -0.39097381886695615 2.1957359899574658 0.019922343398923938
0.00023278136299684083 0.2195197735740827 0.8364419351393422 0.013892851166730757 -0.5630557735412445 -0.4852576105455033 0.04569199251611217
0.00023278136299684083 1.404271010321724 0.1110916347762236 -0.15616681249897116 -0.17713892883119653 -0.5085123413509365 -0.045806635949771
0.00023278136299684083 0.9374262168544828 0.4063990736189242 0.010129513970846467 0.011875200805732074 0.31345672405223024 -0.10946683244133008
0.00023278136299684083 0.1597004726614022 0.5434225441866548 -0.059547841205086924 -0.5929981159625011 -1.093176569134214 -0.003984907304162893
0.00023278136299684083 0.392490576215881 0.1979237283227619 0.039162691948260504 1.203445114420666 -0.8413974984354221 -0.08690722899175266
0.00023278136299684083 0.21706915828022086 0.5723334350578828 0.05235556288536027 -0.4558172430104677 -1.1999958079641062 -0.1025147540350456
0.00023278136299684083 0.4497191742927406 0.9994725631449436 -0.11293763768685418 0.06741040821946019 0.09396579348646604 0.012018314854874649
0.00023278136299684083 -1.3497137297710395 -1.3928599200948568 -0.06867117003586642 0.023743160960034104 -0.12727840383167902 -0.01950683231545772
0.00023278136299684083 -0.7640940569600363 -1.5521745086380194 0.054258452800663534 -0.13505489308923324 -0.002870983080908184 -0.0818724312990907
0.00023278136299684083 0.47260522863345666 0.13557470313685535 -0.030988881683322755 1.311604203638988 -0.4382245259811525 -0.14089109666826627
0.00023278136299684083 -0.8422496346499002 0.3182938396289218 -0.10341674419405068 0.37612358968273 -0.6467832428001474 -0.01163033256647639
0.00023278136299684083 0.0015139116349812054 0.07094959195014712 0.0002564950762225795 4.799831360875716 -1.106775462584319 0.4272078116127099
0.00023278136299684083 0.7466864821245911 0.4851179126092607 -0.0932322004423919 0.24882083202621824 0.6808357512185766 0.06935030019886512
0.00023278136299684083 0.6337827323488837 -0.11082074201462398 -0.042044647002195644 -0.6733274022075432 -0.6424155146666639 -0.21055195108150657
0.00023278136299684083 -0.7216644794434083 0.2327726334323269 0.07854307752574168 0.39838541083773865 -1.0394136357917014 0.03068048911500653
0.00023278136299684083 0.13971372622073 -0.09701969103231821 0.013412548374247608 2.5588762159655363 1.5196144803863794 -0.022937907247951424
0.00023278136299684083 0.5722482596959272 0.6278829626287034 -0.12441536020017233 0.45864184914943934 -0.7378950930803779 0.34790035120163404
0.00023278136299684083 -0.11797422840620297 -0.09356456549787245 -0.00555045647419471 2.9689557885016358 -1.2479355153108884 0.08095512704493285
