0 15 0
0.9311254519873633 -0.00011419968216902138 0.0003169549734947505 -1.5536457519054802e-05 -0.0004504219675562929 -0.000860774719707225 -2.719934315034572e-05
0.00023278136299684083 -0.5746689379096568 -1.9129385425458587 0.3043876995288405 -0.1515887514266947 -0.18815579682759384 0.0443348191141076
0.00023278136299684083 1.040800754643639 0.23940585129909422 -0.020779294971978817 -0.11718380149575186 -0.7037514108603954 -0.015225833336597529
0.00023278136299684083 0.6296641171752148 0.6112732642023873 -0.18019671047555205 -0.6570586060058066 0.23341607220469984 -0.020828290097514197
0.00023278136299684083 -0.39757669348854774 -0.27317138306400207 0.023622238302112485 -0.13669800278412636 1.435322641394114 -0.25016719414034344
0.00023278136299684083 -0.21551964929104991 -0.44741462499583695 0.03935594601380048 1.6907294339611143 -0.26286734463126954 -0.06906009619847589
0.00023278136299684083 0.4237923735685273 0.5858501116438177 -0.22465862619212384 -0.7142469844748017 -0.16460093425353922 -0.14380545035828307
0.00023278136299684083 -0.610281495708559 -0.7215518668053208 0.0843750412974928 0.936681427964116 0.5304153361676669 -0.03733890082842687
0.00023278136299684083 -0.6579935974831698 -0.2825552053772355 0.14812769363644315 0.0794504652460614 1.0925872251665507 -0.164268375544958
0.00023278136299684083 0.5261986157056088 0.18403648212109475 0.0051494180710582975 0.9719963265725617 -0.8128330448051528 0.18293557168037544
0.00023278136299684083 0.1587391153606875 -0.5746449530947876 0.017879217231611757 -0.9159664628393187 -0.16090550668920692 0.0323253954092831
0.00023278136299684083 -0.1552462011401107 0.24637658135405496 0.0048783067354047855 1.5229965872348583 1.360723638296687 -0.07286340895807904
0.00023278136299684083 -0.146386814759607 -0.2614883254088651 -0.028543239821305348 -0.22692443003552037 2.1001045550411073 0.07368105610406363
0.00023278136299684083 0.479870554828364 0.7028669052815631 0.11829383155232702 -0.5379741235929956 -0.17332480765474262 0.24966746607420096
0.00023278136299684083 -0.04459341282570681 0.6361358114109115 -0.22974569083191537 0.05747479190147104 -0.8430317437200268 0.2994106136820302
