0 25 0
0.9311254519873633 -0.0005790000921394686 -0.001434977421890862 -0.00017234287473317402 0.0009668817404236281 -0.0002304056648572599 0.0008743862343515974
0.00023278136299684083 -0.2894610897741283 0.5704691996842173 0.05184936038568237 -0.9516983498161535 -0.46892955370348866 -0.09573925098065413
0.00023278136299684083 -0.23818548666544861 0.04259664006563526 -0.053696734350838105 1.2823605865763692 1.7469548645633333 -0.5325855033212462
0.00023278136299684083 0.5180375786225835 0.6274968951471388 -0.003292249489021873 -0.6980477529374335 -0.23919169459008227 -0.32994667502695757
0.00023278136299684083 0.7586703699191121 0.5771430787726921 0.10498964151260493 0.15504830839207726 -0.8435503294163793 -0.2816092771589181
0.00023278136299684083 0.06047508830618898 -0.020729452338631757 -0.29447186524342617 -0.9116847159235076 0.19510104446277096 -1.9142173682707688
0.00023278136299684083 0.30291074562095244 0.01931308835060946 0.3242428318758736 -1.2099541066424035 -1.1724203040931294 -0.035219080096994745
0.00023278136299684083 -0.781300282008107 1.070596869611004 -0.3319961761195722 0.3792954335180084 0.44268612965169774 -0.006703527103833404
0.00023278136299684083 0.21502021525686066 0.43973826298935687 -0.05237959843620729 -1.286982465230932 0.14960939021118783 0.13362834153603403
0.00023278136299684083 0.5364424532365045 0.5440983615402224 0.08604449865645263 0.9294094014534691 0.09241021811367091 -0.027074693928032415
0.00023278136299684083 -0.8907080824423 -0.5845984871220812 0.5184434259715615 0.34703082616675257 -0.3434448899202285 -0.11751495757422796
0.00023278136299684083 -0.5394372932401981 -1.1989356030716496 -0.1632712027029932 0.22088995770609868 0.042563974141158464 0.23485425227780576
0.00023278136299684083 0.6847737772518017 0.20050554826851172 -0.014045097285023001 0.07020386008767594 -0.9433689057620254 0.09963202166519741
0.00023278136299684083 0.835074997526884 0.9563622726598192 -0.17738041428826545 0.0471028645952699 -0.8783414304724045 0.0217173780646627
0.00023278136299684083 0.5294186233429101 -0.6107069361502911 0.1763323488770669 0.4508377293884305 0.461487028977284 -0.14326636428547945
0.00023278136299684083 -0.3469974589241654 0.4199242571382823 0.032741019165319955 0.564442118646334 0.6578706755526529 -0.5283770307193326
0.00023278136299684083 -1.6125506348000933 2.06259184511228 -0.21307473998475054 -0.07623454780509158 -0.1446756679226994 0.028116246826788347
0.00023278136299684083 1.1155246114716715 -0.15435841621973817 0.1677209196164501 0.20627871780681603 0.3418637491663109 0.23652486747459783
0.00023278136299684083 -0.7513499765599468 -0.6077265456859053 0.3116196808571678 -0.5468453886631236 0.6776949782522934 -0.05956609689661998
0.00023278136299684083 -0.1452527362519528 0.3326251294241514 0.20774219206090233 1.259812968288595 -1.1814067404903092 -0.1850827141908832
0.00023278136299684083 0.8652591345271653 0.523643751797557 -0.13405505345453952 -0.46881259931167213 -0.6914242081879811 -0.13872179985695934
0.00023278136299684083 0.2832142645191974 0.31899445341942917 -0.003999011941334187 -0.39092653627728813 1.6044310384459182 -0.25727597523120893
0.00023278136299684083 0.1381856323449571 -0.24833781538360597 -0.10305018050924349 -2.156021846750829 -0.10574965319542706 0.2706042349713475
0.00023278136299684083 0.6253441782063316 0.3208894170915339 0.3065288437280764 -0.8405689861281467 0.4050622539114881 -0.2775287692409702
0.00023278136299684083 0.44289173907108337 0.13831387245841503 -0.05417093996919728 -0.24246243883383484 1.1163906917334248 0.4078068036602649
