0 10 0
0.9311254519873633 0.0006939608009358392 -0.00030297273474841216 0.0002296486399537265 -6.0210192281525576e-05 0.001001318670240348 0.00019269482786821892
0.00023278136299684083 -0.6775626241351873 -1.7234664215550992 0.02161525354825273 -0.35736107888287205 -0.5293457264006814 0.005907366006622884
0.00023278136299684083 -0.17125280965026313 -0.4888245201439139 0.16368906995529411 1.5193479061841877 -0.1167684099471134 -0.46658267007818116
0.00023278136299684083 -0.6646159541568769 0.22739667855836526 -0.24839135887902183 0.39104567721476025 -0.03674599809496928 0.09604761895069072
0.00023278136299684083 -0.9517702592766624 -0.15493689489990098 -0.1294751798684845 0.27612249045672027 -0.8500350144791005 0.04903322744567953
0.00023278136299684083 0.38027441420717356 0.3519599241620137 0.24653268324984498 -0.9372191669370213 -0.8718915632162884 -0.6034975885181314
0.00023278136299684083 0.05935089386392638 0.9737158539707991 -0.26050689778380093 -0.5679347648961525 0.39195592842810595 0.12375137485187546
0.00023278136299684083 0.6526478638600168 0.9546922815544323 -0.3303602543906268 -0.14294341558422508 -0.5928119754183632 0.06524132901613405
0.00023278136299684083 -0.8689207747906164 0.22994987288150046 -0.21566409626893693 0.19708544927356178 -0.7372262416770641 -0.0026494374872334243
0.00023278136299684083 -0.5339939536668987 0.8414041644639676 -0.1660337793774604 -0.13730232770285652 -0.6624056801559189 -0.0380305316603323
