0 15 0
0.9311254519873633 -0.00022904914757744654 5.655025286351264e-05 7.705637133996526e-05 -9.237020469188063e-05 0.0003504120270686119 -4.7185346276382795e-05
0.00023278136299684083 -0.8940819885605891 -1.3120464757826291 -0.06196508600233116 0.0652678339535135 0.34463175968002085 -0.028011678845116728
0.00023278136299684083 -0.14042291348106326 0.2806447061381729 0.04661938967705704 1.71187820499084 0.5889659842112793 -0.22421682046410837
0.00023278136299684083 0.516404749695723 0.527472233149226 -0.07195213335956357 -0.3827929081274828 0.9003836647832966 0.09924023656498054
0.00023278136299684083 0.3860199032137344 0.05301400884847284 -0.052454333631177366 0.7610377187033986 -1.4563017331938544 0.11091567392523276
0.00023278136299684083 -0.2791778849019777 0.8963332935250174 -0.08999223883593532 -0.5223894588088052 -0.7231928158953705 -0.05164117048553192
0.00023278136299684083 0.4666024398265492 0.028046628240913803 0.004613024397811891 1.2486603652581483 0.8368725473906091 0.07626987467452236
0.00023278136299684083 -1.6407488093559066 -0.8325879792047692 -0.1443617629387685 -0.29941140614805845 -0.3281107485466998 0.03197402833505721
0.00023278136299684083 -0.28115813840973625 -0.1599430716113203 -0.07096072545746922 -0.6112792190072431 1.6139628533391244 0.26907139849504036
0.00023278136299684083 0.9276027441519624 0.23567416655366275 0.013013823837745036 0.01259792974061772 -0.7467874383343078 0.022900309316306957
0.00023278136299684083 0.8792610438610733 -0.8047310756587621 -0.07837046734706694 -0.07127910989680962 -0.5593742835067833 0.03727335053382302
0.00023278136299684083 0.781047924673838 0.410302669610281 0.0930150634435475 0.7861310893818897 -0.5062324856566386 0.010835422611253405
0.00023278136299684083 -0.2915243351248586 -0.6363418524851153 0.05932949846745709 -0.4392637419147788 0.7668154606702496 0.15252961449952426
0.00023278136299684083 0.38733466768418057 0.9023085192474012 0.01676779097611728 -0.6380853340611705 0.20767302839036636 0.026465300696408713
0.00023278136299684083 0.09903718703606494 0.18565321797439482 0.028472671412715242 -1.2515911452965343 -2.3409539016057375 -0.34486415475186144
