0 20 0
0.9311254519873633 -0.0006951911806270901 -0.0012353345474086844 8.68678474642245e-05 -0.0011765417693403706 0.0012835041758343893 -0.0003297841265410249
0.00023278136299684083 1.1033833059071574 0.43681003957354114 -0.05783397485025925 0.5000080338630836 -0.6048992819020834 -0.032373296497335745
0.00023278136299684083 0.11543758985815088 -0.26014142144743796 -0.01899891341129556 -0.17286339432140857 -2.2651323570621993 -0.12295108680547419
0.00023278136299684083 0.03383887624968659 0.5158699543860296 -0.02866108737827091 -1.1389599839049172 0.5668513173720359 -0.08151885803222529
0.00023278136299684083 0.306545688450091 -0.5028078606583094 -0.01272260551587026 1.1719933492120058 0.6828353228569676 0.013515296717387904
0.00023278136299684083 -0.33578396676402517 0.7058631985717985 -0.0030226663522290283 -0.6914263121651378 -0.2361554031167929 0.022723392225347087
0.00023278136299684083 -0.437984346375467 0.26274343767336644 -0.046526285956360484 -0.8515507252503149 -0.8252676436046764 0.12661649003263617
0.00023278136299684083 0.6937668894334271 0.8564129700618497 -0.03197055343698311 0.8478599846415467 -0.17415379255610092 0.029716986530798465
0.00023278136299684083 -0.10650339436650019 -0.190149180028681 0.03443117635970696 2.31502396315757 -0.6074701501908343 -0.27447970070705346
0.00023278136299684083 0.9189379707315263 1.3589669331405958 0.02852522674258259 0.09601009139879188 -0.08206766119796158 0.028858515402721913
0.00023278136299684083 -0.47152508370301893 0.24853714823083448 -0.13966927472330162 -0.10000873104176165 -1.386705614800372 0.2451860579993871
0.00023278136299684083 -0.10731592211874777 -0.19503436949400751 -0.02324489748652979 -1.7997246756381546 1.5642164714843205 0.8619609397294531
0.00023278136299684083 0.19951123769680468 -0.10673502150354064 0.01681796852063298 1.6762404956049144 1.951355460093939 0.2851928879316593
0.00023278136299684083 0.4318997387136363 0.2633391087255515 -0.012865256913792178 -1.4376366507174223 -0.8803049333417401 0.04049628939761186
0.00023278136299684083 -0.20667963137910772 -0.028564037865550746 -0.01323228540593637 0.9126422235882364 -2.532809092976892 0.4382561917288021
0.00023278136299684083 -0.655053375353418 -0.11325450228465302 -0.02143361856988315 1.1278372234281646 -0.21717269081155766 -0.034682205204933376
0.00023278136299684083 0.4857167591548775 0.8455574562107117 0.0222894798028153 -0.5673906067798673 -0.6111998512366814 0.03706704915040239
0.00023278136299684083 0.6906454283872346 0.6673837687717965 -0.040457666518405835 -0.024199735186820347 0.8829317264766896 0.014027554340367558
0.00023278136299684083 0.29947630310577267 0.4959249131150551 0.014870261907807427 1.255666753719578 0.37661284702886433 -0.07608649731634475
0.00023278136299684083 -0.17754934512078108 -0.3193843455449872 -0.01376641667132781 1.5866457737533997 -0.7354813758524786 -0.20238950045910836
