0 30 0
0.9311254519873633 -0.001712058472279974 -0.0003756087500443292 0.00036771535559580363 0.0013451853023952077 -0.0022049992809899223 0.0006704179496523809
0.00023278136299684083 -0.724251687714985 -1.6115225580657304 -0.13182115437961336 0.2170554274643078 0.3984787084198924 0.09476306642431846
0.00023278136299684083 0.6273919955231171 2.944508921308263 -0.6614178567049248 0.026759698320589508 0.27344964651495257 -0.12651393558244559
0.00023278136299684083 0.8043748699086423 -0.1689730107516713 -0.33446912760661246 0.47146226010031717 0.6023291776890898 -0.2403170122750917
0.00023278136299684083 -0.1700752621054683 0.3699248006411551 -0.13115965983962385 0.5804035386284282 1.5041452351065379 -0.11936243702754752
0.00023278136299684083 -0.09849532636724614 -0.8397597310465171 0.009054452629449683 -0.7527690766715279 -0.17707679467028767 -0.14827451709900763
0.00023278136299684083 -0.004902180040446922 -0.7784666726296999 0.17352615737031185 -0.8274866114206688 0.16423122022955206 0.17709137960318527
0.00023278136299684083 0.5716359571960886 -0.5828491047231243 -0.09196566790561361 -0.4361864093071044 0.7254881635110092 -0.513039312211676
0.00023278136299684083 0.3735057759664259 0.5001732449821283 -0.12370645542853013 -0.6340590963275451 -0.839880857441437 0.20832988870385266
0.00023278136299684083 0.4708986824646128 0.17386611775316552 -0.1613986519134337 0.9174634370093757 -0.44417208270261926 -0.25354743273566827
0.00023278136299684083 0.24371517303675333 -0.7570191796429514 0.037758218769212294 0.8177294700023975 0.018832392671114386 -0.27456095203945696
0.00023278136299684083 -0.4931737999793089 0.31095537825880076 0.04455371281265462 -0.5794685525545893 -1.0697964950101957 0.23750552063996502
0.00023278136299684083 1.1890087634315385 1.0999078334428634 -0.1630402236578262 0.2729798174756898 0.3997988549141028 -0.10842098964210779
0.00023278136299684083 1.4112715966609857 0.49387995434807413 0.1618129463230985 0.09261641904744015 0.3371652561717779 -0.11384725766698672
0.00023278136299684083 0.7466676027420726 1.4659717176200506 -0.6315626645797291 -0.2023412296708323 -0.07494415694134635 -0.3124057378220746
0.00023278136299684083 -0.7249939823982923 -0.12601802151799663 -0.23081263104096564 -0.7547106152620167 0.580423483786496 -0.8738995233589487
0.00023278136299684083 0.4653837147581574 0.09188269712900272 0.2093561019075142 0.40892098242379593 1.4418624068620567 0.17433532266107088
0.00023278136299684083 0.36670321449688764 0.3713952699624783 -0.21068250215871717 -1.058875124153267 -0.5227698804282721 0.2139043840668435
0.00023278136299684083 0.5594017143283723 0.6577299608530045 -0.11096113237319229 -0.2552465542489955 0.37176241678088057 -0.05585094331451032
0.00023278136299684083 -1.4075456244413778 0.4535869729313327 0.46891297837756224 -0.342502868034643 -0.05311247792138502 -0.10307692494726861
0.00023278136299684083 1.0304099979642682 -1.2655383919126728 0.0942847517113129 -0.3048480280158646 0.10720129155863889 -0.001376155065918861
0.00023278136299684083 0.3424548371473514 0.1463757381305602 0.20423237343941258 -0.6149820591888514 1.4157783324179238 0.0545717735597064
0.00023278136299684083 -0.3474628147618271 -0.24934821355643916 0.03590262463557708 -0.568358542171422 1.4563724646181926 0.2430223839311496
0.00023278136299684083 0.0656791273676298 -1.4212975706347977 -0.09983068440125722 0.03435766553224696 0.31280815608306006 -0.15268144937389222
0.00023278136299684083 0.5469750430949797 0.24598532630546935 0.014904562908489955 -0.731764029458664 0.7485438889280159 -0.127724451783125
0.00023278136299684083 0.035451873295313546 0.6364992036591555 -0.16528066951322087 0.21860812412661998 0.6470799144242616 -0.08860114957150787
0.00023278136299684083 -0.14454499648675465 -0.4452809263075847 0.09240721050914583 -0.9716089558883716 0.20885811900142895 -0.2441207126764291
0.00023278136299684083 0.7298234448166825 -0.23035523490595983 0.14958996531391497 0.9095794075267998 0.719926645234332 -0.12147352743287428
0.00023278136299684083 0.512892693063072 0.6583645255624472 -0.11876661644148283 -0.03304787969258097 -0.06873541888682101 -0.01608456834018362
0.00023278136299684083 -0.1299665138525729 -0.6421440470172081 0.19971821885384497 -1.2804218251718962 -0.36405048696127273 -0.09001652823289517
