0 15 0
0.9311254519873633 0.001204495685765392 -0.002174520742574206 -0.0019971892087168827 -0.007102248635026303 -0.009060440582224437 0.010715639248039109
0.00023278136299684083 -0.15922786390787816 -0.036303765612306416 -0.40279289983376676 -0.46261260728024084 -0.018382715744444632 0.9304585263676443
0.00023278136299684083 0.0011389728825239144 -0.002141036187906157 -0.0019789581445495462 27.067670709324606 32.94264298847588 -44.0749703629748
0.00023278136299684083 -1.6083355396002095 0.4646373011203816 0.6136831354435804 -0.40794289928215816 0.40765144325219516 -0.03009694946178772
0.00023278136299684083 -0.3330292569124583 6.721078122410441 7.157683819160473 -0.004523267854893951 -0.031466954684854324 -0.1152507535813667
0.00023278136299684083 -0.32526823810369204 0.6285210926436542 -0.37580015563484437 0.36482127632977684 0.8663551385912153 -0.43904026521903894
0.00023278136299684083 -0.10364756665843058 0.19809348932594065 0.03968428476518639 2.3853679663064065 0.7727315800803536 -0.4892791543904299
0.00023278136299684083 -1.43381367722055 1.0444125430089333 1.98074372281889 0.07379867273427514 0.2877822392936895 -0.14627041080005923
0.00023278136299684083 -0.1022082861710766 -0.6344939373889866 -0.3641460946756007 -0.9649462598202061 -0.4154318326156427 0.05532044472967651
0.00023278136299684083 -1.1213947113545495 0.9311832900448892 -0.5887075718111308 -0.3144079645872814 0.2990074633738893 0.4372598296680375
0.00023278136299684083 -0.9047176420517745 -0.25142960804641346 -0.787989391999013 0.41687373188901294 0.6472093305043294 0.0007177445325259584
0.00023278136299684083 0.6634426524858652 0.42507366782705897 0.27501615677807545 -0.7611342551054203 0.5461503035501034 0.5924091761170195
0.00023278136299684083 -0.20357555746171768 0.3933376162949558 0.20138094647592392 0.9019148804086742 -0.08476061098807175 0.8344907736008021
0.00023278136299684083 0.397974357443144 -0.5519273744508433 0.31152744376457686 -0.023273370583755115 0.6251292624558974 0.26808664987869235
0.00023278136299684083 0.41467961362669087 -0.6319584306643204 -0.06954760224009443 0.1373879276264087 -0.6028553066468006 -0.6863922406233425
