0 20 0
0.9311254519873633 -0.0012157099793513933 -0.002490951085524822 0.0001704580926078621 0.0014357580874522493 0.0008493975548079254 -0.0008163326343088893
0.00023278136299684083 0.5508795966620438 0.22626742333121866 0.18209291226147312 -1.1717145241207918 -0.7690700217597818 -0.26065184715323736
0.00023278136299684083 0.9659808619016566 -0.4560608714543658 0.24083555274482982 0.1894378320931865 -0.5409597065799637 0.02487061707397094
0.00023278136299684083 -0.4831801234906478 0.3439122996615321 -0.007880179731261296 -0.8390067626013321 0.6663830839883765 0.11444567418414442
0.00023278136299684083 -0.6768582382502988 0.9625893703836008 0.0798567709202223 -0.3143367656712296 -0.6596158589674559 0.08677634419121966
0.00023278136299684083 0.3678746272796609 0.4580345896277921 0.04405856967693247 -0.32493629232783033 1.0518283165010673 0.0405260791663016
0.00023278136299684083 -0.3135732775947557 0.5975376325118735 0.10620498534383564 -0.5237271846268916 -0.038418743633225845 -0.13826365360047352
0.00023278136299684083 1.0304655178966409 0.8154192737120227 -0.13722324307560693 -0.45495307729503426 0.035327604828322895 0.22852307998788218
0.00023278136299684083 0.04832305791981179 0.17673391108555905 0.06420224835009081 -0.612034978423409 -2.229271819699559 -0.7839448156133306
0.00023278136299684083 1.213714395640954 1.3786431977854479 0.05979186850584937 -0.1393353334157316 -0.09923596197516131 0.04521893899756341
0.00023278136299684083 -0.4024207287863191 -0.0021800018051442646 -0.10678760326102676 0.7831531400116067 -1.4405886052521388 0.39960290175917434
0.00023278136299684083 -0.18786530924207856 -0.2658788132606227 0.01925927029264137 1.4699470709241444 -1.1580169344573086 0.30660825109420226
0.00023278136299684083 0.03562047538438263 0.2102508937177239 0.0666203725737499 -1.0129981728638584 2.217407984083446 0.6122053665809282
0.00023278136299684083 1.9551639460394172 0.8850951034293214 -0.2515949190228952 0.23500224378097861 0.2938446668337352 -0.04399495655634791
0.00023278136299684083 0.01389693576435256 -0.1106489263039834 -0.05818269730377497 -2.5367217920171123 -0.385279600434717 2.6879931580583563
0.00023278136299684083 -1.2685556484236202 0.5747438473670958 0.1885907279091588 0.5370953014332002 0.007982335216846943 -0.13145564626125167
0.00023278136299684083 0.5863077050314862 1.0764983423526027 -0.1667744148652254 -0.26363899598528895 -0.4139357061331024 0.04763197570536457
0.00023278136299684083 -0.06438156326445729 1.1598584774360214 -0.27620113837733534 -0.3789095687219523 -0.28096425589914176 0.04300461370622102
0.00023278136299684083 2.07026773505245 1.2679990119188178 -0.45148900803184006 0.15980547127284908 0.007439972778133011 -0.06237378573017672
0.00023278136299684083 -0.5788200481145426 0.6649895806069184 -0.27721244534127637 -0.5451599612544968 0.3375530313299305 0.04860824164504709
