0 30 0
0.9311254519873633 -0.0007902153759467271 -0.0013597157034116656 3.861906060935272e-05 0.0017187179962160214 0.0012925920934455206 7.539980240998867e-05
0.00023278136299684083 -1.6001206457656596 -2.1680579726319555 0.04208743977290158 -0.053833507891797444 0.07927917497688768 -0.022423662047885526
0.00023278136299684083 -0.4480898109449326 0.2659353477552837 0.07508202735170189 0.04836482724538141 -1.304061685144123 -0.13748828807634786
0.00023278136299684083 0.8790428096815269 0.6556809185165289 -0.17859217531503965 -0.2500177853167494 0.049216467322670425 -0.1790322251839411
0.00023278136299684083 0.44500902181447827 0.9059453207566643 0.08496902683414498 0.11522202579392606 0.4897814095463184 -0.10883433394241279
0.00023278136299684083 0.06211580034302411 1.144302278899409 0.029039204769021137 -0.63358124702362 0.5321271274944066 0.10222461897319811
0.00023278136299684083 0.10415736458700207 1.4133965120956462 0.013422407002183624 -0.42124293860698847 0.2492869460998789 0.043546708684610295
0.00023278136299684083 0.3154309329071523 -0.3617590887239649 -0.06344733990316567 0.07494149607002991 -1.3872118250102754 0.05903476711377892
0.00023278136299684083 -0.08258102262010797 1.0336820072136488 0.06300601972871596 -0.5494136076797821 -0.05574904842886266 -0.07752585270818664
0.00023278136299684083 -0.37299693858139493 0.5300244353575668 0.003159234468288784 -0.624488609863555 -0.7100143017888989 0.023265942302709466
0.00023278136299684083 -0.07081960421959196 -0.3225937532067381 -0.03556257574747407 -1.766732200366871 1.0412755372753884 0.1531463299432597
0.00023278136299684083 0.5688444118508303 -0.5939039636367186 -0.028275306378735203 -0.4868567839035613 -0.610422923906115 0.024702603716850617
0.00023278136299684083 0.6710194234318853 1.225678390175129 -0.13387371750482036 -0.07141930144541041 0.04514072819472952 0.1045526301429717
0.00023278136299684083 0.6300222929216498 -0.337143545955662 -0.05992262884479783 -1.1313422094430594 -0.47076033725117467 0.08125060392309612
0.00023278136299684083 0.8905841050802585 0.614295287753524 -0.08763240538834413 -0.26394901820304373 -0.2845185118371631 0.2110206669802932
0.00023278136299684083 0.6030909140671189 0.8106496128922177 0.11312485776429268 -0.19822884507023647 0.1474600977055151 0.0068850576578088785
0.00023278136299684083 0.5451565438796173 -0.7673556441004187 -0.11626910094168659 -0.6994052236888693 -0.08739072927852033 0.08354781787184283
0.00023278136299684083 0.5830276259913789 0.5337384335574528 0.10078356003804925 0.2656588352429098 0.9157513981047994 -0.09926400513269694
0.00023278136299684083 0.1663309770720801 0.38445954620422423 0.04127731281702631 -0.6514813400714585 -1.4979111472851145 -0.15437585953105543
0.00023278136299684083 -0.39300240682737253 -0.3157673029372435 0.0730935011272696 -1.0242750097056326 -1.1491534562776384 0.0604556314178637
0.00023278136299684083 -0.9106529337000498 -1.4675189340887382 -0.15475866679309683 -0.05580401146302185 0.19051170015545793 -0.08560421544370068
0.00023278136299684083 0.010797661104428386 0.27077679632063745 -0.04332283729946916 2.0982102158766254 0.5428188898294051 -0.09869224643353933
0.00023278136299684083 -0.8483144084152288 0.054336159774100196 -0.0884988111424805 0.2837594871441964 -0.5419186056859304 -0.01958755546735802
0.00023278136299684083 -0.1313107747277055 -0.6589289455336182 -0.06331650053533588 -0.5886712267732016 -0.9999708925776077 -0.012811066887333165
0.00023278136299684083 0.7144126341650409 0.9983573163454705 0.06961209932456934 -0.17240396420310158 0.16626878938578768 -0.052477052096087204
0.00023278136299684083 0.45559378587092986 0.43835230430132444 0.13524642077532248 0.9649233706419882 -0.20496437327749173 -0.07563625105807671
0.00023278136299684083 0.1753943010873891 1.0652006780184116 -0.021401338609179022 -0.5507077704893313 0.4067913013482708 0.052649176853153616
0.00023278136299684083 -0.1600280995924298 -0.25268129199927114 0.032070872005195275 1.9867688434103852 -0.9578141153389281 0.14119747799655252
0.00023278136299684083 0.34367634278059367 -0.14107012629141544 0.10193684910606682 -1.4966582038997351 -0.6142607879654025 -0.2191379704744852
0.00023278136299684083 0.015071200544402592 0.4808320368134893 -0.057513670918534696 -1.0222082811804987 0.8500447998316356 -0.10618865873483782
