0 10 0
0.9311254519873633 -0.000846507157609851 -0.001345516934943357 9.506228076305898e-05 -0.000859926810452127 -0.0005724763566132764 0.000718701419002042
0.00023278136299684083 2.1096906791955496 1.3387757540728742 -0.43713095055716544 0.09070102315579173 0.2132114551644581 0.151697012419457
0.00023278136299684083 1.5356205345299248 1.331262655640252 0.8421133459359618 -0.21394070638353135 0.25139926452670686 -0.2173584208688384
0.00023278136299684083 -0.03473049299664135 -0.10828310395240026 0.022493256688917173 3.775976171245331 -0.1924176517196468 -0.18134866818969045
0.00023278136299684083 -0.060431387068379 3.120654208934653 -0.37907004549139 -0.27466240773140116 0.2760267900520679 0.04572067582250777
0.00023278136299684083 0.3335633755998569 -0.9310868740803234 0.6727329618301315 0.0014783236003889024 -0.016237848693666682 -0.47304634941015794
0.00023278136299684083 0.08700793590162333 -0.19447451161193935 -0.19141112432517615 0.6250598623799024 0.8759652408546507 -1.7441675588278311
0.00023278136299684083 -0.2771135838144332 0.5482490949545643 -0.46104810348941827 -0.28218829130822853 -0.7872114598637471 -0.5291940330684943
0.00023278136299684083 -0.36776837694806686 0.07132324549637226 -0.25969123975689024 0.9288735953908575 -0.18840969425479823 0.6510777134540858
0.00023278136299684083 0.06018994605561115 0.20564727030982347 -0.18923722388756048 -1.2115903285406047 1.8575793303870793 -0.5781860473392065
