0 25 0
0.9311254519873633 0.0012091636851473753 0.0004986590808139987 -0.0014061760165061568 -0.0011111618109870731 0.00043379981564599666 0.00028916392564916577
0.00023278136299684083 0.3605080784673141 0.12577065873717588 -0.046461780370438625 0.31151319602074984 -0.30794573265093184 1.7200798657820435
0.00023278136299684083 0.39804194005108384 -0.1373455939128866 0.4401201683850083 1.2080162511765973 0.47667176409763934 -0.09318285345281543
0.00023278136299684083 0.28313864746729434 -0.4743019227405439 0.12664357376229754 -0.663809440555208 -0.4272649945397845 0.28081858395259424
0.00023278136299684083 -0.22959461368928477 -0.29308087100760183 0.25112912670925364 0.2573100505001977 0.0009786469128163146 -0.8830228087477322
0.00023278136299684083 -0.3996788644302808 0.2904879615200145 -0.13699810498994516 -0.7940124837986049 0.14933068000965577 0.6139648117834468
0.00023278136299684083 -0.3250676961324298 -0.6394128134652433 0.29127104131340786 0.8172628388238891 0.11390418054105243 0.39956653548343773
0.00023278136299684083 -0.0771538422353628 -0.8080984170239831 0.2726024288041802 0.9035488739607331 0.34019061370800846 -0.309891050306061
0.00023278136299684083 -0.7932189266759884 1.1206433580983208 0.2935830929143089 -0.27347304234291103 -0.0999978243185068 0.30957859311121927
0.00023278136299684083 -0.43456487760822915 -0.367360085047298 0.10659083838256377 -0.1219070285877849 0.6193747183863195 -0.8981250268081682
0.00023278136299684083 -0.2508847781632622 0.19147381749004277 0.35111492367372227 0.8691281060351552 -0.8657914158683265 0.9833090122536056
0.00023278136299684083 -1.2563205378279818 -0.803769530181475 1.3361215075006356 -0.20593722778222956 0.08841559318926054 0.09409103638121721
0.00023278136299684083 -0.7770842665691788 -0.22790501923840414 0.16909710046613202 0.26413549165808564 0.24861318173105135 -0.09328357475663578
0.00023278136299684083 0.3127269146307526 0.1144657764714639 -0.19393687818164596 0.4371814441376168 -1.9399621355402061 0.14012007737160664
0.00023278136299684083 -0.1913128828944259 0.6951428442484595 -0.14110963366895593 0.6398643526060337 0.19078155122959423 -0.49253357110980206
0.00023278136299684083 0.03791384733960544 0.11277083788776358 -0.25679908281699554 -0.9416898458730567 -1.4948257314030358 -0.7450425994324091
0.00023278136299684083 1.334393484815666 0.5156493449515427 -0.25851361696119435 -0.3036118516881754 0.010493968459006324 0.38121711703657124
0.00023278136299684083 -0.5723176109357087 0.7588734413700065 0.3275345113290745 0.38821771565999547 -0.22053702841879635 -0.8899673532400234
0.00023278136299684083 0.4700431362036801 -1.4599310759598205 2.440260685637778 0.0845760425611552 0.20505886978579063 -0.22655628664167451
0.00023278136299684083 -0.2827024898755318 0.7542740953455535 0.25761459420898136 0.28275486075731676 0.25223697689736946 -0.30733956628842274
0.00023278136299684083 -0.8625035559780829 0.31106250175143074 0.2685306953354116 0.10135461374121904 0.45217126933987994 -0.6528409632125428
0.00023278136299684083 -0.36688501243288557 -0.26430465066785014 -0.0746708400598175 0.8626476095488554 0.6204145610795575 0.1680073411732094
0.00023278136299684083 -0.31425053353618665 -0.5630943712866717 0.4496179693580585 -0.17175678256664406 -0.4182266626757091 -0.8886710366234762
0.00023278136299684083 -0.06528689298472896 -0.04816568009360674 0.630311294534137 1.0885640037846347 0.12220813743056835 0.19407031678671352
0.00023278136299684083 -0.8345934075872146 -0.8984809305178256 -1.2789495492409648 -0.5952305038293293 0.1485075500337371 0.038977696907434786
