0 35 0
0.9311254519873633 0.0006736724246639338 0.0010943143585428062 -0.0001325151886953181 -0.0005132629752456964 0.0010846321156402852 -3.736945202273086e-05
0.00023278136299684083 -0.7106581487280286 -0.5989105492681231 0.0515137572653384 -0.15048567918298286 0.9522249116878868 0.06959856548879681
0.00023278136299684083 0.3043710099803842 0.41645931301644806 0.015370746910905108 -0.89698219847833 0.7388413429014697 -0.24944550108676128
0.00023278136299684083 0.6352079559913326 0.18107764436067778 -0.002132767724496687 0.029192808864171808 -0.7542245308428444 -0.04432223990581374
0.00023278136299684083 0.21998939572223825 -0.7995259011619391 0.09074572473108898 -0.8621572403644675 -0.3327158709129908 -0.06521143484683672
0.00023278136299684083 0.9889187910309721 0.9940668289840311 0.05630293618277675 0.5328053333391624 0.29865313315453806 0.08857825105739447
0.00023278136299684083 -0.8045494196050771 -0.570175521899983 0.02663582529003311 0.5245308597788078 0.07637467448109442 -0.0013857787752316274
0.00023278136299684083 0.42667162636187594 1.568433960869263 0.11651324010651536 -0.36435827363707446 -0.11661789940307961 -0.006969516826175517
0.00023278136299684083 0.5659746556574365 0.11155802358280285 -0.002224371227659121 -0.03704684725200531 1.2650782825037916 0.05560383022499235
0.00023278136299684083 -0.8589436944849216 -0.18748281609279197 0.036529624727378654 0.46173426170994114 -0.6547418926716644 0.02033830914654856
0.00023278136299684083 -0.4220335625388187 -0.4001434661326258 0.018015385973761115 1.2813986817324874 0.10816089738751104 -0.08579213190360921
0.00023278136299684083 0.3599656608407361 -0.8860929960019961 0.05066861812571962 -0.24574506629465373 -0.8703247754604915 0.06066690332965614
0.00023278136299684083 -0.48633292709035764 -0.2891629448080193 -0.0881374536475475 0.621920975231227 -0.6934938051820517 -0.08048140301418531
0.00023278136299684083 -1.3399129318795873 -1.8962176789617395 0.14367642351598717 -0.06616450755648214 0.08864867235293884 -0.03977878752499825
0.00023278136299684083 0.03129925466958668 -0.45965702800377434 -0.008722914570124576 1.3715048724294374 0.15923318183810584 -0.19871504507282245
0.00023278136299684083 0.32527753280658106 0.5078424636973711 0.015761588480237308 1.1489132677330938 -0.3836385989827902 0.23990337419078941
0.00023278136299684083 0.6908583745431166 0.481282484613207 -0.022942903912956916 -0.39139175902751117 0.9167646896273692 -0.04061386818800909
0.00023278136299684083 -0.5859111844158458 0.8243619011550908 0.014803113073771853 -0.6774571246299114 -0.4745646102220271 -0.0034422998554475798
0.00023278136299684083 0.36812559233171704 -0.39835378470074595 -0.003718550245338409 -0.9688361636552822 -0.7947956774409151 0.05399389430328163
0.00023278136299684083 -0.16405495814678586 -0.42257295367595243 -0.03583771740070367 1.2946306749857106 -0.4725305435070029 0.07399348152290992
0.00023278136299684083 -0.14254465374253947 -0.7160247328917078 0.009466030729938632 -0.7578970587534832 0.34594770012154596 -0.24164370232161456
0.00023278136299684083 0.606010211809942 -0.5494283364447863 0.08759391662713564 -0.6715563850397045 -0.5472860463344108 0.0075702947143550725
0.00023278136299684083 0.5515635346266959 0.16124315443927467 0.08507930913814984 0.3126072832736718 -0.9942477915029754 0.45482636728729847
0.00023278136299684083 -0.8694802248977486 0.1778114992712013 -0.008347892375929507 0.1925576058171618 -0.9036424737190861 0.03421417547570236
0.00023278136299684083 -1.2226560969389118 -0.6429177726518893 -0.03658278781697951 0.06231178042020002 -0.18523697625250152 -0.06565575795319892
0.00023278136299684083 -0.6181015776029195 -0.755697991744011 -0.012347884507010168 -0.5578677002990361 -0.5400663289541328 0.07910980889891915
0.00023278136299684083 -0.8106647953458321 0.17189310708268982 0.007718117780455989 0.027721409315367984 -0.8108555575134555 -3.266999961878158e-05
0.00023278136299684083 -1.0748146400317065 -0.2194608227319698 -0.08835390249633442 0.2636037981750877 -0.383995023688672 0.08376224177058283
0.00023278136299684083 0.3306725330262691 -0.3688098142704703 0.012791588264853285 1.3302287387072407 0.9897285847209905 -0.0930691754742715
0.00023278136299684083 0.16863881735004485 -1.0234864030996864 0.01022866627032103 -0.37788991830273155 -0.4365408008596439 -0.022804216634471564
0.00023278136299684083 0.683089365967177 0.6846238051154556 0.1712662029149748 -0.4955293092056308 -0.5203563458613013 0.04645363927681291
0.00023278136299684083 -0.0892722449160184 0.46956533563920866 -0.09665561141519222 0.06403314894767256 -0.34707314431705416 0.06580327842867066
0.00023278136299684083 0.06875181180116605 -0.3008096519177499 -0.05836880802475617 1.5351543133117196 1.3513925190881033 0.05336399361090969
0.00023278136299684083 0.375573602673628 -0.5967220408404128 0.042117256720731806 -0.708125142745722 -0.5673490947381395 -0.09244903802114855
0.00023278136299684083 -0.1957183654816407 0.9541762513023597 -0.068363752683772 -0.772307538364357 0.15472073594074784 -0.00649003323248263
