0 10 0
0.9311254519873633 -0.0005597532555447829 -0.0002639571503699287 6.5791917369151e-05 -0.0007782488286180881 -0.00026198911887597754 0.0003743065144135083
0.00023278136299684083 0.06435882721359637 -0.16738689384153674 -0.21875677142356476 -0.46825559154481783 -2.24254075138201 0.5648739339444738
0.00023278136299684083 -1.201050464424416 0.5620578034655813 0.07360666152561796 -0.1069656720802292 -0.6711043474827058 0.05069453674474832
0.00023278136299684083 0.2884887886825519 0.3292744575961592 0.015030117017245982 0.26550729186870403 -0.33175822536334193 -0.7423330248538418
0.00023278136299684083 1.588944149101924 0.11145291620836292 -0.2969841191985532 0.2267642313297375 0.5635537745729206 0.1368880317339583
0.00023278136299684083 0.1094430422639077 -0.10580229780216202 0.4328544699815905 -0.19464162804460639 0.17825193890176189 -0.7386873406595941
0.00023278136299684083 0.156508903792421 -0.5561983476950688 0.08595618060512183 1.092196120122775 0.7193687816754013 0.49577503855983224
0.00023278136299684083 0.37452180543211094 -0.3301501846658489 0.1529033815167694 1.4011757497488446 -0.05921955157267616 -0.3534669325730704
0.00023278136299684083 0.800042460269302 1.0396206908166221 -0.4434221339963006 -0.49452751325756905 0.49004842860871745 0.0884393825847094
0.00023278136299684083 0.05775550980882748 0.17296045737565574 -0.06435545550467982 1.3917423263295141 2.4013564275458417 -0.9994096831352487
