0 40 0
0.9311254519873633 -0.001649051719509527 -0.003609571782962022 0.0008807355276849643 -0.0020111918469505794 -0.0008702316224561855 0.000951486556590232
0.00023278136299684083 -0.8001652026158373 0.8329473032055411 0.07197437770738496 0.010970617754690503 0.1552747604891761 0.13917358405530927
0.00023278136299684083 0.35262027584434064 0.05965972826573273 -0.5923743751688553 -0.14510850392797173 -0.06436451245948119 0.2973490902378528
0.00023278136299684083 -0.01970819544684174 0.25189301805444353 0.7532981346728853 -0.12548354535464035 0.6082029193724419 -0.198313913792088
0.00023278136299684083 0.17356911108619158 1.1152019460311413 0.11669005812848549 -0.5489725733571177 -0.4125573862098165 -0.08955419537143047
0.00023278136299684083 0.022765797711564485 -0.17806576255201556 0.16289177206805225 2.295028394482212 -0.14424725629377436 0.08850602019916204
0.00023278136299684083 0.5776039101562629 0.36759120650153104 0.13950938727826545 -0.05097912488955858 -0.19237613241354398 -0.64632553957404
0.00023278136299684083 0.1964929466103352 0.09195798018891614 -0.06931241440201477 1.8672034489759541 0.09127227065641787 -0.9754327057738422
0.00023278136299684083 0.8873714794645198 -0.31242933106955906 -0.0003862521013979261 0.5830520806132351 0.5655166693312367 -0.28420036651583497
0.00023278136299684083 0.4973314142216461 0.7559110382128671 0.1549693895448996 0.20010135309347127 -0.07743478169963201 0.01859731943074741
0.00023278136299684083 0.6054805138294584 -0.04204595375946079 0.0062507899605987035 0.4987981967438707 -1.1539591303485486 -0.30973404586908687
0.00023278136299684083 0.2775207075839896 0.1146174303093589 -0.26276449057586343 -1.7142154363613793 -0.19324068286381332 -0.1050161607643918
0.00023278136299684083 1.0131082014086636 0.1291639039624897 -0.5638891755184532 0.13120866540374665 0.10510491681360719 0.021651567929202645
0.00023278136299684083 0.4329802801017343 1.92615142623253 -0.010271405500080039 0.22504032914492084 0.2908789257649108 -0.18880062161313074
0.00023278136299684083 0.12453973778042982 0.24312631322534697 0.34930589583919286 -1.0556172116802056 0.28003529674323524 -0.2488542072455382
0.00023278136299684083 0.5046030163267899 0.19418697423400025 -0.11092689946014284 0.8443968236198267 0.4179317409180001 -0.296980196538126
0.00023278136299684083 1.2738754900134452 2.542114109626716 -0.0668271104261943 0.06483401745432411 0.2691267201639373 0.04317030174151172
0.00023278136299684083 0.33330348072160726 -0.7798769817832171 -0.6376818144156446 0.22279022084011055 -0.022825988734390987 0.03441474290263962
0.00023278136299684083 -0.4773675007158709 0.32281645313761553 -0.29424002980932545 0.18778248420590474 1.1714599258828766 -0.08999424556376691
0.00023278136299684083 1.0355518029396202 0.5845243888360233 -0.13228761295008198 0.015066037091212044 -0.416803504694087 -0.3013310838933338
0.00023278136299684083 -0.5875438200526476 0.8590003466956319 0.21427763279720893 -0.42871162446693933 -0.5834447601847195 0.09558048601100512
0.00023278136299684083 0.8568755378066643 1.337237371743392 -0.5203992074515796 -0.25577936175093724 -0.12929483224893665 -0.08600150351831909
0.00023278136299684083 -0.30576373679277874 0.7342954095943195 -0.009050365286493 -0.18644684292433192 -0.9129837471655098 -0.035631137580964575
0.00023278136299684083 0.4010903639377504 1.0899508656986423 -0.2676897087171031 0.17805081151653773 0.186969537957838 0.13786025975520644
0.00023278136299684083 0.3816713681771531 0.1758665324462538 0.033666357775415746 -0.6030379188714621 -0.2749060397282197 -0.045900931488213295
0.00023278136299684083 0.5869099322377581 0.07012935731547375 -0.587907542070503 0.7264636020927975 0.6245316298486575 -0.28782792842020477
0.00023278136299684083 0.3952193153618167 0.31831891714069527 0.08004721626224304 1.3396128469564015 0.08975332773873025 -0.12535146803323693
0.00023278136299684083 0.49479825394545485 1.2629576879076894 -0.6234225597700606 0.3953975552104943 0.06006114020633635 0.06774146581428006
0.00023278136299684083 -2.383074661582509 -0.5580968745112554 0.44900052323437173 0.3746929510191605 0.04080975497807088 -0.14443557164624723
0.00023278136299684083 0.14449178319794687 -1.7438559954576072 -0.10573923298887797 0.34697346267606116 0.2873193029285408 -0.34264920404918237
0.00023278136299684083 -0.5682105884861387 0.4226372115141517 -0.25289612760308205 0.6888491574698395 0.7816892453520556 -0.38463721317082455
0.00023278136299684083 0.01431195211276941 1.2481140054807436 0.42768983421868645 -0.5378155467034709 0.11649670828561966 0.09060295132610474
0.00023278136299684083 0.47915358925930474 0.023729236258808035 -0.0038904010271398897 1.06635777567133 -0.18902352883725573 -0.26489532908018565
0.00023278136299684083 0.04317871966393986 0.24112396096940505 0.283765911711494 1.2029134271189572 0.8588188243293217 0.36959004464109113
0.00023278136299684083 -0.33947461907902216 -1.212918327349676 -0.07329916890219235 0.3274026470318505 0.8599926342433586 -0.08397219098866802
0.00023278136299684083 -0.40479006132739237 -1.063257718112873 0.03020111934062239 0.1611045622721907 -0.7120251601456106 -0.11915020547428377
0.00023278136299684083 0.25553396624147245 0.4045562857175331 -1.8304690618400445 0.2660023615326612 0.008535613960679533 -0.1052452271402942
0.00023278136299684083 -0.20530677995835853 0.20618901651513985 0.18195569977226345 0.0775479899355052 1.9501343172249894 0.8609104468469386
0.00023278136299684083 0.41470810416218795 1.7771400345520239 -0.5951519122718898 -0.12443633868718056 -0.029048483146720764 -0.030461720989247754
0.00023278136299684083 -0.08904900782094724 0.6257246168685149 0.6324406572051995 -0.4762704031497587 -0.8304537661912437 -0.28039759315749796
