0 20 0
0.9311254519873633 -0.0008296725696570318 -0.0010776300588723267 0.0006649256751177433 -0.00042717944080321795 -0.00034313351759123996 -0.00023608524754398062
0.00023278136299684083 0.5652455592154743 1.8445903441195022 -0.3204544440406843 0.3443827873370018 0.10629448665005696 -0.1007747390545692
0.00023278136299684083 0.8262527970395573 -0.3697882183808975 -0.5659099251266512 -0.11684844375087294 -0.06260032572648973 0.39563361104232364
0.00023278136299684083 -0.6629465123257012 -0.04581208051766377 -0.30843101853302396 0.87316079100792 -0.3863595505767978 0.3872849079032374
0.00023278136299684083 0.172086234172463 -0.9179208252927842 0.3631240597658064 0.8565248291695438 0.13473269052481945 0.06540504489148365
0.00023278136299684083 -1.095499928163757 0.3951734467793514 -0.2495886995991022 -0.32330135662359283 -0.11904038753460419 -0.058954549479674274
0.00023278136299684083 0.5976189407410053 0.7146505609906345 -0.21914679823444894 -0.5853945187739235 -0.4669278342089245 0.22390037480760047
0.00023278136299684083 0.891304141076595 0.1690425598314722 -0.12863151187853758 -0.520889263790675 0.8772926218580329 -0.17882930517991671
0.00023278136299684083 -0.24437819392708543 -0.34428086410124276 -0.02894373564344206 1.5812024200301351 -0.19626459367693347 0.1356827984733883
0.00023278136299684083 2.244263797798764 1.274136727214794 -0.3520445870663559 0.0922810681168993 0.21804748307046615 -0.01424213024843688
0.00023278136299684083 -0.4340084236084998 0.19119884587387895 -0.20753256318458976 -1.2045062342344026 0.3895190683893681 -0.20122127529055503
0.00023278136299684083 0.7027952550812048 0.5732780356954743 -0.2460952795492372 -0.6160695447819312 -0.06864855934231705 0.29111801691059275
0.00023278136299684083 0.28238044819561786 0.16677738591472613 0.07418249783311082 -0.6162722924393833 1.7803736392633434 -0.35259819526142966
0.00023278136299684083 -0.6110048936689638 0.08056094010176747 -0.04929163245094178 -0.5604637127821174 -1.280691315686315 0.09751459686084536
0.00023278136299684083 0.860074632594013 0.20848932886527646 -0.15072475149446624 -0.28846044904606033 0.6592339873084404 -0.23726338963381605
0.00023278136299684083 -0.5625908784848539 0.19881525482584161 -0.007662427343157661 0.7906255782595559 1.1747761928745264 -0.2352207314220831
0.00023278136299684083 0.5019532862834426 0.3504215634215891 -0.11529164041617343 0.8314509033958658 -1.0081488731187906 0.5257150342161533
0.00023278136299684083 -0.16288741460164252 -0.013984224151411017 -0.09688975331554932 -2.6453594577505877 -0.2629954902468585 -0.8974456066298531
0.00023278136299684083 -0.09019243698333325 0.0036077883875639664 -0.02492194672524915 4.075544734306275 -0.18095998482483228 1.1522894093123717
0.00023278136299684083 -0.46177613179767313 -0.16843633409899883 -0.025448543468287732 -0.2588900744367806 0.06490081536877143 -0.053652882041740645
