0 20 0
0.9311254519873633 -3.5873608186649385e-05 -0.002005590652621646 -9.133296576498704e-05 -0.00023237150500152388 -0.0016711695741634446 0.000467158899414752
0.00023278136299684083 0.04303325711117149 1.3052687032221097 -0.16005780763106855 0.10926164862850128 0.6176098648505002 -0.22230723008840123
0.00023278136299684083 0.5101833333618675 -0.5064005033666945 -0.06474338146887999 -0.7133591565756511 0.12756762520608958 -0.059012252417706045
0.00023278136299684083 -0.4013878695352233 -0.4127900714305379 -0.052101452245171084 1.0342697521566246 -0.6509272337090779 -0.15687194188082842
0.00023278136299684083 -0.45990240861034865 -0.25148475217587973 0.23427372861557783 1.1983093844348265 -0.3526128026647083 -0.07874719557843503
0.00023278136299684083 -0.600316480165362 0.3462463627037791 -0.0721790065836578 0.7593124308110318 -0.5834105999291694 -0.0931293751708689
0.00023278136299684083 -0.6694754335701776 1.5392677148217 -0.012055513295013306 -0.39536861456825956 0.02764006731272772 -0.17541407323399777
0.00023278136299684083 -0.13608201362552327 1.5607321744100842 0.11651100761934556 0.23941033284602042 -0.22976357576606699 0.04276047363144594
0.00023278136299684083 0.7206620116086105 0.5736910152769524 -0.16578776734256565 -0.3635893619427074 0.758729254953869 -0.043868024162073554
0.00023278136299684083 2.7451767109470238 2.046801006011372 0.3214815954017247 0.07784431129335992 0.15357161063847885 -0.0703635806726835
0.00023278136299684083 -0.06580727115450317 0.04082682789256669 -0.1641532452370853 -1.7558154069702294 1.9136227728861592 -1.0280731035190367
0.00023278136299684083 0.18856759499327025 -0.1515407363831974 -0.004009539809286115 0.2571328055367585 2.24500482198041 0.05510140905993417
0.00023278136299684083 -0.3387680875644319 0.049425059823928454 0.18086230884662838 0.03795916609064753 -0.00914517653139501 -0.012676623959915406
0.00023278136299684083 1.6828523924233092 0.047104543600083995 -0.18273678165924304 -0.09206518003683091 0.3622714936248228 0.11409495108385426
0.00023278136299684083 -0.6842390418722086 0.3259464714839487 0.2845072247985875 -0.555404980321454 -0.08494003581778271 -0.028954236734309816
0.00023278136299684083 -0.8534156372559883 0.6810245542717687 0.007836440684330408 0.8658975762267409 -0.18869744805790326 0.12992562203468908
0.00023278136299684083 -0.29433530637346367 0.704412646186195 0.06330608658020086 -0.3025348722273135 1.2827034959051737 -0.09707675449694264
0.00023278136299684083 -0.877217225251569 0.482164223077782 -0.06532849233845035 0.11799722224190204 -0.479938448071062 0.11507435059463508
0.00023278136299684083 0.03909936618893065 -0.6144145903658524 0.07965894228883474 0.9725876012448189 0.6532552683430449 -0.22266917410433645
0.00023278136299684083 -0.4051334589073296 0.25608196141928713 0.02004751583514045 -0.5623586388626947 1.1221373414996703 -0.036428838044030167
