0 35 0
0.9311254519873633 -0.001841126577634219 -0.003839867492065846 -0.0008274043788806384 0.0008959040812848845 0.0003389440548183439 8.38502700247893e-06
0.00023278136299684083 0.3991620991685413 0.9013804340330985 0.2758803603613407 0.8105404058990776 0.47565789804207453 0.21406387665655646
0.00023278136299684083 -0.3025914538237833 0.6468858828053967 -0.12125587186774497 -1.0018837807545293 0.20804614462968593 -0.08656221988306427
0.00023278136299684083 0.04168859313237019 0.402240050503664 -0.08120714697987556 1.3714047912630916 -0.08320354369736417 -0.37647420074803983
0.00023278136299684083 0.3508878009752612 -0.008821663495878677 0.052422567735994165 -0.32891607020922814 -1.4771129254959205 -0.0004434528787708508
0.00023278136299684083 1.479916322430007 1.1558494478968853 0.029759073557094288 -0.21114691384480605 -0.10233701409267025 -0.15159869875436988
0.00023278136299684083 -1.081007280694164 0.47689980403500765 0.10788728336266798 -0.47713378572778986 0.035439401441907194 0.057170403012416014
0.00023278136299684083 -0.24740253140469268 -0.4837626020684495 -0.11733025608338457 1.1047367318449668 -0.9822065243918137 -0.31974439073607985
0.00023278136299684083 0.03453541177941102 0.5850401033682452 0.2034913837368477 -0.8059675867536343 -0.09566179003812454 -0.38753739963300976
0.00023278136299684083 -0.19569701407506832 1.3357095841656423 -0.03330955824770883 -0.16363116588796192 -0.002901638532366538 0.050078229528995925
0.00023278136299684083 -0.3017583409805076 0.7498667784205839 0.10072843973124006 -0.38886039825354957 0.6904269588092461 0.06674700051467593
0.00023278136299684083 0.7990782302420895 -0.2898956291462019 0.19457143172193248 -0.8685467273458004 0.18275599718070895 -0.08957564909420625
0.00023278136299684083 0.543923638846261 0.6160198907790694 0.06315838974413696 -0.34125307095478563 0.6147799007491714 -0.16712272225523084
0.00023278136299684083 -0.5721082157530535 -2.180978113834597 -0.16041510979305404 -0.21452414834930675 -0.2572679835325785 -0.008776190816966085
0.00023278136299684083 -0.3654987149432586 -0.48476421529590824 0.031218143671675254 0.7226752018684126 -1.0786600103544162 -0.15599745788605715
0.00023278136299684083 0.8879542862248263 0.8947199847478691 0.21638728614107636 0.14493270633059444 -0.20416752499598673 0.1647628373424813
0.00023278136299684083 0.5342145327785566 1.4921102115773432 0.1822605487368116 -0.32062196437725904 0.32163964486100066 0.12366563006395344
0.00023278136299684083 0.3763597847337996 -0.25200831246686506 0.13491354679028716 1.290924815988543 0.7419952751297165 0.3854092080782022
0.00023278136299684083 0.6574407556671608 0.2006172401773729 0.029782266674371647 0.05430864210660306 -0.8822141017533314 -0.06794274316973598
0.00023278136299684083 0.21738012508081764 0.09680509281829734 -0.0246447501842961 0.14885520305167885 2.42619357695052 0.2723972569992042
0.00023278136299684083 0.0989253977761742 0.020402013453512377 -0.0173268062280597 -3.8375322904926907 -0.9343144365066299 0.6327550731553723
0.00023278136299684083 0.5853127875916464 1.0355328382671563 0.1116185047629661 0.44075669023727154 -0.24423522281511714 0.19479091210708152
0.00023278136299684083 0.33743471967065924 0.8273862764051756 0.21649554981911295 0.8151685727781324 0.015132570295837656 0.12181241036979676
0.00023278136299684083 -0.37480154942980637 -0.12080569893620169 0.05272592049855588 0.6644547297397186 -1.2549247171514628 -0.16012284861719997
0.00023278136299684083 -0.7659659170014478 -0.623838726017543 -0.09219013165356954 -0.47416016172317776 -0.02744389707227397 -0.07286587091604524
0.00023278136299684083 -0.28991357226521064 -0.47623316059867477 -0.14402492433414343 0.1409363835688025 1.3310732042344824 0.11366314676281722
0.00023278136299684083 0.2287464137619064 1.9203668145967052 0.3028205687276283 -0.3726905399296957 -0.008189617981330492 0.02060772650903145
0.00023278136299684083 0.26567351342725287 0.7524851650354932 0.1273749073790637 -0.2190044247089314 0.8226509317077122 0.09580541953978616
0.00023278136299684083 -1.2237132815799754 1.4779211906701444 0.2841918472806727 -0.2157566283676571 -0.4832523486346328 -0.0765482256258044
0.00023278136299684083 1.3593027228910102 -0.5310084470902015 0.2766130479557089 -0.43904786553744574 0.0029823244955455132 -0.07952008868132263
0.00023278136299684083 0.8997394297683856 0.988270695760022 0.030453941078248555 -0.19321157152253116 0.009464373165035333 -0.10482333177216567
0.00023278136299684083 2.4546154674359757 2.396591491202788 0.8145858905131951 -0.0913922088594847 -0.132690391728602 -0.014833107427204499
0.00023278136299684083 -0.30918478514100944 0.4620871639840379 0.14535496375174226 -0.3317659097063109 -1.276666284757241 -0.11583447980996459
0.00023278136299684083 0.5866186990433846 0.5441968225969109 0.06954421244920758 0.6006051389412044 -0.2682536693858127 -0.2527511710998221
0.00023278136299684083 0.25523823519773586 0.8322015599132307 0.04708199471281032 -0.5968691254510663 0.5616892219516475 0.14180501115477356
