0 15 0
0.9311254519873633 -0.0003641652553809462 0.0004677957525998704 1.3263417178008548e-05 0.0021011097212053176 0.002160165487399491 0.0011278906762662198
0.00023278136299684083 -0.3581245459656437 -0.7069822157856733 0.14440500987007635 0.7136547010083023 1.0081471938806967 -0.1766087178213125
0.00023278136299684083 0.2046567977227878 -0.31019837661187205 -0.0013107903526594945 -1.2207446969864097 -0.9715621303678402 0.22911172746997313
0.00023278136299684083 0.4249247342847023 0.0016545168805306547 -0.022723931521697927 1.1039011799030087 1.0991552235900708 -0.17225403693281208
0.00023278136299684083 -0.4193016906865274 -0.36257664592585676 0.047447482139414895 -0.1339929169307153 1.3781722973003592 -0.053375115796504176
0.00023278136299684083 -0.23096869921892535 1.4559794545589424 -0.12740333595274614 -0.5651632473873056 0.09656993507630193 -0.04750482318775055
0.00023278136299684083 0.8734094647771076 0.5999067273827036 -0.20526123595454276 0.3142353110192446 0.49276626683980407 -0.042280065829357755
0.00023278136299684083 -1.0949652756879178 -1.2539695236954984 0.23548077132176462 0.037357037224367944 0.0775866454960582 0.03045042552149415
0.00023278136299684083 0.23848920504204563 0.2513680706368303 -0.02833339070794028 1.319370207142555 -0.8718308775596135 0.019070799542026933
0.00023278136299684083 -0.3769747415273406 -0.3202255736425601 0.05507561850453994 -0.8408834674685152 1.2566982674271374 0.13316761599561036
0.00023278136299684083 0.5275369759485483 -0.6046104419450755 0.1076398734339473 -0.5977201693668402 -0.4643641548101249 -0.002928773209755198
0.00023278136299684083 0.3121042065973574 -0.6355700130131021 -0.14042278289146728 -0.7325734220207362 -0.43196558964813075 0.032380670594931237
0.00023278136299684083 0.6527391334770836 -0.7684610129439715 -0.002120430790676844 -0.5949008806628762 -0.18464226252175317 0.14443427332621528
0.00023278136299684083 0.6990368051338619 0.7743064795405308 -0.1188194981193396 -0.7496504176542581 0.3610867658440616 -0.04476307446452541
0.00023278136299684083 0.004098651626472845 0.008195544163460272 0.00329297230928891 -6.4573281026410925 -11.486479530145001 -4.560463610273114
