0 15 0
0.9311254519873633 -0.00041489118633519117 -0.00010764999303953337 -1.2273794280674822e-05 -0.0005359315212965955 0.0001024914315484578 -0.0002804643780602955
0.00023278136299684083 -0.20543591603796707 -0.15340619004665715 -0.047571665326036246 1.9109922248322602 1.4310080718864207 0.44111956001683683
0.00023278136299684083 -0.15369805785908852 -0.6159313865413693 -0.0013371872162361452 -0.3856034287665159 -0.7091296071757052 0.22948718259389597
0.00023278136299684083 0.6429395786897141 -0.009504879686220609 -0.1823833206889361 0.9594023372223854 0.26122798081016285 0.061835648303419324
0.00023278136299684083 0.8565306962342483 0.08815159273553701 0.05856996756343768 0.4970268991113499 -0.844288172641515 0.26503496598263626
0.00023278136299684083 -0.20825045651787272 1.4349749962982967 0.06650240141537582 -0.4576893860646031 -0.5141103943738935 0.01090584065704075
0.00023278136299684083 0.9794318666126487 0.04056116094230045 -0.047461532332852836 -0.40466441920441204 0.3782674783375071 -0.2751291999870478
0.00023278136299684083 -1.9701993862718186 -0.007813210812992353 -0.020844502693759034 0.051399701550873325 -0.2502572363293248 0.032490878437325864
0.00023278136299684083 0.04504742937410188 -0.6669507373954472 0.04381669782061473 -0.2217225985942169 -0.3005233997914835 -0.010405857723139018
0.00023278136299684083 -0.5199430098893086 -0.33602708383635876 0.14423745315475398 -0.8514548713608627 0.9666932562886489 0.4206338954531969
0.00023278136299684083 0.43508408231482465 0.33935017196321504 0.02564790663790468 1.1323810154049956 -0.34620246834803803 -0.1076030423390324
0.00023278136299684083 0.4256300228985452 -0.5811942139771376 -0.08121664842370531 -0.7941949717717117 -0.4748742793308389 -0.0728280540520039
0.00023278136299684083 0.5053632813222875 -0.35437722164939156 -0.04153329869583373 0.11734071635918455 -0.8309786942888148 -0.04009216160043684
0.00023278136299684083 1.093400485681632 0.2406588257796075 0.03654407626638448 0.12002843791783237 0.4350285569581183 0.1471858388967107
0.00023278136299684083 -0.26633587120562335 1.0121081483837473 0.09612482964158782 0.47048442854981937 0.3881731818049261 0.019222017601779395
