0 35 0
0.9311254519873633 -0.002942094072853921 -0.002485980035820609 -0.00040575738837888854 0.002494424753006053 -0.001024317750396224 -0.00011618115594664906
0.00023278136299684083 1.8061904403251738 0.6245220088531153 0.3170982232546869 0.17813177774507963 -0.2258980922283995 0.04014080706005854
0.00023278136299684083 -0.540302728958808 0.6863307818765023 0.30625407147197764 -0.12615508968453532 -0.8525684849880293 -0.23181459058576986
0.00023278136299684083 -0.04591371757020091 -0.21062675080007828 -0.017223529508527596 -2.4893848804410488 0.8455211417768339 -0.33031434959140904
0.00023278136299684083 0.9361761020177745 0.5138825574230419 -0.13425012075678652 -0.23588873023670706 -0.11372221176158054 0.017176664644736134
0.00023278136299684083 1.7758122052510648 0.3297325927555951 0.8265901066966973 0.28164839710711365 0.2701881756300676 0.001105794774778547
0.00023278136299684083 -0.9874608788947375 -0.5771252988001374 0.002033259848069515 -0.47052797526405316 0.08250609585055813 0.10269863655991059
0.00023278136299684083 1.307841323334864 0.8917283249327271 0.38174417666489907 -0.30927996794901635 0.22455996815860607 -0.04189535403060383
0.00023278136299684083 0.08472266881563086 0.21752764762425664 -0.06730133819623947 -0.12893571923792121 2.2981008093685897 -0.25386463775783547
0.00023278136299684083 -0.6454813665530685 1.7842389756550732 0.05506248408501282 -0.28571771340230645 0.1853772540303701 -0.009320340011796316
0.00023278136299684083 -0.18729682182497007 0.24208835512896124 -0.12018810657085496 0.48862957694424675 -1.9008259449902278 -0.07138367068139086
0.00023278136299684083 0.459994237501517 -0.3033918172575746 0.015604960600175232 -1.48679720049273 0.30684064339126654 -0.2535557696889487
0.00023278136299684083 -0.06702102510684589 0.43063533406195564 0.012906690263164764 -0.5834315617527476 1.259448346884013 0.03459836857488194
0.00023278136299684083 -0.42687589451974234 -1.419317276954737 0.09352064629247984 -0.07918918134862914 0.4665726800231754 0.039772212180956175
0.00023278136299684083 0.022884237741141154 0.41534001014845057 -0.06561269092485664 -0.5146673591661333 1.705613088414057 0.0010900639747571145
0.00023278136299684083 0.1033664239374849 0.6334561123693656 0.08334591397856163 0.8481189934440371 0.3811410739478874 0.0334634113209056
0.00023278136299684083 -0.4471058014849742 0.12384716580649954 -0.052902133071711634 0.4761105600405357 -1.0566117719457986 0.05213139624217372
0.00023278136299684083 -1.1052158060854764 1.0115385461678774 0.11163343922538924 -0.2314849213645854 -0.5268104378642225 0.031100763811370644
0.00023278136299684083 0.5579943023094559 0.23824529441238004 -0.15814163457962915 0.08421961955565924 -0.8341483256129808 0.17169891849458163
0.00023278136299684083 0.6756339361842139 0.5292730803382414 -0.02379702756197669 0.04055097477205877 0.6513198072838848 0.13490487242815077
0.00023278136299684083 0.2405759933816726 0.3792772064952783 -0.00558816563969774 -1.4375506950374735 -0.3006717827139657 0.23700474934769974
0.00023278136299684083 0.6558335334601315 -0.24971105546126765 -0.010020611668306293 -0.962439179114421 -0.7112651558568894 0.0033228164121439094
0.00023278136299684083 0.49461449532936097 0.30291983207689643 0.12694918683333073 0.8888742359230782 0.17740681368816508 0.02262254938857543
0.00023278136299684083 0.37696880332427585 1.1039808518959209 0.06813070866784725 -0.5414701872294871 -0.15185607081236963 0.048777200865058795
0.00023278136299684083 -0.1575541085298976 0.06127911858790201 0.06242699820221923 -2.950379099905618 0.3989429345423023 0.5887099554584578
0.00023278136299684083 0.25198718452499497 -1.117328517162405 0.19312982533925016 -0.22512647474159939 -0.3094379865126413 -0.11693698610680822
0.00023278136299684083 0.6517233948453947 0.5089273044288798 0.04099200318341942 0.03527197048173161 0.9068550719743257 0.21871785996385049
0.00023278136299684083 0.5372438591674333 1.0064127085835943 -0.10589972840189786 -0.3808065174937076 0.0855898056436129 -0.14263372438491492
0.00023278136299684083 0.6279225491030009 -0.3801796096804723 -0.16706439484632074 0.963467203534557 0.8680172985116251 0.12452194404215955
0.00023278136299684083 1.6337993839163867 -0.7693537916184161 -0.12520586073734918 -0.14920819963917462 -0.05130932761831986 0.11379843100139786
0.00023278136299684083 1.3257782742415904 1.5918379881162328 0.003057459621111252 0.1392518653652098 -0.10969426251129827 -0.008994675875374296
0.00023278136299684083 1.5598450839072702 0.8826070551094544 -0.0618149672849763 0.07859553508777342 0.2655899314183419 0.05745744629934536
0.00023278136299684083 0.06392485215254906 0.2637293557446865 -0.08539047012665561 -0.9540656504279895 1.7044939693900192 0.012060769177062305
0.00023278136299684083 0.5967678646494564 0.1549831572650779 0.06252244051887289 -0.8090830068571663 -0.21778989446919392 -0.08811549685355233
0.00023278136299684083 -0.36899670847599536 0.042612895158483995 0.060427738644185824 0.87101958876176 -1.6242041584568938 -0.07332141266801245
