0 35 0
0.9311254519873633 0.0011802915812296176 -0.000657292104534932 -9.451385965978212e-05 -0.0011806803405446204 0.0009176815825987839 3.276224672704849e-05
0.00023278136299684083 -0.12113776692098004 0.45129868242773347 -0.01128324364192306 1.681778716431019 0.3646812439451963 -0.18304974299075927
0.00023278136299684083 -0.2594998698838141 0.33394083886258125 -0.02630740677223747 -0.9583959939260236 -1.1051772419613537 0.18881087416643827
0.00023278136299684083 -0.0032975209677499027 0.4738545350129144 -0.0451474344950633 1.043049854008335 0.7333290207957334 0.05553677584377471
0.00023278136299684083 0.7123735414283013 0.2875120685634148 -0.05707212446987777 0.7177697791654022 -0.8692096884200153 -0.07164923372810164
0.00023278136299684083 1.160127898864895 1.0316978681479358 0.1227601636368836 0.2908651029663329 0.0577945714624974 0.07055115078557826
0.00023278136299684083 -0.9166340426307265 -0.1865811756899343 -0.013608929063231776 -0.3271066703508588 -0.25664077575911964 0.07375587995051468
0.00023278136299684083 0.8218937789113798 1.28261014110358 0.138573857603575 -0.24186703265692627 0.2804976906852705 0.0038364100882992587
0.00023278136299684083 0.4820965850071712 0.30763800764642235 0.05238492818016428 -0.4478445659905993 1.0132592042898187 0.05560410637334453
0.00023278136299684083 -0.9900250246786364 -0.03588772738680752 -0.04121382334850418 -0.07954628602348014 -0.6661570950503397 0.028383947037040905
0.00023278136299684083 -0.7111759847713474 0.3008101302097101 0.03311262921633061 -0.8813933930409975 -0.4936773225091687 -0.011474654679057356
0.00023278136299684083 -0.22130431507543058 -1.0515677454123693 0.049114632147769476 -0.5222128614809994 0.3169384880459179 -0.0474998083854641
0.00023278136299684083 -0.6086067572236175 -0.2676308101835048 -0.059367431063637656 0.5633422049782811 -0.5667294710342332 0.03151296712296733
0.00023278136299684083 -0.888075066541661 -0.7851526900819241 -0.026246321797396617 0.5102826486953861 0.6903517776930843 -0.07732021647636828
0.00023278136299684083 -0.4906378824985695 -0.20692456057143532 -0.04201226445538475 0.7441104125912896 -1.1376208180760974 -0.11839126321943495
0.00023278136299684083 0.8003284981717803 0.24839112267081276 0.13078192174711745 0.36661785038095024 -0.8014922023202523 0.13958083900387472
0.00023278136299684083 -0.8583225877717051 0.9182967063694744 -0.05241498261653106 -0.4577167652335216 -0.3958572169549815 0.05683493606712996
0.00023278136299684083 0.5277259970014259 -0.1166986363321746 0.004036869248962588 0.4945072049122714 1.3592089379469041 0.03758618551453936
0.00023278136299684083 0.4485915482706138 -0.05051001183280149 -0.031451675176750675 -0.5003835576927355 -1.2471775373033263 0.16053375640281004
0.00023278136299684083 -0.40429009680851563 -0.15555828738310254 -0.04136364376432126 0.5427220952418492 -1.3933766291351828 0.14063380711129447
0.00023278136299684083 0.02659203480197803 -0.5979142388862488 -0.08333452608417932 -0.9523391580145931 0.17494487530883246 -0.18779434067730802
0.00023278136299684083 0.7350101892877647 0.23145881642978333 0.02666939652747123 0.6141054899487131 -0.7941832156209514 0.06578178155349386
0.00023278136299684083 -0.3065190765703952 0.12465733249365152 -0.15464000392024058 0.524120238860532 1.64701882209056 -0.3557458039997319
0.00023278136299684083 0.4152651198612882 0.5832087520824705 -0.030079554938687438 -0.5806000378809819 0.9612275876124308 0.06408092585880058
0.00023278136299684083 -1.2824681866428373 -0.6171455817250471 0.04119854020598025 -0.0796724514842121 -0.2661344069501935 0.0015503901232715466
0.00023278136299684083 -0.8588086469826701 -1.0232441434807453 0.023742556401766927 -0.2862235798354253 -0.18916345907079427 0.09018885727668059
0.00023278136299684083 0.2029892792450576 -0.3657541665531708 0.026499880565258878 1.334140108276471 0.8366628163345925 0.026346806944491555
0.00023278136299684083 -0.765567752290451 -0.30430052999263346 -0.012555555296278716 0.7743742729396507 -0.44576282074661566 0.02561032739074699
0.00023278136299684083 -1.2799779177012023 0.14177432645267338 0.07980322316105146 0.313413837903456 -0.700832149337488 -0.028555398572040116
0.00023278136299684083 -0.3176897819341623 -0.5767664993226198 -0.025110149591903642 -0.1634787198109676 1.074607652396138 -0.02648863845896732
0.00023278136299684083 0.5698003763932415 0.4515528973316947 0.11487720662203149 -0.7284620720429021 -0.7249236427107081 -0.06363147659594859
0.00023278136299684083 0.3026377774805052 0.3499681635691853 0.311093421869719 -0.5207421227300081 -0.606083500319882 -0.5389329373851349
0.00023278136299684083 -0.6873042184107044 -0.32149417707473155 0.0012566333144607414 0.7043373255977458 -0.4971417134351151 0.012433209300731683
0.00023278136299684083 0.08439831049007822 0.33287097672772487 -0.03787984969622442 1.8288027899735608 -0.3132377090087039 0.22431509973077216
0.00023278136299684083 -0.039654763828789956 1.4407580339472197 0.013238498382962724 -0.5976333024975468 0.2893295967224022 0.02601549461352707
