0 25 0
0.9311254519873633 -0.0008104665134465327 -0.0007510155160886584 0.0006877536129617738 0.000488120703404182 0.002261753915134196 -0.0001656233272258642
0.00023278136299684083 1.3339303231451782 0.5302193464823943 -0.44488123011301367 -0.10665197402496707 -0.2696302410768776 -0.1619399404088454
0.00023278136299684083 -0.7693002377344018 0.9008528250134991 0.057560913047053124 0.5999244086554346 0.11458274663627703 0.056268149502596426
0.00023278136299684083 0.4381760059702616 -0.17876146159745743 -0.08576764767013707 1.080300439611089 -0.46080028258068934 -0.15805528055503273
0.00023278136299684083 0.33070684822928115 0.40803894537878316 -0.28725048713137075 -0.40968657843583767 -0.5001185216007559 0.35048957729699154
0.00023278136299684083 -1.0721323895121517 0.01926826057150175 -0.41487947081863297 0.2736363560971497 -0.061205373635520095 0.37386448888104196
0.00023278136299684083 -0.08457116067091121 -0.04762683466031264 0.21389973615052088 -1.5277553638837065 -0.854468325109629 -1.8981119600450236
0.00023278136299684083 -0.32950504343013975 0.3273876199193436 -0.06611176984660674 -0.5434905756492769 -1.3651051789149367 0.7961586450772268
0.00023278136299684083 1.0171297850190746 -0.04077398434511679 -0.43865525825066515 -0.057673062206384816 0.4931191163738285 -0.10110957015180713
0.00023278136299684083 0.2588466770745322 0.6042918807032172 -0.32348672650344457 1.0024883936731386 -0.6425018955026053 0.20791130041574638
0.00023278136299684083 0.5303783503417011 -0.7215779243840142 0.08703979074249747 -0.023431477670333108 0.9498729319702954 -0.2700330049143585
0.00023278136299684083 0.07850855971556189 -1.0513608921426352 -0.3367200582032374 0.18950385754201213 0.3419737856666967 0.21112789313907118
0.00023278136299684083 0.2727298413731764 0.23781429419320285 -0.06382961058873333 0.6151930461547788 -1.579967369301729 0.19310918297403007
0.00023278136299684083 1.0273543496693882 1.03742659398002 -0.42187073400715747 0.39290432168744094 -0.27655142544195654 0.028403921058806826
0.00023278136299684083 -0.5597211769202333 -0.19269552819356267 0.10970938691958296 0.14277433885851565 -1.2213537262019618 0.12445939324879594
0.00023278136299684083 0.1272730373398595 -0.13918162751450214 0.04109424337791209 -2.2677984542568685 -1.5957559784166313 0.5966110559876111
0.00023278136299684083 -0.1953389703989786 -0.591951523300099 0.07587900801647972 -1.269576706337846 -0.24702751483920754 0.02857961314636118
0.00023278136299684083 0.8536955470445379 -0.33362573779211196 0.12485644372865366 0.32764834679309035 0.4696633471221242 -0.1353516836094075
0.00023278136299684083 -0.01990541905665431 0.7516871266699073 -0.11412019596464362 0.5128013947205867 0.42117108995635705 -0.4617589704864932
0.00023278136299684083 -1.0091618155385373 -0.3285103014638569 0.21412087735320887 -0.2198109136636494 0.35148727196658697 -0.16079407768725937
0.00023278136299684083 1.2223073184368425 0.9129151633526533 0.1672298786748832 0.2860325155789595 -0.16786856350389834 -0.13702655764947896
0.00023278136299684083 -0.6270469275955359 -0.20483407536315645 -0.059306230324353046 0.32082952720683594 -0.8004751309572352 -0.10020037777430067
0.00023278136299684083 0.4487624703505804 0.5279260488263829 -0.34715869347589834 0.8989192037839727 -0.11926637638309395 -0.20351550561496318
0.00023278136299684083 -0.09583942460594479 0.467286344774541 -0.1774354768384103 -0.9143039883074459 -0.8762498083629398 0.4009268171359649
0.00023278136299684083 0.06458950553890136 0.10984750524814932 -0.2609311401215841 -1.2552598695434236 -1.1505402383992915 1.0824801999361824
