0 30 0
0.9311254519873633 -0.0005977641609581335 -0.0010612018754716786 -9.118805738801037e-05 0.0015316600995684603 0.001293870480816446 0.00016790181631049997
0.00023278136299684083 -1.3766857652084947 -1.9526032080399762 0.2706373501297833 0.32516345813393044 0.36234711155387006 0.005916613240805103
0.00023278136299684083 -0.2066331805362333 -1.3920237920955936 -0.5525958049870138 -0.2967247814950356 0.3008762914810116 0.07502405057004236
0.00023278136299684083 0.2556865155252573 -0.12512144849501283 -0.06568632880033662 -2.0798867195546293 -0.837330449556859 0.164117377799841
0.00023278136299684083 0.40689961659916524 -0.06400452892856202 -0.19316526252060032 0.5794865470189858 0.99198328091418 -0.25552346655076574
0.00023278136299684083 1.4035523986051794 0.14543224557154427 0.1544888164646398 -0.29800010003684085 0.018322568993407784 0.18480408917592048
0.00023278136299684083 0.2632210030224446 -0.43095505531846634 -0.4420679360379998 0.5022479704017404 -0.953360847435183 -0.07557304709899781
0.00023278136299684083 0.04540895044537654 0.3660606563893195 0.1392759928023659 -1.0457133018600748 1.2203782219409134 1.0029405974791252
0.00023278136299684083 -2.0380429538575617 2.609013343575188 -0.011772026616160065 -0.09402687856761771 0.36670171073773106 0.02785784511556534
0.00023278136299684083 0.3780632941872881 -0.12999605953418328 0.026980546811971214 1.1322932874639688 0.9013095467095172 -0.06495567289912833
0.00023278136299684083 0.1921248679738131 0.3250947278672073 -0.04147451100305915 0.14090113421445186 -1.5765448368901107 0.31491153084031076
0.00023278136299684083 0.6585803394440045 0.4679499423603163 0.14529452895033754 0.05453436103778875 -0.6895679040566302 0.4733424182576817
0.00023278136299684083 0.004341061111561374 0.28794586633547326 0.12041012003005191 -0.017585747634368556 -1.6328166266086988 -0.6783050736353752
0.00023278136299684083 0.6378902207376238 0.04624254947919015 -0.20356832772190578 -0.3785642160395246 -1.2718234073488084 -0.2742325128126345
0.00023278136299684083 0.5068198758392471 0.7491083702296533 0.08264333219064776 0.32611108118437226 -0.4178694875850258 -0.22366720203138166
0.00023278136299684083 0.27233586080419336 0.500877415608563 0.20211365124972328 -1.1294417455763817 -0.8042387992718957 -0.06793400508675904
0.00023278136299684083 1.003046974345687 0.5248882238424223 0.00039227131741597537 -0.00799813820131668 0.1508335386676593 -0.0477426687716463
0.00023278136299684083 0.7924533690885354 0.12516722951282436 -0.01738318787279252 -0.9339602710840433 0.35909668665638994 -0.12388968452687044
0.00023278136299684083 0.5634308025969773 -0.09154832439372443 -0.08180488100564459 0.08360404420174908 1.292901005332297 -0.7662815331087957
0.00023278136299684083 -1.90875642615337 1.209292506675812 0.01056442854261589 0.23683584985780404 -0.15736004548544072 0.011174947622058572
0.00023278136299684083 -0.18965458354887674 -0.9865302203172832 0.19096315102174563 0.4257984804163602 -0.6793570812788879 0.21661689551532848
0.00023278136299684083 0.734856430727582 0.7448758350132534 -0.07762759388834906 0.34557602517085056 0.045089901887286316 0.22094659353163293
0.00023278136299684083 0.21095832024789318 -0.05906946747352223 0.03425060288636125 -2.3756433835929878 -0.8961844655642359 -0.1237929955442212
0.00023278136299684083 -0.7343743652148736 0.01346880066983694 0.10754365951519664 0.889853235715862 -0.5855795991206721 -0.16242947526036172
0.00023278136299684083 0.3550274078296306 0.4956689722909594 0.14133888364400382 1.0375136386635049 0.4468861815577087 -0.2030781310826067
0.00023278136299684083 -0.2535833603662932 0.18464518842600441 0.19684746971805192 -0.17931892671093114 1.8458027777295158 0.6250975768645145
0.00023278136299684083 0.5578036377853428 -0.40135435012994114 0.06882766132971717 0.16164024908606453 0.5983128410724494 -0.2889710584648283
0.00023278136299684083 -0.12237346591892158 0.2535162767586364 0.037967346753955356 -1.6913170078157507 -0.9162436998415229 -0.7115339202240094
0.00023278136299684083 -0.16906684551723344 0.17418933309959092 0.01895084515695329 -0.9273715176086649 -2.2474955491453192 0.10952595443039491
0.00023278136299684083 0.14772664324243162 0.6545764728971264 0.1024074314903558 -0.9126470250631153 -0.4105507893104346 -0.03597330858683856
