0 30 0
0.9311254519873633 0.0004272300269042126 0.00021266764246143875 7.716973394544822e-05 0.0003658848431739442 0.0019191783040132964 -0.0002568583552236017
0.00023278136299684083 -0.04425660456384848 -0.28476487569437386 -0.09645075547032392 -0.9206051697847613 -2.0885725535677344 -0.3491338677168502
0.00023278136299684083 -0.49274963928956306 -0.23628548191518595 0.057384471905183254 1.0063127418030555 -1.0132766943462586 0.02319059476887666
0.00023278136299684083 0.9944347072817337 0.4632650131659003 -0.08417881801311912 0.36687594638613164 0.34278963271950585 -0.08594031268548813
0.00023278136299684083 0.7067680178192339 0.8871555740531673 -0.10842176971466695 0.032732276205283316 0.390270094419949 0.12266593775085889
0.00023278136299684083 -0.7554455883325062 0.3480528570871099 0.016952227046614678 -0.17814925229575898 -0.9028253019032516 0.03791443124348506
0.00023278136299684083 -0.9513885954613752 0.05268928636134802 0.28699057730632627 0.4140598432973122 -0.7954135333081274 -0.21797762845766472
0.00023278136299684083 -0.15458526158533764 -0.9598075467907862 0.08580223494938839 -0.4845030390259989 -0.06606489484409064 0.09019052295440604
0.00023278136299684083 -0.31062379704432824 0.8900239072184782 -0.05440687059611644 -0.5813606248479707 -0.25880287304296473 -0.09432932347612784
0.00023278136299684083 -0.5430036614886132 0.028822093077260143 -0.06457927426398546 0.580108360707033 -1.142694271447611 0.013038596989485042
0.00023278136299684083 0.735586199706416 -0.3908871781427852 0.04018744539189728 -0.7692666456524622 -0.568984976358718 -0.05861056646586438
0.00023278136299684083 0.08380780843310383 -0.6423412075842337 -0.021156485684608775 -0.8961089900792676 0.3470761556614881 0.24599593831837707
0.00023278136299684083 0.2938759435764375 0.6473030300119944 0.0026861023116707 -0.585867840520301 -0.6884277947963604 0.08091375764289323
0.00023278136299684083 -0.14182510964511758 0.8175042743949663 0.01600603456545912 0.8232859111098779 0.7742511228235506 -0.09865163004574502
0.00023278136299684083 0.45624016213246776 0.338424290090246 -0.07243966718146941 -1.0167638309949139 -0.7506977189378361 0.161751072455841
0.00023278136299684083 0.5605817375102488 0.23155499361979184 -0.2309981687582188 0.7012223403290473 0.837105480350626 -0.09515190666791912
0.00023278136299684083 0.06899319945867051 -0.9456655684581283 -0.057427996313742805 -0.6697354927752837 0.363897214365807 0.030309145545273586
0.00023278136299684083 0.0012912689704790668 0.1240708217121952 -0.11508777517389157 -0.7208277661896176 -2.8175049722808856 0.8613541156720773
0.00023278136299684083 0.40905698311450367 1.014763729362634 -0.07331524721529184 -0.20614271794689729 -0.45106118424980296 -0.028947201807373233
0.00023278136299684083 -0.8619270302346934 -1.05302554747258 0.10575944340714938 0.2364621254016635 0.20380971041041718 -0.006849827736439678
0.00023278136299684083 -1.0633755881011264 -1.646009333293558 -0.05343363450360442 -0.182675689697727 -0.0556296741056434 -0.07859801137961234
0.00023278136299684083 0.3224077396543163 -0.5032596115122506 0.05945733839566622 -0.7539275071782691 -0.5394127432963436 -0.002979684345452039
0.00023278136299684083 -0.95490400987607 0.23662679272919482 -0.08222628355655398 0.15074302235195106 -0.5516728560428188 -0.024672494395429102
0.00023278136299684083 -0.26367915410395676 -0.9456124441072119 0.1460159384911094 -0.5014893510312466 -0.7086305322712335 -0.030673065753539654
0.00023278136299684083 0.6093044927508349 1.0304633005624784 -0.1371167361974022 -0.2929388077635111 -0.13571083728700042 -0.10505911728668402
0.00023278136299684083 -0.009552700004565522 0.39528748675934333 0.047412321366548216 1.438340367887183 0.8234947384729248 0.21836397353733392
0.00023278136299684083 0.17877292307883746 -0.07252476409694361 0.04434154331106666 1.7805192300510693 2.0586624876251185 0.3543437718708963
0.00023278136299684083 -0.08692077580051834 -0.4502871787081104 -0.024212282248078355 1.6124964088860307 -0.13500050100631353 -0.007938350084086995
0.00023278136299684083 -0.009655247117735839 -0.19981332996556228 0.0017633066939212237 -2.4440363213730905 1.1972480942456778 0.05862861685898763
0.00023278136299684083 -0.48614852845550727 -0.026393952309988724 0.05601384396728002 0.5977011000456595 -1.3449340340552693 0.014285933589891664
