0 10 0
0.9311254519873633 -0.0006443356306488658 -0.00015724840644873624 0.00017934983906436324 0.00025821047580220084 -0.0005340159315653442 -0.00012489476692294782
0.00023278136299684083 -0.5985837008219624 -4.344503245295963 0.23512662573329773 -0.10970282845288172 -0.07606875451759014 -0.00893126242281645
0.00023278136299684083 -0.04035275166740117 0.8677192693216922 -0.20032931725403086 -0.8523362824446332 -0.17021833643146642 0.18287916572707621
0.00023278136299684083 -0.34182004676311706 -0.07596855947458095 -0.24661257413319682 1.2647044792846633 0.2731857040331327 0.9144711433944852
0.00023278136299684083 -0.9211846407617486 0.4653772383121441 0.023224804744319993 -0.035413527848759695 0.20842504272224022 -0.07951018494870953
0.00023278136299684083 0.6033791185594639 0.9352890825160785 -0.032615896746992716 -0.7266889258028617 0.30591820080980114 -0.10722016733395823
0.00023278136299684083 1.4212036294119001 1.2414499682344227 -0.46711655152719633 -0.11286895136927395 0.3456348761542478 -0.3406819683864384
0.00023278136299684083 1.312091058633008 0.9236792108483869 -0.49340388697812515 -0.009585924333545751 0.3029715350501171 0.32188968837649984
0.00023278136299684083 -0.23915192938701024 0.6294913976475417 0.17089782971423753 -0.9496580260723925 0.3633395216387117 -0.37166469149938286
0.00023278136299684083 1.381761785383309 -0.013540736314886843 0.29342961019024166 0.49870808383088017 0.5828759368021821 -0.011652655214964048
