0 10 0
0.9311254519873633 -0.0003505034511906675 0.00047517670486066105 -0.00012159716829596565 -0.0007254580572343151 -0.00016016361380328137 -0.00012506413302072812
0.00023278136299684083 0.8407118620293785 -2.4931754581865757 0.4772608426121949 -0.09257922357605955 -0.41142426285417877 0.08992488204259272
0.00023278136299684083 0.7933998092717498 0.5327008175845558 -0.06546571843214309 -0.4641969357659156 0.8971137140811141 0.10916091940107639
0.00023278136299684083 -0.5021896044372978 -0.48231420712547607 0.09725248792703695 0.7888336867620789 0.4582633013469912 -0.08882410963764006
0.00023278136299684083 -0.4303555029878066 -0.5092178392107396 0.1639060235512425 1.1545057180064084 -0.4156388348944117 0.14972817390319246
0.00023278136299684083 0.5230274520980863 1.1609238034617044 -0.04184483451938315 0.2766472873851144 0.3539953927239181 0.09719041958071803
0.00023278136299684083 -0.4905743531278849 -0.5264494447213253 0.16026248536977084 0.9940785542841937 0.351970907745459 0.2794741979658247
0.00023278136299684083 1.5224801529553318 -0.3066103836138888 -0.03002261312889662 0.20819866235182355 0.3864647877723554 0.10290125539551742
0.00023278136299684083 -0.24122971111142139 0.6379954728143502 -0.3272712074925193 -0.6086609005303881 -0.8949817499306354 -0.18214859722005897
0.00023278136299684083 -0.6132562999254678 0.08544041955312197 0.052311207296565486 0.6450053800200026 -0.08510880077748947 -0.05715060934831005
