0 10 0
0.9311254519873633 0.00011618737743720026 0.00035068172614594945 -0.00026647166632086844 -0.0005904869147875464 -1.2495945658191366e-05 5.169451604718641e-05
0.00023278136299684083 -0.825175852215265 -3.4451238684736043 -0.15978660787740506 -0.10040071489881888 0.22854993769843604 0.032013740291233814
0.00023278136299684083 -0.5173279742355661 -0.23996896742682255 0.13403477624763124 -0.7138112058634439 -1.0280187775057277 0.11058017362772518
0.00023278136299684083 0.007984348592885548 -0.5604380947129696 -0.08198479679335152 0.7473775454444784 0.9418873697537756 -0.20724955548502022
0.00023278136299684083 -0.4148883870678087 1.2538660107133948 -0.12192517705309773 -0.32782336556673486 -0.43944768743977636 0.04601916968892107
0.00023278136299684083 1.800721161508998 1.714993243970864 1.5032824589383253 -0.1427340129642269 0.053711499736877215 -0.1592773792252237
0.00023278136299684083 0.01800769597664809 -0.39402435966535426 0.019671843205324564 1.9001888031716485 -0.5637418772717765 -0.29050807828570724
0.00023278136299684083 0.404757807902652 1.0171793608890007 -0.01711304670402954 -0.06164955138897739 0.6255441804372378 -0.2987282372726281
0.00023278136299684083 -0.2624765449081156 -0.3228771326956754 -0.2042954386091225 0.8606210462995771 1.0551638444762783 0.6615081306269998
0.00023278136299684083 -0.6763517653012573 -0.42633309718624807 -0.005997346070862508 0.20017911491668308 -0.82366470725256 -0.10113602815504608
