0 10 0
0.9311254519873633 0.0004967757427732988 -0.0010655574059012314 0.00034685408093063834 -0.0018372707232041682 0.0004164526803465783 0.0011924706682871122
0.00023278136299684083 0.565411433477782 -1.221670065753436 0.13514785535133175 -0.015944124155087273 -0.808166325193814 0.06611788936561634
0.00023278136299684083 -0.29003952742162853 -0.3240832466559409 0.2971003385414136 1.3139731354279394 -0.367951498767223 -0.08236098559917829
0.00023278136299684083 -0.4259709034877916 0.09020576338566014 -0.13898107934877324 1.357103820098898 0.08113941988487444 -0.14405858091612767
0.00023278136299684083 -0.12166180565833312 -0.05431069130755671 0.016381389549411655 3.1358591104439273 -1.660975084522579 0.29805763106877936
0.00023278136299684083 0.6524817778176779 0.4167534241415155 0.05333068368198096 -0.9186763892538329 0.5771039981414033 -0.22768410250707694
0.00023278136299684083 -0.8679642209904485 0.2258386640847606 0.030109035652928322 -0.10126434825540326 -1.0969889849685652 -0.18502823682419842
0.00023278136299684083 0.1584081862680254 1.4801228058206475 -0.43138207359098685 0.00634081898858494 -0.5746420388669079 0.08421537302953212
0.00023278136299684083 -0.023309887234889956 -0.019948405008980947 0.03704361998213252 2.7531117038879596 2.2029335428198475 -4.485864704445617
0.00023278136299684083 -1.6344580238618651 3.669321374894982 -1.3861660935419982 -0.18142083436631368 -0.01826374991335149 -0.09327695632017907
