0 35 0
0.9311254519873633 -0.0029276379663595595 -0.0016963034083878159 -0.000270979185324522 -0.0009612989645169039 -0.0010992867026109303 0.0009185017817110772
0.00023278136299684083 2.977041369445662 -3.0184547398151134 -1.4894396220058737 -0.030462370461747997 0.3468478290994239 0.1066416945345779
0.00023278136299684083 -0.43851390239303173 0.44224280410351574 0.1950823520233147 1.1844374987441244 0.28581547083237024 -0.025003892127633365
0.00023278136299684083 -1.2158131149808153 1.3556896331780812 0.1593802506543882 0.012672669385692236 -0.6084386123947249 -0.3055953839804741
0.00023278136299684083 0.02610873319220428 -0.45102718552846766 0.11559751681055658 -1.500613410422256 0.5769211532469901 -0.7084680018470266
0.00023278136299684083 0.3528834181555515 -1.649635888499042 -0.12379633975621919 -0.06968192220307465 0.43266669856952067 0.21446284280452488
0.00023278136299684083 -0.11246633196679715 0.2655335760023642 0.2088316282597703 0.9603918790795548 1.3001848602829227 -0.8149638465709981
0.00023278136299684083 0.683439287156486 -0.4142835708426867 0.533640896618077 0.3173026979950265 0.6971731454246772 0.14017100344045144
0.00023278136299684083 0.8772547505748036 -0.8198216472620882 -0.1719778950958915 -0.19153640901642913 -0.792252793136002 0.44319224914992833
0.00023278136299684083 0.7962782956020136 -0.06289245958671263 -0.20379972755467693 -0.6014483855964022 -0.32428364885352273 -0.753403476453259
0.00023278136299684083 0.5304886576423155 -0.2848186320101786 -0.25805808126009283 0.5103970320946929 1.0614997930501147 0.51877684468469
0.00023278136299684083 0.3687569930689535 -0.37471354098976023 -0.3867808195986544 0.5932375158104175 0.7002495238677114 -0.20634199787910926
0.00023278136299684083 0.09501284762057084 0.03985287325323863 0.1632347865206987 -1.5918923851560838 1.9358865243042842 -0.09100277554921399
0.00023278136299684083 0.4045672191451085 2.0567438767691737 0.6201048393078217 0.0013535390867522304 -0.18214133577182107 -0.29981192152321345
0.00023278136299684083 -0.5206326999157465 0.10291341740477304 -0.26918006341650436 -0.32194009251571865 -0.5494149761040205 0.6530104743819722
0.00023278136299684083 -0.13900484918528166 0.007005449465977446 -0.20723755387041762 2.0591055775713034 1.0740532213949685 -0.20082155901322588
0.00023278136299684083 -0.0009342936958921581 -0.17092819753170707 -0.11271227749657524 -0.037901079351529955 2.2389722815015807 1.4869319212471748
0.00023278136299684083 -0.1603364608096477 1.9730911752355256 -1.0755061933186798 -0.04921318514297606 -0.20738846512887257 0.364715302710146
0.00023278136299684083 0.5355148589150652 -0.06912205835435385 0.19156076597212573 0.2435212257420521 -1.140820427078351 -0.6379627121577136
0.00023278136299684083 -0.5345377619131645 -0.44473521104425146 -0.4722572528093061 0.5421493367267821 -0.021920352575496706 -0.11126875396060097
0.00023278136299684083 0.5082706391920903 -0.2790062492877397 0.7317373855427096 -0.4977190580092655 -0.33217279779026054 -0.26420542134264446
0.00023278136299684083 0.3045380694966004 -0.10146594369311523 0.16331096590286973 0.40253037949988724 -1.4091682517728294 -0.7935484060148851
0.00023278136299684083 0.8707379158514893 0.11460555487747816 -0.5920188593170863 0.2053800596808349 0.560024916543111 0.25983730653510784
0.00023278136299684083 0.2525999357678331 -0.4521644257050795 -0.21229812179476074 0.17488648009349625 0.5135370663592369 -0.4589421153081563
0.00023278136299684083 -0.28372179036395595 -0.05628814270821206 -0.16865241124932392 0.07141945606075903 -1.8253014198158488 -0.23750838853159995
0.00023278136299684083 0.541947566207104 -0.6042791651353135 0.09202133630756092 -0.1479332087205228 -0.6579014188703327 -0.4321611018182701
0.00023278136299684083 0.548623640978217 -0.31796657704932624 -0.48528374753998654 0.700875137994342 0.5145486485940945 -0.6227938871347333
0.00023278136299684083 -1.3279699904839677 0.9166363251994213 0.8858661590661918 -0.2960589283830866 -0.3299820897246931 -0.16646160829499804
0.00023278136299684083 1.0572609682129048 -1.2253061311919202 -0.7509769392137369 0.27833650386530634 0.3910576234701697 -0.21876411164090567
0.00023278136299684083 -1.1406817628217238 0.564880210718569 -0.4286693742282836 -0.0020431356695593704 0.25301038765862766 -0.3645901357539875
0.00023278136299684083 4.939375059683248 10.825671303933493 4.841269826572219 0.017721939704371133 0.1210346100889393 0.044898512521892996
0.00023278136299684083 0.2173542581580319 -0.8887378595048523 0.11908249618066714 0.84909951172468 0.3024511391624744 0.6628684420106528
0.00023278136299684083 -0.04715101777740817 -0.24964490475719922 0.17956968015781394 1.5642637147720382 -0.4244863276729633 -0.734995321558401
0.00023278136299684083 0.9617303466504128 0.03776209903408114 -0.299783663363358 -0.22303004363258444 0.3047739380605454 -0.5733671175744803
0.00023278136299684083 -0.21746898899822995 0.017877864780584316 -0.4079452017091854 -1.2824126832832656 -0.40788910437830356 0.45246821517010366
