0 20 0
0.9311254519873633 -0.0011251836787847052 -0.0016939705472290344 -0.00021892391426983857 -0.0012393785278560132 -0.0015300171574254636 0.0001601379386968568
0.00023278136299684083 0.4688223219059764 0.3536886395935274 -0.10132690915644621 0.5868717269700416 1.0684239411279213 -0.0415218547344307
0.00023278136299684083 -0.042060224357858715 -0.2033217980287378 0.10964539966054829 0.9600246784473535 2.385031466930313 -0.5248030170270834
0.00023278136299684083 0.39945859503493975 -0.21667002349741543 -0.05159976475366129 1.351434577481666 0.5909560678849312 0.004627453476648889
0.00023278136299684083 1.2868576127154292 0.18074625098321917 0.13986649431866197 -0.4915751948793618 0.5739745188558204 0.0443677472424983
0.00023278136299684083 0.7972162345071075 -0.022564961662361632 -0.042100064453711505 -0.473340699242118 0.3750556774270539 -0.4617394785766999
0.00023278136299684083 0.09011558491780894 -0.27007660477137835 0.02053174143291806 1.8719816340501636 -0.38954343216126613 1.0673112487779965
0.00023278136299684083 -0.37391436830146985 1.2773717970100138 0.09828815606885521 -0.5358373593291571 0.417655936918425 -0.16193120894766042
0.00023278136299684083 -0.6183222067791783 -0.28946162461867636 0.03504911113246709 0.18402238570265733 0.9082689330020135 -0.25047374345575196
0.00023278136299684083 0.7700649168937933 0.4997060929572749 0.14570657294945663 -0.17929277872385802 0.787076974546108 -0.24026488959556536
0.00023278136299684083 0.04407350398719585 0.12323579941590357 0.09979298795346947 2.7750148357391966 -0.6742868769560473 0.08640634265347645
0.00023278136299684083 0.4641964000058442 -0.10807724722977265 0.21529051910088165 -0.9348907508324807 0.21212643784495863 -0.425805353371159
0.00023278136299684083 0.14024112815945458 -0.6589797260291549 -0.044502639038772746 -0.5811073849784862 0.695703065356089 -0.3691944011219141
0.00023278136299684083 -1.515733290048359 0.35346725159468256 -0.07628999208456125 0.09090686055128014 -0.6112683570407011 0.10566280012133855
0.00023278136299684083 0.9657339592066675 0.6903439449654893 0.09160818673913487 -0.4336034453226501 -0.16657336279611198 0.16240036798824622
0.00023278136299684083 0.5629707676013604 0.6988100723543416 0.1383888101986394 -0.41778126197075127 0.44807963748361174 -0.2454263686898313
0.00023278136299684083 -0.07143355894283655 1.6322496352271783 -0.2315192445601506 0.1915203334169103 -0.52278574850109 0.21839657578313132
0.00023278136299684083 0.39379986709328635 1.5301424361406404 0.0644070569445567 0.4775338155836552 -0.18638450214187302 0.01035983582229311
0.00023278136299684083 -0.20352516502448528 1.0685376882461906 -0.03185441791695685 0.15891981333785818 0.12550030094630632 0.10414545464547102
0.00023278136299684083 0.9421726365763176 0.13673456625230848 0.2963136525440196 0.3567123254221322 0.08305795097539488 0.2769307342215684
