0 35 0
0.9311254519873633 -0.0017847573139027867 -0.0024931241709583926 -0.000828240008746184 0.0009235736861236707 0.0007202221580307712 0.0003162079818269396
0.00023278136299684083 1.1133706979292637 1.298707009625066 0.23088860075843687 0.3318199219205664 0.2932905139824858 -0.06306974481312488
0.00023278136299684083 0.13722155559419935 -0.36464685382127804 0.03125043396423698 -1.116618424574337 -0.7397453311499576 -0.0329214678600137
0.00023278136299684083 0.6744034605815696 0.7563946659698562 0.06347768289853051 0.24689474566427883 0.20518055322822837 0.22330921949905722
0.00023278136299684083 0.8499934401382119 0.2297970211773553 0.06797903249813389 -0.17485383878451813 -0.6659154727552534 -0.20920079905776803
0.00023278136299684083 -0.46230795474822867 0.3804264582867619 0.04910247349169999 -0.6849867358147305 -1.229855618714877 0.04687028530872762
0.00023278136299684083 -0.8574104767328963 -1.1832463370133175 -0.07353212850622916 -0.4665088056703472 -0.03541372406192502 0.09614402271433117
0.00023278136299684083 1.6959160863476357 -0.5722854096583808 0.08532934317818373 0.11402431862307437 0.5185098189741563 0.07165145507913623
0.00023278136299684083 -0.007291395702698639 1.1468597728922942 0.3975269278061367 -0.10117705653597103 0.2689095992831085 0.3418417297780586
0.00023278136299684083 -0.12623926279532235 -0.1340871841496254 -0.000180904926373477 -2.586441715563753 -0.07609015003169745 0.5149863379712649
0.00023278136299684083 0.010500859485589112 1.3194189533840064 0.6276370078350005 -0.4100195661936076 -0.15139416958326904 -0.13559896436444535
0.00023278136299684083 0.5784327559311772 -0.027259811869376538 -0.1304741204838096 -0.7312222884764032 0.7084668652713347 0.021911217102314275
0.00023278136299684083 -0.04865533350540817 0.4077904773717309 0.2901366362828162 0.2333258918771605 1.3204790784899125 0.40398397456556134
0.00023278136299684083 0.3508336460127782 -0.14781190644599662 -0.1297741437219105 1.385295940754516 -1.1891562439051415 -0.33953699132103665
0.00023278136299684083 -0.23326825473974233 0.015497621178964614 -0.1765771176146526 -1.82162742789721 1.107042088691373 -0.38680255202294594
0.00023278136299684083 0.295040019580406 0.00023338803779961113 0.14622144457907024 -1.4444084396426056 -1.175295431260132 -0.9200117289769002
0.00023278136299684083 -0.17882436310620972 0.8946453530572094 0.1101482177004173 -0.3675355807694373 -0.823376939678374 -0.04990921965003106
0.00023278136299684083 -0.01723342522182035 0.23306442588253531 0.12097992954861568 0.7476558172767143 -2.014013134418899 -0.7089948386196637
0.00023278136299684083 0.5197877001007015 0.3666798115455212 -0.06480064492801775 -0.5169193260898333 -0.6879041950264084 -0.44345493429888094
0.00023278136299684083 -0.12190652531056176 0.4508462227366408 0.13189161954163953 -0.1165448072203982 -1.1355237344229259 -0.13657399718868898
0.00023278136299684083 0.009732817518479844 -0.6358244072772511 -0.21935125720539897 1.0610305895940706 -0.2576826003832219 -0.051593209873055726
0.00023278136299684083 0.12121080339358134 -0.15476638850957253 -0.10741063331350939 2.421058258162238 0.2345766547170144 0.3435152061184871
0.00023278136299684083 -0.15751021898671885 0.174251250976393 0.11654164749796941 0.2699268093960033 2.2366366603328545 0.7386183265634342
0.00023278136299684083 -0.6273675067693263 0.3951968088953602 0.14617222263516927 -0.2320859780022773 -1.2262580328776476 -0.21710838531906812
0.00023278136299684083 -0.6419817417773552 -0.02512065727808477 0.06847413181927252 1.3753466507829126 0.045025501191703676 -0.15056138181352113
0.00023278136299684083 0.19503863003083655 -1.2355037406983527 0.1483448726015707 -0.058598130991425024 -0.8565300045825688 0.03967415179112288
0.00023278136299684083 0.23198037569580507 1.1754450771890823 0.3187657980933643 0.0434180467902182 -0.1119610162240654 0.04971799710915188
0.00023278136299684083 0.35610478983241683 0.14612780937892522 -0.1641646496905256 1.0252602934052288 1.3073479070648988 -0.24359817966763433
0.00023278136299684083 0.40009146183140376 1.8480466874030932 0.2100887090318982 -0.253574700128671 -0.005962587545121811 0.16949525848596675
0.00023278136299684083 0.09736671390184627 0.18243632782807517 0.02088664761152657 -2.697397311449592 0.32798705510179393 -0.12713516559251786
0.00023278136299684083 1.6815984309448024 0.3316811888127347 -0.0009771898916841703 0.26204695882691814 0.3627061975147279 -0.01507074524664472
0.00023278136299684083 0.8261705721992981 0.958123465687523 0.4427901605631761 -0.3328354122550199 -0.49425346124445574 -0.06875223671211458
0.00023278136299684083 -0.3520430571776498 0.44256869266420634 0.0124858521818891 0.622706988453716 -0.4702627475588462 -0.13026584996756493
0.00023278136299684083 0.3497995371330157 0.8098659598704303 0.03303579092830936 0.4045297031284687 0.624289252089954 0.14559790359933716
0.00023278136299684083 0.4764744180007798 0.4889449306971085 0.5100476422198517 -0.12528013309063524 0.905258217368148 -0.041988620628088766
