0 30 0
0.9311254519873633 -0.0009555684640228128 0.0015657671855761504 -3.506027183584738e-05 0.0006544836365967926 -0.0013747960725181752 0.0009625171643363998
0.00023278136299684083 -1.684714590765501 -3.555223096959919 0.6841889731211562 0.13963476668467845 0.22055602716170739 -0.057933049031189024
0.00023278136299684083 -0.6301695746063388 1.101744230547825 -0.10676985815824426 0.5847788404693393 0.06319471250680787 0.09332911169480626
0.00023278136299684083 0.9609504835380654 -0.8608980818353473 0.12821863561594646 0.4641867999909115 0.40240909180532664 -0.009287268713754246
0.00023278136299684083 0.8624714174254258 -0.1254817690101081 0.08841644213491277 -0.3468242238606252 0.674128938031546 0.06813158344985518
0.00023278136299684083 -0.0845872665972096 -0.712814177700849 0.07230669014948102 -0.7855212726759712 0.5251640509961205 -0.4210195768027894
0.00023278136299684083 -0.0475859613217628 -0.7078315050593785 -0.3103003441159164 -0.739172480003304 0.4797650152305446 0.032638291129133405
0.00023278136299684083 0.2138093647111072 -0.5170081828429138 -0.21800422052870413 0.7062936074035802 -0.7716536125571116 -0.07439929045554082
0.00023278136299684083 -0.2668158446351181 0.939282449954604 -0.12883588342406843 0.6786636484782484 -0.20890473699088036 -0.33901025790585765
0.00023278136299684083 0.5894934563565158 0.3970157480058307 -0.017336960378920414 0.7468069117060917 -0.6974404578732508 0.036081584044009185
0.00023278136299684083 0.13252848693981178 0.2188437607700521 0.2235246003262552 -0.46711868321407307 -0.769885426226055 -0.7810407973419865
0.00023278136299684083 -0.3102193128875137 0.3389007200425623 0.05258776873912298 -1.298106863525673 -0.9008797127965963 -0.10072937325717006
0.00023278136299684083 0.5361253130385545 0.1334329503534735 -0.10047160555883869 0.7702897012523935 0.8903207359574268 0.05589457722371593
0.00023278136299684083 -0.13190471253987712 -0.24653837775283474 0.053179403395823166 -2.2240117559725374 0.5898292804085938 0.4372673047136879
0.00023278136299684083 0.6139178466461958 0.4193563553597812 -0.11586928458287057 -0.44238154019172987 0.577077592172858 -0.04173946158550738
0.00023278136299684083 1.4163438862773765 -0.7264119808574737 -0.28093323768083034 0.08435946172305527 0.447630292480504 -0.21147182397122377
0.00023278136299684083 0.2841952260448581 0.19377816686193855 0.09170058644041412 -0.010857909557326269 1.6248230481408295 -0.6280522452879117
0.00023278136299684083 -0.3311924240395821 -0.1704914733408923 -0.24712532586509656 -0.017341045828286304 1.540510823982311 0.46568740454450197
0.00023278136299684083 1.1467386855445638 -0.1383603790328928 0.06996011049536462 0.20555950059513822 0.6776050791871016 0.1375625404382795
0.00023278136299684083 -0.2804300427707738 -0.031115591816957097 -0.05906564322662681 2.1784837867759483 -0.48598780544521625 -0.14653748100283737
0.00023278136299684083 -0.49001611638601583 -1.769489331912168 -0.3120512033398991 0.0016256189807120369 -0.38686105096649165 -0.04416358271267749
0.00023278136299684083 -0.05316184795261387 0.6030391362408088 -0.020112102868341745 -0.6370361747047452 -0.9593762247249492 0.09780545647613867
0.00023278136299684083 0.815095124363963 -0.5152041348406367 0.3056606393706124 0.2044878763800845 -0.6919719925928616 -0.10047694795885512
0.00023278136299684083 0.4495685816621563 -0.9597474826572359 0.4642842194420871 -0.03530276608576379 0.3815362148307423 0.22823549702715681
0.00023278136299684083 -0.47993749496860555 -0.1860808191857379 -0.12297479003453804 -0.5171206314614647 1.1176270270081823 -0.05795100003409742
0.00023278136299684083 -0.024446079080927025 0.21621757200225017 0.059031052474570925 -2.2278210433699597 -0.3406617148635901 -1.4764071226472384
0.00023278136299684083 0.640162023532156 1.2878413361022092 0.04123628197068823 0.029633114002340696 -0.008399040638909734 -0.20507037131948883
0.00023278136299684083 -0.01773419492228853 -1.3585119460761543 -0.020460851352909967 -0.3155850177933179 -0.24920494395914305 0.039785842831338986
0.00023278136299684083 0.15151247222231704 0.46028602219656567 -0.11995689549074919 -0.695458781365321 -0.919743797321458 -0.0691325610105193
0.00023278136299684083 -0.157723048743551 0.008401140144821257 -0.013786109726490291 1.346922008780404 2.6779768771286117 -0.7780656398795803
