0 20 0
0.9311254519873633 -0.0006222373756723267 -0.0018414864221967596 -0.00026317153340131235 0.0008883186015528275 0.00045815532545492025 -0.0010146104264773283
0.00023278136299684083 0.18018909350955178 -0.49696379616335346 0.608899554737919 1.0721169125883483 -0.26442764913089506 0.5649315188371621
0.00023278136299684083 -0.6960803921979105 0.11645003783003499 1.092871685013381 0.39724168810044796 0.05288192834052533 -0.16616552538775875
0.00023278136299684083 0.5115063294782921 0.6449217115472218 0.12085964975534855 0.036127241184716434 -0.3808753004134695 -0.18791755230535356
0.00023278136299684083 -0.044934169334200906 -0.038610463677401424 0.06199192864465739 0.9860975566442266 0.7244591155434712 4.250068770226488
0.00023278136299684083 0.28320985187512326 0.9561105008652379 -0.24267006844253194 -0.29850512709504995 -0.5896499843276773 -0.008777139887312617
0.00023278136299684083 0.31639232489361296 0.22406457152453144 -0.40039383418868424 -0.11867502873608296 1.230383395022348 -0.18833733893959653
0.00023278136299684083 0.7406743886735677 -0.1976341632319689 0.3921833992610461 -0.15103804463375378 -0.8212747347934234 0.17789844114867756
0.00023278136299684083 -0.3389774539618696 0.9158566474923344 -0.06361937843704403 -0.5362197812066654 -0.6082844668255603 0.09171428726695154
0.00023278136299684083 0.5027266583471409 1.0304956133799839 -0.16794285283761595 -0.6030398712336842 0.437285469358991 -0.27906801602752457
0.00023278136299684083 0.7468338755876397 -0.29607040882816127 0.12869845189728277 -0.8268595908944103 -0.6225662950531559 -0.03770156528709798
0.00023278136299684083 0.5456353542977472 -0.005440839411403241 0.15332599648170403 0.6949599663623737 0.337566537843198 0.387636445020326
0.00023278136299684083 -0.9005383449970998 0.3263459095322463 0.33101715932095244 -0.8480403001559533 -0.6236651591698912 -0.06948029938604684
0.00023278136299684083 0.11336483958260843 0.8468548619580623 0.0621788747754269 -0.777761005292571 0.6104248576372316 -0.38990688785515176
0.00023278136299684083 -0.2506032514245931 0.9518321165112573 -0.5334216550210233 0.009569360554979926 0.640737967644414 0.03269227716637107
0.00023278136299684083 0.2514795497883728 0.2827312194075956 0.05908685412058007 -1.7628044939131948 0.6138934147113543 -0.17112526427224642
0.00023278136299684083 0.24419593384209048 0.31331348763799144 -0.18770031421534628 -0.7717155106411262 -1.0025256115146968 0.5937171298328061
0.00023278136299684083 0.275013888536729 1.019783994985899 -0.1533660547188282 -0.3671844566653334 -0.48457041986659677 -0.23674394144487435
0.00023278136299684083 -0.16479319125409306 0.40696556989007804 -0.22846639561331367 1.4356985926642674 -0.5621895006278477 -0.5476825625443081
0.00023278136299684083 0.17365421743986312 0.3649391175414979 0.019153133071335808 -1.123242513842843 -0.5202248661980051 0.24268892974780293
