0 30 0
0.9311254519873633 -0.0014428526216948801 -0.0016433242247035644 0.00041697003800688596 -0.00038575899542821565 -0.001776849027277696 -0.00016090170551725567
0.00023278136299684083 -1.21718541403428 -1.2829329627396635 -0.2110821917095549 0.3674020004192661 0.5187957806901486 0.05807586882203874
0.00023278136299684083 0.22004596861470227 0.927487764846407 -0.020827964855167344 -0.11189228710408693 0.22277203538818138 0.1509942852552571
0.00023278136299684083 1.11206664651256 0.0997441454557125 -0.08884067313432113 -0.20166039777861675 0.5211527910226753 -0.11338291600022464
0.00023278136299684083 0.7860726485842904 0.7374166386778431 0.24483093859499722 0.154213327653073 0.5054126293523593 -0.12159003840497407
0.00023278136299684083 -0.15760249492210965 1.3335001296963322 -0.25358489546420027 -0.3615681356604331 -0.10837013896748181 -0.070325870924278
0.00023278136299684083 -0.15224872920282723 1.0309730185576993 -0.05755183892435679 -0.16687211016078246 -0.1501151583482753 -0.1863835048477761
0.00023278136299684083 0.5299948036810082 -0.8757476520180661 -0.13670386526338665 -0.01933648233433359 -0.5573106737777118 0.12648872985485535
0.00023278136299684083 0.16689446275154868 0.10826121390909267 0.07643426889442281 1.0630759799862886 2.4107454880404346 0.352252462761717
0.00023278136299684083 -0.1642848780674149 0.9085722740795897 0.12504563610004354 -0.4012495390144831 0.4959460334319664 0.007092182758050328
0.00023278136299684083 0.022662189668036813 0.5436046353194709 -0.12824564268295996 1.2496592181832507 0.6776261239254001 -0.1673125168849325
0.00023278136299684083 0.8346655274903682 -0.2918208084663764 -0.10845443662935697 0.30453433191543466 -0.4892119014825582 -0.20767264131386065
0.00023278136299684083 -0.1847652356803536 0.234491317130435 -0.08299716832289955 -0.28528894851751835 -2.041112168490093 0.22755478669335585
0.00023278136299684083 1.076162032515015 0.03937808429848114 0.09012876243267952 -0.46254330037742225 -0.6904667100442481 0.11401630596735948
0.00023278136299684083 0.5384294002223049 0.48282720368689747 -0.2304842409559265 -0.9377901402277276 -0.49640730345405004 0.11255789729322434
0.00023278136299684083 0.605191378317229 0.871460444705173 0.010562720856722996 -0.32715469841036643 0.27553148771696073 0.13405970626133074
0.00023278136299684083 1.1978933011469242 -0.10333177236885159 -0.14453922650648068 -0.03269845401468325 -0.1672542073712449 0.027879580059420716
0.00023278136299684083 0.4902615518402419 1.07387850157581 -0.0550440727030826 0.07758548821184738 -0.03495998555485638 0.06682026353292655
0.00023278136299684083 0.6323097233971061 0.5255501151539337 -0.07859064484049377 -0.041899282744389615 0.8391581053853018 0.06279680846303187
0.00023278136299684083 -0.982705302329569 -1.0591836305554834 -0.2151487581449703 -0.12494047105781587 -0.307956739445617 0.06992332391373364
0.00023278136299684083 -0.41327382445082567 -0.6280749031312262 0.1147740280363363 -0.7450783675161358 -0.9452375333546487 -0.038643484490275035
0.00023278136299684083 0.753397086177068 -0.1258949685765094 -0.09645255321619313 -0.5717471399127008 -0.461893484487733 0.07184592793537647
0.00023278136299684083 -0.215305847785747 0.1883844345616021 -0.30797055400056345 0.6047022161925053 -0.5323813603614422 0.859271148492469
0.00023278136299684083 -0.4736066069391017 -1.4979204862147504 -0.005060100222052649 -0.20108220213219052 0.20308215374914543 -0.1282334380413198
0.00023278136299684083 0.12209303918510513 0.1151382008327313 -0.033352902329347345 1.7102912829969756 2.572933431060097 -0.1269600486179649
0.00023278136299684083 -0.03414132179183409 0.06330685219526247 -0.01516758666997317 2.1403872888809845 4.288480280653423 -0.5526832136738952
0.00023278136299684083 -0.04997094556060661 1.4575302336497762 -0.08128476833122508 -0.42992428406653194 0.07885930356963844 0.09371773562217242
0.00023278136299684083 0.33019163269293866 0.6309825996432998 0.0688001411207678 0.10688639793182687 1.0685418278415144 -0.20313516128873382
0.00023278136299684083 0.5498146615542966 0.1819502875224319 -0.013869290405833533 -0.809252238416169 -0.4921133762802841 -0.07027217587694501
0.00023278136299684083 -0.1516449668062525 0.8837659873870888 -0.03320327275119001 -0.003723071212215453 -0.09685062129622066 0.09485481874788351
