0 35 0
0.9311254519873633 -0.0006700259013246922 -0.001991641176808814 -0.0013643202123948476 -0.0036685490109261993 -0.002806931422089335 -5.5047218728703054e-05
0.00023278136299684083 1.0094360870024264 1.6255541357267038 0.23200931013585716 -0.23327549646517157 -0.07032663155842443 -0.05794953266516506
0.00023278136299684083 -0.2761731434588609 -0.015315590037350616 0.026773330182260694 0.4877395898815519 2.0229462988205644 0.2969565395284641
0.00023278136299684083 0.16390552563954167 0.572322791707735 -0.03066100766914835 0.5555676763635917 1.2364531459630546 0.3718446011464364
0.00023278136299684083 -0.02589212259137991 1.2093665670673877 0.4898604523394226 0.5237004270563288 -0.016849681783568746 0.10490305488463103
0.00023278136299684083 1.5118710072909385 -1.120618952965895 0.11473879291882087 0.1413305454255632 0.4611685662312609 0.11955304251633836
0.00023278136299684083 -0.1611449621957672 0.10854722649851044 0.0021477927921105316 0.9898944907807451 2.483212636216524 -0.30627358064743343
0.00023278136299684083 -0.1225389131106302 0.7074712935619559 0.1521490407255925 -0.7818140668439314 0.07952371251252037 0.47491278582094687
0.00023278136299684083 -0.6038799218807394 0.2860756906818271 0.09129750602876695 -0.020854400460708827 -1.0303922880763692 -0.5634209343820408
0.00023278136299684083 0.7410998569278393 1.5329653861162411 0.6381512977826341 0.007440103828544372 0.551071910478006 0.2041073411417526
0.00023278136299684083 -0.3180579724431036 0.5221020629976005 0.16092474518400363 -0.44384034607762235 -0.779541961784383 -0.08183299976332303
0.00023278136299684083 -0.2790540712637501 -0.38653279252353906 -0.0021872723572948314 1.6127974060709198 0.11880629896575658 0.010445309999678482
0.00023278136299684083 -0.9476602898277265 0.5753297431886579 0.4034250608376445 -0.13814111199650456 0.566621809782557 0.2551231916201485
0.00023278136299684083 0.6834563490381814 -2.356770553261445 -0.15233193803939235 -0.10973051731394007 0.018821087390163332 0.10809574260637766
0.00023278136299684083 -0.2660294565259448 0.2888237001755666 0.1142198430463838 1.2508103933037762 0.012213423937540718 -0.31522772530014787
0.00023278136299684083 0.5245436468384612 1.1817117727776094 0.9597801563520363 0.0008285518014662927 -0.548059168307868 0.02171121455307006
0.00023278136299684083 -0.263249469245276 0.500486959018528 0.36640381361341595 0.7468405772856711 0.14157050701716958 0.35081059704920375
0.00023278136299684083 0.5342625353289644 -0.3158323592930748 -0.09750463534497732 1.1557580436574268 0.8470871916730811 0.12705648236161027
0.00023278136299684083 0.2800558674797263 0.6742765120214971 0.2856228095011861 -0.3268702241434587 -0.18988086657015377 -0.012010142721197156
0.00023278136299684083 -0.08681175091514401 0.20232855471072353 0.18368003112103226 1.6410232283221846 0.6146860593576237 -0.7543727612704693
0.00023278136299684083 -0.09231742454681115 -0.7811758955199339 -0.0970936291474105 0.8224183043047393 -0.2761791728145272 0.10020973837106684
0.00023278136299684083 -0.1118252856994582 0.02139363979725107 -0.05599382025015896 2.8485822881307548 -0.6009563099465995 1.3761904498560533
0.00023278136299684083 0.16786396975471263 0.48376254000164975 -0.07013785620111004 0.15243508732109623 1.132577392555228 0.2740945312664882
0.00023278136299684083 -0.39638670200212467 0.8105781695260434 0.2369198849115692 -0.16780498214687914 0.5312128331599315 0.4219772072684415
0.00023278136299684083 -1.4372850964343207 -1.7747881571952582 0.11055795436586287 -0.21548312418737928 0.02202158633306675 0.05346643244955638
0.00023278136299684083 1.0787127835051373 -0.7022467581824874 0.4972873806565331 0.3175718417424023 -0.39861237929018334 0.03901427548968838
0.00023278136299684083 0.559354480422792 0.8259055061690234 0.20235427132291334 -0.1490133141684779 0.8571472534779118 0.06744066553183055
0.00023278136299684083 -0.2554581258701968 2.272074246501769 0.44164332000101497 0.002444182265670922 -0.4579431295099912 -0.08778209694464788
0.00023278136299684083 0.38318044886383823 0.8660754368807498 0.3671301310285173 -0.022755608248102164 1.0254606196618905 0.25720334229976705
0.00023278136299684083 0.12997152337290163 -0.301931870403425 0.04829006773270792 0.6078347113894371 1.605752016282194 -0.8190133337321159
0.00023278136299684083 -0.07023388852293558 -1.0535556402851523 -0.1673137656511574 0.7453976139036769 -0.3276421326435659 -0.1373622536872801
0.00023278136299684083 0.08822097307058561 -0.04660678604187168 -0.04172731980502858 3.850809200520026 1.0092414038765223 -0.9449374511157718
0.00023278136299684083 0.20225534195026104 1.145078087758374 0.0016405934802323397 -0.2202964563636787 -0.053731032406112336 -0.12390152646733134
0.00023278136299684083 -0.12462377917938665 0.2808368129206595 0.1501197494572849 -0.9830641116508894 -0.7792425922245767 -0.8565451814384858
0.00023278136299684083 0.46053558452904525 0.12887322712642177 -0.10489524147258716 0.025915540415955375 1.4194872815811006 0.24570184928867125
