0 35 0
0.9311254519873633 0.0010385188958154244 -0.0011228990214221645 -0.0008745242883219378 0.0013277952963519776 0.002046930295624722 0.0001976793758591227
0.00023278136299684083 1.0769406310529825 -0.12378731963340817 0.35127158246873336 0.134879959909184 0.679763889183724 0.08583744275431228
0.00023278136299684083 0.3444701737834266 0.4931952436405216 0.4336707031119459 -0.1571583187871744 0.5266214758621847 -0.1438833987581713
0.00023278136299684083 -0.18609160444674322 0.06571969540820116 0.15371799960684898 -2.1082053554051425 -0.48890582950479994 -0.7285954823740146
0.00023278136299684083 0.09032042944601011 -0.028523188802413998 0.33545042813857634 -0.031448442054112694 -1.5911665376308557 -0.5967412329272856
0.00023278136299684083 -2.0241345820560634 0.4843138544823663 -0.2924201685153515 -0.2499458577018721 -0.30828844185725746 -0.07577393281632783
0.00023278136299684083 -0.3543813396343995 -0.5981667343862169 0.8830572418083 0.04103879449797109 0.1252245799020192 -0.2757758995197755
0.00023278136299684083 -0.1963656426897711 0.9213549510287511 0.1854560181226158 -0.7008518467438222 -0.8341292179782535 -0.029292680349964476
0.00023278136299684083 -0.12261126062260842 0.6106503682714379 0.24290217790240273 -0.7534775724118417 -0.8059376505100792 0.061088830147539616
0.00023278136299684083 -0.33194556352168814 0.7769362633698593 -0.19337188004802897 -0.5183105598676676 -0.5500336792929632 0.09449782797814905
0.00023278136299684083 -0.32705749839544573 -0.33824303008140194 -0.14507287528535873 1.2784499779152823 -0.48426112764004076 0.6466898209121239
0.00023278136299684083 -0.4921049953451593 -0.022941103138832922 0.3706311751174091 -0.2737394867396621 0.7296937900986092 1.1521936865281583
0.00023278136299684083 -0.5724630966469226 0.2778129849062118 -0.03827314890419613 -0.5337493589597494 -0.9755098265167975 -0.004816620228760301
0.00023278136299684083 0.40232284110819544 -2.1803026489068547 -0.116817285931574 0.10487398981114318 -0.3507136305230476 -0.0047018423232373235
0.00023278136299684083 0.46173209804978355 -0.08841825740514218 0.198065937800817 0.0072796798075599415 -1.2728206648235993 -0.3487123117255824
0.00023278136299684083 0.7025113683988529 0.07601237591510357 -0.050594158606988515 0.12319621013147787 -1.1573107257456834 0.08137567071293426
0.00023278136299684083 -0.03422127128108879 0.4324457188974621 0.1869438708473543 -0.22734392858413385 -1.453892882448881 -0.02943122691488972
0.00023278136299684083 -0.9516839076222631 -1.74683001082593 0.39104661767401155 0.39580058711585414 -0.22929464899480104 -0.13005440589855766
0.00023278136299684083 0.05352503598046818 0.5327237522236847 0.014001115298896987 -0.3376338539686892 -0.8131242436159603 -0.07028525472821999
0.00023278136299684083 -0.6453370254717014 0.4294847818374678 0.21121162010061842 0.3306919424116329 -0.941296639153467 -0.21702116337592547
0.00023278136299684083 -0.1323477531709055 -0.0388991022127326 -0.15216382884882695 -2.0531990611576356 1.2447381313496815 -0.8749374124812932
0.00023278136299684083 -1.0912293000933124 0.024996789739149188 -0.40488488865414013 -0.2612716305701597 0.7600273177391639 -0.15081493561234424
0.00023278136299684083 -0.47634260355702707 1.2124193455689916 0.03937911834557588 0.30690428629484084 0.19066516331708758 0.08818196203741498
0.00023278136299684083 0.5456651445557755 0.5443089649342632 0.08503447509729242 -0.840795460125664 0.7275440765943807 0.10035575305080677
0.00023278136299684083 -0.5521416576390636 0.28151461620590745 -0.6093138320485829 0.46996034898856603 -0.5197061610432999 0.000789615935089554
0.00023278136299684083 0.051025137419808686 0.1812132003506105 0.09925880363619015 1.967872891168231 0.3177343605846069 -1.8954714324006552
0.00023278136299684083 0.8307017459927019 0.5795916994038294 -0.3265561547230127 -0.0584278324115698 0.7852523928730858 0.4203814047643993
0.00023278136299684083 -0.5999194988917589 0.3935722204370582 0.3718236355159142 0.12294578562090988 -0.3550529375485689 0.6466773193076836
0.00023278136299684083 -0.13594375955140686 1.6198832018579619 0.47925570587367833 0.08227806652200075 -0.4135737081381046 0.028895269757592136
0.00023278136299684083 -0.47180806741713543 -1.028219091417227 -0.36907063505098425 -0.4629576406948681 0.5276056008438775 0.21363773825285823
0.00023278136299684083 0.2661025906696254 0.8529492649845793 0.25004445398471725 -0.6550237632972757 -0.017910899455175544 -0.2785330154454938
0.00023278136299684083 0.608915761149893 -0.3909600690985395 0.2644836944309835 -0.5807487856002876 -0.9724141711160027 -0.046383792641494795
0.00023278136299684083 -0.11384455089441763 0.05853886908896228 -0.06456318440052143 1.4167771751446474 -0.7077732559944587 0.7899037499279977
0.00023278136299684083 0.24905415809467063 0.5901506297249638 0.4292856099831139 -0.1998541676966853 0.590903538031327 -0.44088716187258403
0.00023278136299684083 -0.025387720004346855 -0.36290215066540715 0.2852072094393442 -1.0899879579692069 -0.1503786193465498 1.1408896068910266
