0 10 0
0.9311254519873633 0.0002740436886066105 3.918969227530784e-05 0.00026278377061279975 -0.013988975789532992 0.0103882078705419 -0.06807853477512855
0.00023278136299684083 -0.3254146363618468 0.07588903938188775 0.3226299432438109 -1.43092736998933 0.6995609337803477 -0.6284904768010943
0.00023278136299684083 -0.8716667212363823 0.065693593993656 0.04133369343349854 -0.8383058219924147 -0.44371569542790823 0.008968513733206727
0.00023278136299684083 0.571014018175469 -0.28832203339421697 0.10406398691267232 0.2944221289320661 -0.08231098294857225 0.04688761796972117
0.00023278136299684083 -0.38409878973116474 0.281737635860295 -0.04165647371752712 -0.14877447481651945 -1.573274086921132 0.5217254154982433
0.00023278136299684083 0.393447862419677 0.5337560565109133 -0.1810645027173219 -1.0152028037202439 0.7774236842349321 -0.34743480467653043
0.00023278136299684083 0.01811450591558678 -0.5400498366361385 -0.3525439746178487 0.9570922943679365 -0.665027952438817 0.1375470812053887
0.00023278136299684083 0.7547192706686922 -0.14833194002696462 -0.44254929542918026 -0.5800704021609812 -0.055085563724691713 -0.1482300845586454
0.00023278136299684083 0.00026493652658353856 4.376075717433571e-05 0.000261139713977965 59.12473713182879 -39.65132856183711 272.28295402623235
0.00023278136299684083 -1.2525552008121612 -0.13717504554856358 -0.501609599273159 -0.4070675243173361 -0.5590732568846513 0.44021181191156034
