0 15 0
0.9311254519873633 -0.0009531826000497731 -0.0003330568845096565 4.261438607788703e-05 -0.001100744506130041 -0.00038705646792654895 3.61553042250005e-05
0.00023278136299684083 -0.08181851272702942 -0.7700143368968516 0.5582642728652922 0.007685158604230163 -0.9576317594384833 0.43605476370069246
0.00023278136299684083 0.24911792286869736 0.1303751307597024 -0.10605948272582366 1.8362816133077229 -0.306675841794397 -0.6236555663782568
0.00023278136299684083 -0.3978695874327352 -0.1555581212026836 -0.05717691962237923 0.26998233167031843 1.5025937042560202 -0.1478729103381151
0.00023278136299684083 0.8329220738863214 -0.7672650369339935 -0.14474966748112833 0.5608443754668817 -0.21273108699694449 -0.1330155606007344
0.00023278136299684083 0.2755175648859863 0.6374443354053609 -0.006189720413448868 0.5694178254476762 -0.9923971871954502 0.4503028771279293
0.00023278136299684083 0.9236416241359773 -0.00546758474417628 -0.018605428339436864 0.017785604672281817 0.49026969550171456 -0.22491791018241766
0.00023278136299684083 -1.5491544695961612 1.8623494069021438 -0.2374806955403064 -0.20344197337379508 -0.02227276458178258 0.021893076770924447
0.00023278136299684083 -0.09624250985121763 -0.2941442209869978 0.2438876274804013 -0.015320939254320268 1.4638141266849718 0.08200569618331938
0.00023278136299684083 -0.24349963917091277 -0.5223312664756065 0.05835735264839623 0.21031656115953723 -0.4186807569647901 0.2584798338567496
0.00023278136299684083 0.744869240215352 0.6136245048212076 -0.08184596560665872 0.40379127952899696 -0.6971233621475753 0.07748744727606782
0.00023278136299684083 1.6370246735874907 0.23059438357092832 -0.17124911555813274 0.04932867627828938 0.13524228259442272 0.08180884017472102
0.00023278136299684083 1.2850897829306462 0.6595019644070428 -0.23220746307227919 -0.10278676603745349 -0.4465689360630143 -0.12699634749827834
0.00023278136299684083 0.23190020387554428 -0.41282422460788903 0.024286844185469204 -1.192665090957291 -1.0305483524849983 0.2760108027025201
0.00023278136299684083 0.0012320325860987686 0.1259426040137737 0.00031081686848455017 1.9917593680070902 3.0409361103365025 -0.5722062596951243
