0 35 0
0.9311254519873633 -0.0012787317582794557 -0.001371438047944783 -0.0006023535423922878 -0.0005716474427945271 -0.0016351186679663626 0.00016380600742478977
0.00023278136299684083 0.6939501088950719 0.5061698375510509 0.2975928990503481 0.5078276381302045 -0.3610480087650192 -0.02228789713572054
0.00023278136299684083 0.47687565509857266 0.012527145166101102 0.05405633149732305 0.16331212848025645 1.406451077594159 0.09688411476394
0.00023278136299684083 0.45703910484400934 0.09902979739113 0.06230003875086488 0.007791305719368224 -1.3004262174806387 -0.15645017682406795
0.00023278136299684083 -0.08518168027673234 -0.32068221455246637 -0.02908673018350552 -1.6004604027836076 1.2512859358121484 -0.2768293937728005
0.00023278136299684083 1.0573361623341504 0.9346169317539961 0.09116168864591918 0.5036274300417279 0.30179912767273137 0.010699508986956017
0.00023278136299684083 -1.1698835121244238 -0.14895045756789319 -0.051706342632750556 -0.23432399445088176 -0.10284402273848757 0.19083649245676446
0.00023278136299684083 1.5664444616625068 0.30209253379005446 0.26904455366718494 0.05963772262572438 0.39544166601568415 0.034313396518221254
0.00023278136299684083 0.6358184890047223 0.013352051908574985 0.019961998724463876 0.43594538680273687 0.9876042553657612 0.07439834088613052
0.00023278136299684083 -0.5297818667799805 0.47810101806867894 0.019034240056381522 -0.8581481458882217 0.11225679676126836 0.09719631888245582
0.00023278136299684083 -0.6709255972912113 0.22939816611576694 0.08990146177016864 0.40118294167084106 -1.1326111777682404 -0.15327392011274854
0.00023278136299684083 0.6750015730019326 -0.7388617682365852 0.23981240463883993 -0.5669174658659122 -0.010389055683191088 0.031937448583381024
0.00023278136299684083 0.1838982835326958 -0.12926132896123527 0.012988716548769496 1.4024775708245307 2.044835976975683 -0.5732747276875811
0.00023278136299684083 -0.82329143698612 -1.5871194810092677 -0.14693603765759014 -0.012954591479618988 0.33466185881077 0.017574391645087263
0.00023278136299684083 -0.07882137373243836 -0.19317198735334518 -0.01782254181093192 2.4738997818172734 -0.28046641535448474 0.17727931999886234
0.00023278136299684083 0.26659387013491015 0.6613502816619663 0.01671814025186755 0.9477547704754397 0.1487604244541819 0.236581530261854
0.00023278136299684083 -0.005037364574609462 0.6082143650442584 0.0556743369889969 -0.9120393142224174 -0.7755416704436537 -0.0066951727040353405
0.00023278136299684083 -0.8169842922765347 1.091649414331886 0.14210503461749016 -0.3172172061308193 -0.5503613344017073 -0.12588515400568212
0.00023278136299684083 0.4308679623179334 -0.20593406884250604 -0.036909223646774736 -1.1772139165757693 -0.7011416892672989 0.19977791295498998
0.00023278136299684083 0.484932066097137 0.7296520071320596 -0.04812097371373255 -0.6909767988185965 0.5657457505964173 -0.03492842503817561
0.00023278136299684083 0.9524514463610979 0.23246987789413065 -0.007595256491111983 -0.01691736880339264 -0.46798511208923077 0.09693846561489733
0.00023278136299684083 -0.3073263484204236 0.3851257480996493 0.060187354166787256 0.6589809976102821 1.349971405049258 0.07342074733779314
0.00023278136299684083 0.19940445648325808 0.5757337839862919 0.10316208553866779 1.1050883949117123 0.2545715229072972 -0.11677862464905003
0.00023278136299684083 -0.7277884771928205 0.2958666551834258 0.11332464258844394 -0.09930987951379189 -1.019806674087544 -0.11853898003620758
0.00023278136299684083 -0.8560812857476773 -0.22976742039612288 0.02736430790234244 0.827177094707037 0.0165564721544731 -0.19585506335025324
0.00023278136299684083 -0.4136247738331178 -1.3740208191245775 0.16800840092286948 -0.33955019791752555 -0.48756514872418616 0.03664817995391607
0.00023278136299684083 -0.07203840847176694 1.028568536359274 0.2960642883373608 -0.6801137193509879 -0.020286564465131038 -0.07903967922584558
0.00023278136299684083 0.2708043174758823 0.10147644031423642 0.058638473837616015 0.5212641356588955 1.8646380461282657 0.2726390580363796
0.00023278136299684083 0.5450929769112312 -0.19256629545947815 -0.12298315029997589 0.9994340384141369 1.067214996182824 0.07541611642109908
0.00023278136299684083 1.3289198697132159 -0.6371968324407562 0.18484802502038633 -0.14335110118429362 -0.270048906882255 -0.043872249899580926
0.00023278136299684083 0.4730182933911051 0.22979154681377084 0.10604800974990576 -1.0981626816825265 -0.5299371886741658 -0.2454011986763298
0.00023278136299684083 1.1840665856831107 1.5149993271772924 0.27356316874489717 0.40023232045728563 0.45287430200021883 0.08673640066351852
0.00023278136299684083 -0.5638020643960353 0.14469508330643058 0.16017690683785735 0.28858496115621685 -0.8950472368611654 -0.013195761919163171
0.00023278136299684083 -0.2055395315402647 0.03500309560672923 -0.06828996878822871 -0.09520241851173102 2.6487259261652634 -0.28691819188994266
0.00023278136299684083 0.5585193638183025 1.0334012210665833 0.017126885938005036 -0.574769645145465 0.24258555490544295 -0.015277156738220938
