0 20 0
0.9311254519873633 -0.0011930402873716137 -0.0014312288796883993 0.0004212303617320976 0.0009458367531700206 -0.00047775839989208207 2.083252842780782e-05
0.00023278136299684083 1.0207403476440278 -0.6339688260519222 0.041875010564594944 -0.7199949213975319 -0.405923726081214 -0.02474600378342426
0.00023278136299684083 -0.40781825600747895 -1.2958890651041297 -0.19458845466335917 -0.2532333871475028 0.26427621191748235 0.16267636643185043
0.00023278136299684083 -0.48881231522181384 0.3457262628524894 -0.04940729751071361 0.01018559279764902 -1.2250416009524558 0.047611816386380214
0.00023278136299684083 -0.728799899241348 0.6457002965887451 -0.09566461201805684 -0.5158214493549929 -0.7546287421653739 0.046759265532298436
0.00023278136299684083 0.41199183828494207 0.3948908247356573 -0.06374019884044953 0.15453426849815682 1.4520036321161567 0.060380638465538664
0.00023278136299684083 -0.34645379165091067 0.5486122640641561 -0.1478437871649261 -0.5981337557376648 -0.06507991712706672 -0.33206717089780274
0.00023278136299684083 1.4175529028001224 0.46245560761213067 -0.03317201460011961 -0.15221368072035782 -0.5058422201950634 0.11238889281758616
0.00023278136299684083 -0.1842444759180998 0.3517313759276749 -0.13687752655022825 -1.1425734178744957 0.633390363297641 -0.07352480090927006
0.00023278136299684083 0.9273918375101737 0.9664884866582903 -0.22836523806921113 -0.21498839496761687 0.11029343559862076 -0.08759130972206422
0.00023278136299684083 0.1324382657410841 0.5685096443921094 -0.10675127542822611 -0.6798196245673531 0.8887963400421006 0.12803920006208344
0.00023278136299684083 0.39392132675900093 0.46490288224683085 -0.04014560107688427 -0.7960042397246725 -0.6450084382576188 -0.03815526830176393
0.00023278136299684083 -0.024961614129875825 0.5936729218920223 -0.04927449920125767 -0.5644061515355819 0.4577798673019831 -0.15069654656588763
0.00023278136299684083 1.4520738019071484 0.02967531244888451 -0.061130389239204594 0.1870516704856617 0.4982232638619685 -0.08924272488559588
0.00023278136299684083 0.3364606509105244 0.1872526390895191 -0.08039930134475243 -1.3129980119257205 -1.22515972672539 0.2580382185686937
0.00023278136299684083 -0.20121162312132107 0.17222986328727674 0.21730761587458503 0.38276311514210515 -0.3239245169220122 -0.4036471479676826
0.00023278136299684083 0.13389342655112793 1.5481190161591847 -0.26734777041034014 0.2739206964360141 0.5693917362502271 -0.10986811878130882
0.00023278136299684083 -0.2548557755064493 -0.17035171247092729 -0.08578615221913084 1.9370493980145889 -0.6788683381750271 0.400165643123621
0.00023278136299684083 0.9887600887553558 0.4578056854681467 -0.35598883628692585 0.18294144375732643 0.33369223852113655 0.03254392554542967
0.00023278136299684083 0.19409441342001607 0.08735203895444563 0.05237888125620894 0.03839383714190528 2.532663737262232 -0.02239498882991304
