0 30 0
0.9311254519873633 -0.0021606523735756317 -0.002373478443331173 0.0005372426136976851 0.00043483817481842737 0.0018027930335962545 -0.0004065834979180131
0.00023278136299684083 -0.7017385576559242 -1.496834870344207 0.04100730791245503 0.1933978555786074 0.3464509759943194 -0.025632453298688195
0.00023278136299684083 0.09788321700800778 1.5401631024950706 -0.1823047626957659 -0.030763244706673663 -0.07898700239662036 0.038630225062455024
0.00023278136299684083 0.4718352277657156 0.8400584100456967 -0.08932650442100369 -0.6534529464394745 0.034560618158452704 0.01898116571867014
0.00023278136299684083 0.8981776523813442 1.0549496637287272 0.11031043907474887 -0.24761105849295864 0.10496638750285027 0.13529292501801524
0.00023278136299684083 0.33724831501402514 1.0305897850022094 -0.04438552584522284 -0.21845565909290263 0.827193325281876 -0.11824884034037565
0.00023278136299684083 0.4712631219251023 -0.41339445085190746 0.04520755205570544 1.3171227879459566 0.4358182553702392 -0.15881705589514045
0.00023278136299684083 0.11931212034867557 -0.7694749636478729 0.019732806456790215 -0.5963888596593051 0.5528631640262366 -0.0805179391297503
0.00023278136299684083 0.05896585104106079 0.7014133759492878 -0.22350176394013843 -0.11282360579195357 0.5335888180395242 0.189723371974523
0.00023278136299684083 -0.0033061829722011668 0.00827026162002022 -0.0006849086784761037 1.0936325919494794 -12.9396078303842 1.4400154632725939
0.00023278136299684083 0.5620233467677076 0.21984069275278703 -0.162292450406737 -0.8744710988695621 -0.8594489228752595 0.0720293998595605
0.00023278136299684083 0.06036954599060065 -0.19051138385090266 0.03394259968997918 -1.763180548122294 2.1536871807158544 -0.1186711547471062
0.00023278136299684083 0.666932780278998 1.0328431118468775 -0.052280798028803685 -0.04737915915061516 -0.068461481151568 0.22693732139922096
0.00023278136299684083 0.6463904090150813 0.8276552811843247 -0.11103011153513909 0.6455014892180325 0.44271371510281643 -0.021108602525828184
0.00023278136299684083 1.0877816623369598 0.2973038105081146 -0.26336908927936553 -0.00251530851410937 0.43009602918306916 -0.10947571171545385
0.00023278136299684083 0.47722928801135295 0.8045571093528204 0.06970107739795521 -0.3629280515076298 -0.5302286722070142 0.1092843180969074
0.00023278136299684083 1.2571971367748178 0.06504310232908049 -0.14000854740776156 -0.06851327536404839 -0.2056842064095757 0.068572464439271
0.00023278136299684083 0.06957427866383824 0.6388853620846642 0.1519065507204748 0.5327089381793453 1.0879533143607374 -0.14622643814369288
0.00023278136299684083 0.6886936007749449 1.102746334488735 -0.18516700512635217 0.06839567674092219 -0.1591062952552195 -0.08021989042115876
0.00023278136299684083 0.029542451393941672 -0.29830667403663697 -0.15521203332367492 1.1401512167387722 1.668965379702765 0.3769142920978085
0.00023278136299684083 0.20194835490333635 -1.3651379588007497 0.004023877573388264 -0.3601165373606277 -0.23721785400156756 0.055420896711069756
0.00023278136299684083 0.7509541653822618 -0.28554446737343514 -0.057374874596475244 -0.5747100432336082 -0.1415987543814638 -0.150429230572599
0.00023278136299684083 -0.762801234348534 0.8192587694991121 0.13561209602811045 -0.521442603161014 0.39580553102657534 -0.05549519756025148
0.00023278136299684083 -0.6586737406462929 -0.8439424483353798 0.08628094744449435 0.1872007385468556 0.7274359227604204 0.06277095709825489
0.00023278136299684083 0.6086914726150652 0.7769690767006597 -0.22343051741344563 -0.2933273975282475 0.23518028411356512 -0.18904644383037575
0.00023278136299684083 0.7617783954024926 0.11621820119784317 -0.06174177757082637 -0.4876392265847211 -0.37348904259366444 0.23279782195449625
0.00023278136299684083 -0.25263604932849226 1.9404410196343724 -0.741171031131932 -0.1434060062295868 -0.3373914265511162 0.03488973941754809
0.00023278136299684083 -0.171917736963256 0.5333981209655165 -0.09991806199558989 0.11810247962425538 -1.392999854224388 0.004731358407071046
0.00023278136299684083 1.1146664867921938 0.16881059857894387 0.06091001762041643 0.22068016296804857 0.2301635873925223 0.0750653728177849
0.00023278136299684083 -0.2447758843723969 0.6376458005990994 -0.11440596336854511 0.10287799304533929 -0.0943932806851944 -0.26183414349277695
