0 35 0
0.9311254519873633 -0.0020732063484744006 -0.003132663620963318 -0.00088222221931907 -0.0014558063758499165 -0.0007143504222359745 -0.00017512034394526478
0.00023278136299684083 0.4667040121108884 0.4469947770722017 0.2670166720257015 1.0569074383922288 0.4784169285208886 0.36309624621672937
0.00023278136299684083 -0.1154314935510512 0.734806620075711 0.2553665992139733 -0.4299235225921064 -0.17202079153477737 -0.058441973246355056
0.00023278136299684083 0.18196231544877253 0.6275238855944648 0.1410093785585453 0.7285736174675448 0.22061250153873063 -0.12949505530327207
0.00023278136299684083 0.8262740858070032 0.3685968846963199 0.0386871226910127 -0.13503377592857832 -0.5472647588874503 0.10619907634818238
0.00023278136299684083 1.0267351778638418 1.1075319120423195 0.1539194503182702 0.21012837974539458 0.10397653808930304 0.06488992893107101
0.00023278136299684083 -0.901170234477523 0.012429594351317692 0.169077634971358 0.4002991774978338 0.17054732118560842 0.21105539400874526
0.00023278136299684083 1.464755506455304 0.2544458988040648 0.04378273375687761 -0.013765187604231075 0.4959071113508783 0.07610467618155442
0.00023278136299684083 0.3545382928413947 0.871816564405512 -0.08832679540304614 -0.3804849116997507 0.5182350953625676 0.1499825316256387
0.00023278136299684083 -0.09027376934730992 0.9376470824562086 0.12960975832464272 -0.040711432816374134 0.42995181901882085 0.2038972481447867
0.00023278136299684083 -0.030448583286689306 0.8931237159215302 -0.09915193520337078 -0.32636028278910595 -0.5242888222003104 -0.10623717383898378
0.00023278136299684083 1.3732953913205128 0.02323906383607518 0.2846095122159102 0.09103469060772289 -0.12563638683513004 0.20911808374768714
0.00023278136299684083 -0.013741187274537395 0.8456292749907285 0.14251655468052754 -0.3659554317086856 0.0007119933421537902 0.27058664258794896
0.00023278136299684083 -0.4554795536581693 -0.35417607678520546 0.05844361656147062 0.6272120909447572 1.3679284089124566 -0.1028389727555873
0.00023278136299684083 -0.6876267257273221 0.8552112104795218 0.46766427668360194 -0.12417730494351237 -0.5426697538720319 -0.025867888609590176
0.00023278136299684083 1.1283094128549378 0.2468866606316464 0.18474310558080584 -0.18131876239251227 -0.7875121883918709 -0.22879472351527494
0.00023278136299684083 -0.20374696074283033 -0.6939687428388212 -0.16062952473602818 1.2433576001773212 -0.1829793611885456 -0.015252011439413515
0.00023278136299684083 0.30754527934279663 -0.11683422599350564 -0.05405532663351137 1.2563000304809036 1.5443706026358455 0.24018344590096644
0.00023278136299684083 0.667937865160092 0.7723993711263396 0.16942584624503187 0.2855251826185659 -0.15862716377137592 -0.22649466464434712
0.00023278136299684083 0.48998555733745275 0.545380538909306 0.10008615584803714 -0.35139136354025274 0.9243957793831903 0.05467386257265804
0.00023278136299684083 0.45847430804639844 0.032706951575186 0.13374569995072386 -1.3044520268832973 -0.17339417895229026 -0.40470219831190646
0.00023278136299684083 0.965774734970254 0.3485379190638989 -0.07079707697996143 -0.08592023656114552 -0.45519210419552664 -0.05556682781151132
0.00023278136299684083 0.6765315770310447 0.752009752006941 -0.06297098658707155 0.3636803280659696 -0.515182180491347 0.1333895740124687
0.00023278136299684083 -0.0551975782157081 -0.23110646164873777 -0.03837825544213069 2.462837956158829 -0.4479165401401339 -0.015587367621452162
0.00023278136299684083 -1.158394625939296 0.21123451929793233 0.23515272241604615 -0.3732075747277598 -0.009634206422033262 0.10908056229123979
0.00023278136299684083 -0.42696094571026677 -0.8393565082275567 -0.07130656448261523 0.13871419935271415 0.88126835171409 -0.013037645933104258
0.00023278136299684083 0.07355277890137706 -0.5372156917680171 -0.03055199526995069 1.3997860368008836 0.5595992893176516 -0.1457225567937228
0.00023278136299684083 -1.0752524297912605 0.24733290200310667 0.09880844738026222 0.8193837916614437 -0.4785027484989133 -0.031335722354237074
0.00023278136299684083 -0.33132146127683887 0.7830255711157511 -0.03560938964023744 -0.2532872230687413 -0.4474390296051186 -0.141317251568175
0.00023278136299684083 0.512894840163525 -0.0538914851900801 -0.04210247402939103 -1.2670513482463068 0.5188657740603916 -0.0636592116001416
0.00023278136299684083 0.9894253564400927 0.7673816249082612 0.2663046308993943 -0.20125644103109455 -0.16107469649741013 -0.11659076673871185
0.00023278136299684083 1.610016631918534 1.7407058167291303 0.5798820330349505 0.2606888517065119 0.37377044057679404 0.10801685010697894
0.00023278136299684083 -0.4209244842291733 0.22959089336965235 0.034990320535080985 0.8375415005682981 -0.6376806893404096 -0.025971325875200242
0.00023278136299684083 0.2825764361963225 0.10515369996307816 0.216109690196909 0.32247058774642734 0.11894337080807327 0.2553026659829065
0.00023278136299684083 0.40150586691205964 0.5958609708798113 0.11181723959451244 -0.8469191300602354 0.5169159639511268 0.051817925082483916
