0 25 0
0.9311254519873633 -0.001316778835025794 -0.0015151478466219053 0.0002460037024854929 -0.0010227907104864357 0.0020929541988471394 -0.0004907919368908605
0.00023278136299684083 1.4634535050153208 -0.2548043378924148 0.1152849104369904 0.179777949382401 -0.11840428315384179 -0.016941893670322557
0.00023278136299684083 -0.08715680563217058 0.3734958478474525 0.04075379496712733 0.31217643858143856 -1.386818091696381 -0.1429098348978683
0.00023278136299684083 0.9023176725868036 0.5911070115002992 -0.22682721439878878 -0.4712446461795209 0.07897764940260657 0.06170945169532552
0.00023278136299684083 -0.049826088511131565 0.9018508870949035 -0.040321958118488675 0.5469240817352639 0.5695451791509448 -0.18669405495126853
0.00023278136299684083 -0.3314642035157076 -0.535716231235228 0.11773286295124621 0.6599175876376443 0.9366325560805215 0.3793104504907104
0.00023278136299684083 -0.045377807007781726 -0.023055166977111602 0.0034088399973679056 2.750350744106286 -5.004952383795964 1.9132249443476694
0.00023278136299684083 0.3625267728134963 0.6612141655150674 0.10646529984307906 -0.8913731241362322 -0.661536995619134 -0.03852457539444555
0.00023278136299684083 0.32536182147292186 0.7918174583861043 -0.19838306555906532 0.8929270965790169 0.5036097570638254 -0.3001537600341841
0.00023278136299684083 0.07185275603877952 1.2742023672243805 -0.4976632327703846 -0.24205103742925424 -0.6775040299048743 0.13710071190447262
0.00023278136299684083 0.4007948740999689 -0.855173711981022 0.18607781867315853 0.24439108471832602 -0.3203031014064135 -0.13816903833876504
0.00023278136299684083 -1.2359736858342736 -1.7279142538374652 0.15348424161404317 -0.03460336962991035 0.021180182517888443 -0.04002758021346857
0.00023278136299684083 0.47962088479592896 0.45979436658816175 -0.00811710201263619 -0.47233374530805594 -1.1156708045584869 0.1206938988138421
0.00023278136299684083 0.5611137866480498 1.1235603486305716 -0.31346385991721015 0.5281940621575045 0.12547880954047902 -0.19556873404680897
0.00023278136299684083 0.09455584392775684 -0.42418478098709633 0.016842052508302507 -1.5086292763222133 0.43607059053529773 0.4336493224742375
0.00023278136299684083 -0.0032061427335590407 0.4894097065246761 -0.18585707926487724 0.10998729970193455 -1.0379141862953702 0.1679860636805915
0.00023278136299684083 -1.7687335302224951 1.487398554321709 0.16367437982316235 0.23492970443823089 -0.3537306512705664 -0.023750982948203346
0.00023278136299684083 0.6616912988673551 0.17156273865951213 -0.25311485665011924 0.981530668628142 0.027874555249181292 -0.051180599926859756
0.00023278136299684083 0.595489685773262 0.9584245023542249 -0.026878914700818688 -0.03779742163027167 -0.16960885270488837 0.12261082969715291
0.00023278136299684083 -0.48583974489974285 0.6380066954940443 -0.1712163316725873 -0.6729079726627344 0.6401484628268903 -0.006660666983112907
0.00023278136299684083 0.786927969946628 0.00782430513110201 0.03619780077364377 0.3337088297668707 -0.24709169515547277 -0.38570951140430426
0.00023278136299684083 0.4075762124212998 -0.4513536330249115 0.2291800018345536 0.7726209335145722 -0.26975516412433387 -0.04030114989168506
0.00023278136299684083 0.7471842412907738 0.3223348077577659 -0.09399832608160291 0.6108961325104141 -0.535005273182038 0.07715121975484521
0.00023278136299684083 0.7339717022160837 0.08865308426956942 -0.05002093113479276 0.16417680439901217 -0.16503751985972856 0.010338585968332748
0.00023278136299684083 0.6802543205446481 -0.007863344877829682 -0.087253941083256 -0.9004059826131267 0.35199849497129465 0.10598465143756043
