0 30 0
0.9311254519873633 -0.0002217451591241737 -0.0015145917391751135 0.00027091023987196357 -0.00044985619241043974 0.0013253446712994071 0.0003088505560692191
0.00023278136299684083 -1.6768026033374142 -2.113379165581497 -0.19463114404230578 -0.009524977954094824 0.12253354282575397 -0.020652361308199092
0.00023278136299684083 -0.5643494805760387 0.4075310391723982 0.013106647406122565 -0.18613578872308678 -0.9274437189752646 0.031045535435678107
0.00023278136299684083 0.8763537777852015 0.632554632238213 -0.07533854508764479 -0.20161728644289542 0.03907840736549673 -0.1620924150074217
0.00023278136299684083 0.653763214405186 0.6434750430107724 -0.03960750946457711 0.06104310619932512 0.7428795838355914 0.08836716035749609
0.00023278136299684083 0.3194155793797046 0.6857950510206928 -0.10383706837126727 -0.7322199879117801 0.7614119069089428 -0.08706595036953674
0.00023278136299684083 -0.5150526585693578 0.8302258699470272 -0.04946531960889916 -0.6141766765223735 -0.5386779429025159 0.05662708261474051
0.00023278136299684083 0.27096398912234765 -0.03628553562333143 -0.1185421352508035 1.0103369833254854 -1.8553735534284705 -0.5456230283909297
0.00023278136299684083 -0.7253276046894316 0.6794460280712281 0.0687783505551206 -0.3170605530239715 -0.695215257654373 -0.047802432341472814
0.00023278136299684083 -0.44541731416927693 0.44106883242711664 -0.02288642231818468 -0.4578355194862924 -0.8786896762612768 -0.04505627462759593
0.00023278136299684083 0.5409113045642413 -0.4452220334349309 0.006612704938198166 -0.8851950690580874 -0.43773306395868855 -0.1031711813965444
0.00023278136299684083 0.18738854136400934 0.2686942245328805 -0.041398524689083845 1.8818610060746415 -0.556149495990278 -0.2748620068805412
0.00023278136299684083 0.17941041746678613 0.7151511538231432 0.05783293160806251 -0.6176124090373575 -0.9949841107970281 0.00958878594690778
0.00023278136299684083 1.3182022790323875 0.5457910153541301 0.016882375020875605 0.20602999941215225 -0.4841395733586831 -0.021115621692288283
0.00023278136299684083 0.9973417079450719 0.7782665993862832 -0.2390886791058127 0.4469036906867435 0.26439570871141665 -0.14064286810429102
0.00023278136299684083 0.46116242820713077 0.8370872381155159 0.09778495193873603 -0.45280251093161766 -0.438218642404864 0.06643253433299237
0.00023278136299684083 0.38927228099113664 -0.8310185228732255 -0.08200158091913844 -0.5521816216607731 -0.2695630941708066 -0.05421967591970528
0.00023278136299684083 0.004336733365575113 0.3861501928045631 -0.13353708214126928 -0.46685590919724834 -1.6807218000851996 0.11108043886432273
0.00023278136299684083 0.47761456025015514 0.5123221592332919 -0.0212280225498428 0.5459083856259278 0.9748901128629844 -0.10005731127953217
0.00023278136299684083 -0.8151618244693649 -1.0588634640379326 0.004585736619890832 0.26939166615862253 0.1802988758704109 -0.10666921658144779
0.00023278136299684083 -0.5180048380525057 -0.9669969758320207 -0.11507376743803577 -0.40905398647784386 -0.43159385338017336 0.024763244038333607
0.00023278136299684083 -0.1745501373610175 0.3152592237405961 -0.04750802071244245 1.6403010395653514 0.8470198796681553 -0.23426343168428052
0.00023278136299684083 -0.8686043405443208 0.01266732960520026 0.012924646256640953 0.8238042435614907 -0.6564818885727136 -0.05798341761866904
0.00023278136299684083 -0.3814435759933767 -0.12352449513926514 -0.08005524420149936 1.2675241780136386 1.3314413776801957 0.0914331084426451
0.00023278136299684083 0.24557218995432353 0.29505002773297007 -0.0734645810857895 -1.0525163048696067 -1.2678808252193023 0.30900377890486447
0.00023278136299684083 0.43738897873540816 0.5564134175677274 0.02252912255869262 1.025127586022866 -0.32941871334139855 0.08647993732843359
0.00023278136299684083 0.029674396891543487 0.8643089617483104 0.08577806881391523 -0.7123158750748646 0.5045236557541698 0.06267605027696999
0.00023278136299684083 0.41583550285084486 0.282235488339646 0.0017784867719813895 -0.10262817535466284 1.3174674734432636 -0.026688831689854538
0.00023278136299684083 0.1338511700351654 0.416299422918888 -0.04380140933824336 1.2940762931517946 0.48843843345039417 -0.1507324433862504
0.00023278136299684083 -0.3667640380877306 0.5278641984314951 0.00923007434874921 -0.9031507564297321 -0.4334724330733631 0.00579858745829988
