0 10 0
0.9311254519873633 -0.0021138146557760206 -0.00036139341925703176 -0.00018536241029154245 0.0008058850031105366 0.000383501320908789 0.00010622755361228314
0.00023278136299684083 5.518247815587977 -2.9113312722661204 1.061959267849867 0.22679914280254684 -0.1612764132163031 0.024742929239471616
0.00023278136299684083 0.8694969248079261 0.1480179466067204 -0.3630500422599046 0.05901930095521885 -0.15698913202763287 -0.3105266927850983
0.00023278136299684083 -1.3753674337079373 0.4541863030458898 -0.7956985384700869 0.17140545015593356 -0.06059351551754703 0.2718509363149492
0.00023278136299684083 0.45163843882010213 0.043057653441177964 -0.26289723560028555 -1.1856184568979837 -0.11692447753754966 0.6906924114161286
0.00023278136299684083 0.9252885521182942 1.5232746362927245 0.2629793547027261 -0.0769473905394849 0.1686722209285705 -0.20865709532513715
0.00023278136299684083 -0.21787169009091276 0.1730456047960389 -0.036292386975801005 -1.0193913835381696 -0.8584623442283242 -0.7994527960979633
0.00023278136299684083 0.11968240494822864 0.4177308505083728 0.3448822044009365 -1.1852597549456076 -0.7161780361417186 -0.3096874136270265
0.00023278136299684083 1.558371759495499 -0.3817839583667806 0.0397150203930373 0.3629489421532042 0.6235219220199083 -0.011323423742801443
0.00023278136299684083 0.6057718511165221 1.9793759129699007 0.4898519971256528 -0.5764958625878042 -0.25577550791456116 0.227450930158345
