0 25 0
0.9311254519873633 -0.0008408912325103046 -0.001012515819815295 5.8255061205865704e-05 0.000725603230356028 0.0003464193454190809 -6.789990520466141e-05
0.00023278136299684083 0.8419541565363758 -0.0891586578914464 0.012889581346939722 0.10907661233238032 -0.7539903856427954 0.09537037176171692
0.00023278136299684083 -0.10461879556112041 0.5353677488435712 -0.10422342304706274 -1.0207977310697252 -0.14845206041340675 -0.14478916102572487
0.00023278136299684083 0.8846304266817842 0.20106841999583422 0.008818453113374206 -0.4460406915507393 -0.5245911000104146 -0.061857097834746036
0.00023278136299684083 0.9857612607537459 0.48438666556712406 -0.0023969079546261904 0.3422251418638304 0.2212980928134117 0.19192433706336434
0.00023278136299684083 -0.6366414109372881 -0.8034204164251892 0.13407018739365936 0.3982247114153811 0.5802632656585365 0.20716797846776788
0.00023278136299684083 0.5466889440659667 0.35394640762365326 -0.023076514680636706 -0.8789521135533771 -0.8080079910796224 -0.12484521408692709
0.00023278136299684083 -0.43968876661269723 0.7487049091181757 -0.13228785302146884 -0.500734138013097 -0.7050044687302524 -0.00980478915617124
0.00023278136299684083 0.28814257699273854 0.2679638426578669 -0.022797131697431854 1.4255323100904762 -0.6652212946336564 0.06660483785281153
0.00023278136299684083 0.3867852020921142 0.9960866239403221 -0.08989134346999728 -0.5045855282237948 0.4936155084106416 -0.00032481259415856095
0.00023278136299684083 0.38917663042746664 -0.7921475280053389 0.10108205806917349 -0.14463255126678293 -0.7774801406912859 -0.0762224781268632
0.00023278136299684083 -0.9006469580588788 -1.293148923349199 0.005593992300978979 0.002409544881202803 0.19281819984847345 -0.028259532671155208
0.00023278136299684083 -0.03613893263108594 0.7695321398210461 -0.018636739221453986 -0.7923967634567365 -0.2309252940784688 0.04607829623485608
0.00023278136299684083 0.712400012519127 1.4131584448668697 -0.13551401705330318 0.6597991410394837 0.46102428307470655 -0.06924696420413824
0.00023278136299684083 0.5969334314618293 1.1142139803734776 0.08309519701845502 0.21144216874186758 -0.008029676952569845 0.12755865280309267
0.00023278136299684083 0.48781958110017004 0.004502680846916785 -0.03889386573790154 0.15047056032505846 1.2823580506683234 -0.11722428367597586
0.00023278136299684083 -0.26592516570143565 -0.32715814360883705 0.01052723867411626 1.5146526197692882 0.42896822642987015 0.10220826797128356
0.00023278136299684083 0.33771327329438755 -0.9783041358734667 -0.044003269174849355 -0.47572073486514105 -0.47408502737312946 0.09178594390718703
0.00023278136299684083 -0.5212450849500914 1.6678142381769103 -0.04188105390379535 -0.4450493011309879 -0.3400245444325723 -0.010747144928421971
0.00023278136299684083 -1.022550879645433 -0.029402751499750097 -0.015194514889516132 -0.03359733746946977 -0.47120463828203357 0.145181251911589
0.00023278136299684083 -0.3611715652720847 -0.1980618063523869 0.11374604583168826 -0.4461412822690915 1.680112605789252 0.14757609540952601
0.00023278136299684083 0.3826373358157868 -0.4378165840830404 0.029184401119955516 -0.4686995424060569 -0.9972510215975259 -0.013105213809090787
0.00023278136299684083 0.2835034359582989 0.33424860267935425 -0.06179869938049118 -0.9735065180446357 -1.3111945542989836 -0.05665227273482393
0.00023278136299684083 -0.1683823105366941 -0.10901201500216695 0.007229473376741569 -1.0394751345856628 2.3605704824666445 -0.3080994088301867
0.00023278136299684083 0.6964285322480006 0.2166995368405401 -0.008661539836007984 0.4540836360222196 -0.8712438986194624 0.07132196111383436
