0 15 0
0.9311254519873633 -0.00036241029608373297 0.00019261041937965003 -5.980173245966259e-05 0.00010861422076741676 0.0009445420776987952 0.00019693731274724615
0.00023278136299684083 -0.8649986683781498 -1.4489293590892858 0.07019987831805898 0.018035461187065668 0.3113673316874175 -0.0067280246701678995
0.00023278136299684083 -0.14727448170671548 0.40707071611949347 0.0938045330169744 1.3034806779169903 0.6883665154154008 -0.007741660999033802
0.00023278136299684083 0.5128549267317174 0.5104015655417379 0.0407591562833126 0.18393611982155303 0.8921563333358247 -0.05058090091897786
0.00023278136299684083 0.9727372262185625 0.015158842976220091 0.031938701246440646 0.06254033877520868 -0.6945656815916066 -0.017239459249262217
0.00023278136299684083 -0.339598163295702 1.307910941370683 -0.061438920146139504 -0.6187549876856302 -0.06622153246162907 -0.04370504778967892
0.00023278136299684083 0.6574105884762871 0.04933658189530888 -0.121471566539135 0.8771132291737755 0.6802530272877505 0.006709726446942973
0.00023278136299684083 -1.3850954219253053 -1.1487084856309513 0.1209719338561361 0.46021189376068455 0.14124889641986457 -0.008757529152756875
0.00023278136299684083 0.014097422562770447 -0.634894907100501 0.034700206332041114 -0.9771797349140475 0.210085642983589 0.20269428169203543
0.00023278136299684083 0.6385538627654567 0.01191880286407777 -0.12387113021931938 0.2815883152911419 -1.0099878228339654 0.012995478253539675
0.00023278136299684083 0.5313622665612197 0.04469687957247129 0.06550709046786286 0.6194405971175945 -1.024779605390293 0.16526115842528252
0.00023278136299684083 0.2946633719603391 -0.5089561403427676 -0.018292882845617003 -1.405941498689538 -0.005454313042452396 0.03184720965845981
0.00023278136299684083 0.06805793725317667 -0.40408249439271937 0.028191185976991846 -0.6067457841182504 -1.2768930150999627 -0.011058382058226271
0.00023278136299684083 0.49943422359098144 0.87872378952165 0.021788084327761834 -0.6639409272971334 0.07450470935130812 -0.05202750348225267
0.00023278136299684083 -0.0025639064801088788 0.14991158917619624 0.05642065976327701 0.031759416590917446 -2.6982487968564315 -1.0094185971448884
