0 15 0
0.9311254519873633 -0.0005507726201975373 0.00038216097179727805 -0.00030330288854989466 -0.0008599694396710525 0.0004587149884593324 -0.00011279997723597663
0.00023278136299684083 -0.36756848536672765 -2.3071187329182723 0.11865570765607673 -0.13739753087513704 -0.4498088393288626 0.04406355667169985
0.00023278136299684083 0.38151202352597485 -0.7883250022907874 0.1424377818959436 0.356750562748096 -0.16099309682686963 -0.3120247285793211
0.00023278136299684083 -0.6732429704234673 0.7301968297807855 0.02076529005319066 0.7616504973425378 0.26753342453623746 0.1030634839295072
0.00023278136299684083 -0.0012434604342833441 -0.2618186758695663 -0.16267032882946494 -0.009567333770762796 0.15352365321519265 0.09818563271122366
0.00023278136299684083 0.5252661537622896 0.5758041717404848 -0.0941355418899829 0.8653379720815672 0.37291023827482966 -0.01905701147823503
0.00023278136299684083 0.8192971450777589 -0.6314741303424871 -0.06838800534327615 0.4347978880742107 0.706338285063898 -0.008907705805817045
0.00023278136299684083 -2.3197630202938546 1.0641846525593344 0.7955824463949903 -0.0036970329493668363 -0.14045187976596668 -0.011563721196354565
0.00023278136299684083 0.2102327871903523 -0.42194151985529904 0.134660798812998 -0.22540136524162116 1.31456141282988 0.36713667480993556
0.00023278136299684083 0.7893507432541892 -0.3763163330839953 0.06992102540611225 -0.7398062137194781 -0.22608945510237294 0.12029493132052908
0.00023278136299684083 0.13980279901196008 0.022975112234917952 0.008734039751316565 3.3170423634766064 -0.34363038125768747 0.027846777356638854
0.00023278136299684083 0.36254459634080416 -0.20792365742627608 -0.06269070673135092 -1.3783155282635426 -1.285574917764477 -0.04193525059529661
0.00023278136299684083 1.1086452123998016 0.6970004086125068 0.32935826388263856 0.2951419271806289 -0.2728225874673622 -0.12993364619637127
0.00023278136299684083 0.8764598453100518 0.23999173100546262 0.07005502844054828 -0.6997126729572413 -0.18871338089499456 -0.012801517969901735
0.00023278136299684083 0.35179711143077436 0.13612125865986469 -0.08907424530018833 0.6030542255577117 -1.581642429348772 0.22683243396567004
