0 30 0
0.9311254519873633 -0.0016725662235453013 -0.0021085658968622166 0.0009473780857769682 -4.255034458214414e-05 -0.0008078186225597645 7.124241205832799e-05
0.00023278136299684083 -1.3172045436079676 -0.938683785642337 0.009916708329135911 -0.34447033709454644 -0.19731023717741958 -0.02614441877818412
0.00023278136299684083 0.2666441119784669 0.6309052366308516 0.05923658774337552 0.3898096512940263 1.0549311598453213 0.014046825625208186
0.00023278136299684083 0.8817939832668211 0.29791057253981906 -0.2007795489475217 0.5236704999665583 0.32661920845436954 -0.12590839484880775
0.00023278136299684083 0.011943008554026701 0.5533478217577229 -0.35425465634699627 -1.0771354923194272 -0.45127325567446114 0.20625394404783182
0.00023278136299684083 -0.4722090475888062 0.7278687151549462 -0.18870871501537284 0.44041451029761447 0.3192820789988961 0.12870278715129618
0.00023278136299684083 0.3730882890377301 1.920513434017783 -0.8459195393084744 -0.125801731024947 -0.31948136898153784 0.021086415140749014
0.00023278136299684083 0.39815494685780844 -0.5977082054967212 -0.07844800641396844 -0.4758829324458745 0.43182436532608076 -0.1535221381572116
0.00023278136299684083 -0.5027892561882961 0.2732279062129208 0.050827019619854724 -0.44700046321598136 1.0960628262426841 -0.3358452968986426
0.00023278136299684083 -0.2730561294316148 0.7000457033627362 -0.1421346060811475 0.5491520601593091 -0.4692447869639161 0.370617157557922
0.00023278136299684083 0.5691210612190538 0.7038906196293753 -0.21888532262250104 0.5784452023753477 0.28723578124947985 -0.0583040203506962
0.00023278136299684083 0.8284090815608023 -0.5989501355192067 -0.011675791862216752 0.6744546004677338 -0.1268649878261232 -0.10606391804233359
0.00023278136299684083 0.6787228682575392 1.179259928701396 0.043257120569766626 -0.09129525093174425 -0.23061738513942667 -0.013914068681221239
0.00023278136299684083 0.4319185397868101 1.5069177421770434 -0.26764310128191976 0.40834662273514866 -0.13333456175567718 -0.12203787560931961
0.00023278136299684083 1.0932971434429124 0.009316482572871031 -0.07097089716247428 0.06362948029210737 0.6419336076146441 -0.02656654722742774
0.00023278136299684083 0.6152691345371173 1.0733387750700978 -0.33729627048874783 0.006998858373753256 0.30513500926445297 -0.15232028846322143
0.00023278136299684083 0.8132149595834323 -0.1003614699366652 -0.05963904716408305 -0.41647578987520506 0.4336738668215856 -0.02012937366962929
0.00023278136299684083 0.11027633849067271 0.3202277929820029 -0.33830006493418047 -0.5655650253355438 -1.3829602726016452 0.5008546570068017
0.00023278136299684083 -0.16004007208678936 -0.5985503268394945 0.10239775581085411 1.19827979970766 -0.7583112729722141 0.1411149081264268
0.00023278136299684083 -0.07254201124860868 0.18737901008689203 0.041136367482011195 -2.46452776614941 1.1493626133834502 0.3292413833635874
0.00023278136299684083 -0.01927100814382683 -1.2668569784117965 0.007709648699473169 -0.15306109935774848 0.4506381391992505 -0.009588304801569159
0.00023278136299684083 0.653189104090477 0.0702906053662709 -0.11709783443161569 -0.7283725711753859 0.6778361741053243 0.02816822063044456
0.00023278136299684083 -0.41983273226018664 0.6063109193531997 -0.1191494640191475 0.612146711345748 0.19542549316846616 -0.6347457903815544
0.00023278136299684083 0.008537732403534413 -1.7213993652842017 -0.11271146654705282 -0.1632491183078443 0.180281832538573 -0.09836575101496561
0.00023278136299684083 0.34828243765089667 0.33502393672295167 -0.19026459628936288 0.6147612530932468 1.1452158538848736 -0.25275113924689036
0.00023278136299684083 0.43865809059036576 0.06687233869577187 0.06748467364581387 1.20811455201352 0.4448956152837595 -0.1206479840976886
0.00023278136299684083 0.07633347911670409 0.9070305477538172 -0.236305327136653 0.5535916434924881 -0.30731460116025644 -0.0891300037887181
0.00023278136299684083 0.005593091280578094 0.45005138229329256 -0.023840795455600364 -0.029655976400016083 -1.432779935709389 0.08111146341437445
0.00023278136299684083 1.0067101459003764 0.22619502884063358 -0.16070539084020571 -0.4401656730702212 0.36677062841225 0.14577778689199156
0.00023278136299684083 0.3180521471320793 1.5108493546512358 -0.09674778265890097 -0.1289548405817833 -0.46635709759234834 0.09404011686813595
