0 15 0
0.9311254519873633 -0.0008390219946302009 0.0006344442444349967 -2.248271467336459e-05 3.7654741527028456e-05 -0.00011716081227227345 0.0030323039840797553
0.00023278136299684083 -0.27765221374234816 -1.2360012853622948 0.325354427787621 0.35451936888864066 0.5451460393119 -0.2794647791964362
0.00023278136299684083 0.10256720280164407 -0.02012944242862683 -0.21583411898871485 -0.5728597978064163 2.0107017414580826 1.020221821352818
0.00023278136299684083 -0.38455987427264604 0.842975656008757 0.1362953481396041 0.6955312538113722 0.12083591375267688 -0.11118840267951223
0.00023278136299684083 0.08010242111799663 -0.6155228589296529 -0.007646569420875956 -0.7856895250892009 0.16199703739919344 0.3471941564987971
0.00023278136299684083 1.2197882385727843 -0.6151685334094471 0.03802884921961618 0.451615962584207 0.17263093488502124 -0.030719633464164463
0.00023278136299684083 0.7990441433935399 -0.32861401401052753 -0.04397699887065768 -0.3092149238270876 0.4103179712532337 0.15577213212826943
0.00023278136299684083 0.15431898711837977 -0.03951720618811251 -0.000866617587952131 1.3819089399874536 2.92558339595339 0.18242907035701128
0.00023278136299684083 0.17986493352996605 0.6438761858536347 0.08326842129724919 1.1866803375805146 0.09893450573832377 -0.2113766654806926
0.00023278136299684083 -0.1832213434130722 0.16568713731837095 0.04129310439652113 2.026310862945459 0.9636259814739375 -0.3893734857769784
0.00023278136299684083 -0.338381116711061 0.0337020574725838 0.038405604079278045 1.0291439250562486 1.6193246738358271 -0.2441195208606207
0.00023278136299684083 1.2021164479123487 -0.22466517856319482 -0.19964866670397413 0.3421113940928515 -0.5451751186614495 0.01004094799757328
0.00023278136299684083 -0.3119976697037299 -0.7596511839512158 0.09816467154540072 -0.8629051875832711 0.6170023755469374 -0.04278083078726228
0.00023278136299684083 1.1153906483734926 -0.3844330126209037 -0.20194884624021148 -0.538829657318648 0.4257441803851708 -0.0071046892495200175
0.00023278136299684083 -0.0012928264585793908 -0.0003152989311616332 -0.0009577499594429774 -4.548941919430235 -9.05802638324315 -12.528746057158296
