0 25 0
0.9311254519873633 0.0009620795293573558 -0.00032736984997329876 -0.0006262578292166235 0.0008776137247705175 0.0011261488032480492 -0.00046347578148475286
0.00023278136299684083 -0.01589039292582657 -0.4001762748661631 0.10844903403313635 -1.4599107288589228 0.4440078300506544 0.39495089017424384
0.00023278136299684083 -0.45171933338743125 -0.890629212767685 0.13201845620996247 0.25974136862025954 0.17477925267422356 -0.3577678518297791
0.00023278136299684083 0.567310118684831 0.3470941247131956 0.7891021720357058 -0.5125675627342745 0.0796583605932432 0.23860842787519354
0.00023278136299684083 -0.7919409189549915 -0.23921223465117614 0.3653668091027955 -0.8698777731206717 -0.2935375105238841 0.0799898207957153
0.00023278136299684083 -0.10786727250098768 -0.31882629992853817 0.42052480348477594 0.9180344568591017 -1.1732356711270415 0.09899250645890315
0.00023278136299684083 0.13618699928513286 -0.6894723047679377 0.10127113861454938 0.25105809137671015 -0.2929205745847842 0.37830483400450465
0.00023278136299684083 0.06011782069997667 0.14046221167048917 -0.14685976691051109 -2.4853044313615658 1.0668661225498453 -0.4899206095552937
0.00023278136299684083 0.045118769157193 3.6935727985546203 0.3264022280305856 0.07184158601984315 0.04568478188463865 -0.05296896808959547
0.00023278136299684083 1.2354352391179197 -0.5638019855465602 -0.1008014662053304 -0.630232121040224 -0.3569728855383236 0.3215433825282196
0.00023278136299684083 -0.5362123348179826 0.10571343604658769 -0.42215357077982696 -0.031018769731111378 -0.0774127046336712 0.7454719570898451
0.00023278136299684083 -0.5609184087964205 0.43445842541768503 0.08666025343010292 -0.13120228279039492 -1.2374694082988098 0.4731096406658795
0.00023278136299684083 -0.06297887335346934 0.17869151167661543 -0.07835218807390376 2.5690171036551686 -0.6259040993912912 -0.925927964721799
0.00023278136299684083 -2.029206703066272 0.1521422340219396 0.5924403396240069 0.33886847161560946 0.2675901462522298 -0.25251347706072347
0.00023278136299684083 -0.2487186632830797 -0.19035303865461464 0.19534955062733947 -1.3520664639393172 0.6829195053029806 0.40000536419195293
0.00023278136299684083 -0.1041076421989081 0.37452461069979626 0.17522457395902657 1.0808772359811125 0.3021629021760716 -0.8831226623390255
0.00023278136299684083 -0.9463432394259741 0.9074205443655301 -0.6313724935729146 -0.5652634722352275 0.3542772227613822 0.02815882848348768
0.00023278136299684083 0.39279994091428333 -0.34232710756311185 -0.0046816994945597865 0.3245464399600902 0.1954447081540408 -1.544205759954874
0.00023278136299684083 -0.2312891767902569 -0.3984928039003458 -0.2265157599023812 0.493204506271341 0.851373749343507 0.4793272914471191
0.00023278136299684083 -0.11764416829009462 -0.054758970331180296 0.08707338899582294 -2.1786392191058255 -1.4783430816110632 1.5202519769840093
0.00023278136299684083 -0.4733659485981615 -0.49343471290641505 0.45076434427132184 -0.6098908101482251 0.055880663747249947 0.3542739675177416
0.00023278136299684083 0.2784991680642074 -0.2784972993000441 0.13537407717267635 0.9504642589430347 -1.447297572682155 0.37644941494074574
0.00023278136299684083 0.4320653990566118 -0.42081858805718525 0.13025167830645198 0.47328304173581803 1.0429501554034597 0.0927439946428501
0.00023278136299684083 0.1243383041935803 0.0061558187690639015 -0.10794332209000065 0.2903443709646471 -3.1496344528323204 -0.07135531878449297
0.00023278136299684083 -0.44198680021526066 0.2500445171791637 0.12743873599769825 -0.7057621960190491 0.06453734733761403 0.4495034404741837
