0 15 0
0.9311254519873633 -0.00040370868317303953 0.00021290710944756966 5.855280089773321e-05 -0.00037011991881593807 0.00040484608025126846 0.0005411520078110764
0.00023278136299684083 -0.18292162198015763 -0.1856195117711803 0.16504718776555813 1.2839561921246683 1.3015978460765008 -1.1478905661678915
0.00023278136299684083 0.3583249795808345 -0.008758537959719507 0.017616940035372126 0.3809023305846788 -1.667894460108203 -0.09611355853421144
0.00023278136299684083 0.6266259215811282 -0.2536832926791689 0.037535519156042405 0.9268108534157773 0.7502224778622338 0.06389471623849928
0.00023278136299684083 -0.3591099608067588 -0.25921217644852856 0.04070721739357784 -0.276740545882646 1.403243937983009 -0.36474764494917233
0.00023278136299684083 -0.2727906154277996 0.6068941291254282 -0.08967964770898107 -0.589183549102443 -1.005839984496006 0.15203230610425836
0.00023278136299684083 0.8550005714381931 0.5834819255112702 -0.057245780761682845 0.18017353802285124 0.3801563300658697 -0.09470122216399712
0.00023278136299684083 -2.2635963125733087 -0.9720433058500052 0.09668146230187032 -0.13768984014207505 -0.20685834777987672 0.026393331464439666
0.00023278136299684083 0.4394514910111811 -0.5376866645581851 -0.023529780352337777 -0.6288379598465156 -0.37550944875480785 0.18519501805443644
0.00023278136299684083 0.7727971780569961 -0.35430801685242097 -0.25271599255941257 -0.7460907465089834 -0.5021725386708434 0.11720739114241661
0.00023278136299684083 0.48727999728357124 -0.2677198034818678 0.005799551067749114 -0.003052655107080007 -1.1443458842739564 -0.18072022214281278
0.00023278136299684083 -0.23794047328399015 0.25004261785817056 -0.03384025774908996 1.5278400679375228 1.063106510386777 -0.25913464763572563
0.00023278136299684083 1.2032524664093045 -0.4045018556402784 -0.1618007669877541 -0.2613185521727966 -0.3664723266267452 -0.027784056573800904
0.00023278136299684083 -0.1689757808411111 0.21918442695358886 0.1272645885736302 -0.671722918163148 -1.9678054964670415 -0.39594041851941414
0.00023278136299684083 0.3574368922444373 0.7323016280031134 -0.10605144376547207 0.4954334601039462 0.7191870637980234 -0.14229845756132975
