0 15 0
0.9311254519873633 7.241925202177576e-05 0.0009142850425462087 3.601327997110919e-05 -0.0005114715186586239 -0.0020230811437976746 -0.00024629981158030834
0.00023278136299684083 -1.0751892809576449 -2.6243714968390046 0.26444511227439066 -0.03056812310764273 -0.10189055344333649 0.020751102831629203
0.00023278136299684083 -0.27060453220685005 -0.2605513355888337 -0.019200509848617615 0.2246808094001859 1.7095105072840666 0.048637038854065215
0.00023278136299684083 0.71058372627844 -0.28328272431990204 0.11593684472797175 0.10731057489444353 0.21195098497712547 0.26994800446694284
0.00023278136299684083 -0.14966454654770137 -0.3556451561540993 -0.027535215642837653 0.5553032715216503 1.33546010981065 0.10578124153631424
0.00023278136299684083 0.46795353404742707 0.36113125531721113 0.22042627420579436 0.9770260369530948 0.7030780377818143 0.0910162417498126
0.00023278136299684083 0.9898813658228529 0.3269370794149921 0.04152245374413923 -0.12765321380182587 0.19217245054431117 0.16115930468079714
0.00023278136299684083 -2.961946267964187 -0.955190690509068 -0.449762931055087 0.1390792147252711 -0.11887270451554165 0.06731691952767554
0.00023278136299684083 -0.27402919270867715 -1.0164784462609242 0.12004888867581814 -0.4619853298985131 0.5011916369980048 -0.038379784750521125
0.00023278136299684083 0.9929277379816546 0.5057302343357423 -0.020595653381798522 0.7491628564634492 -0.27233220931821817 -0.12975234295491483
0.00023278136299684083 -0.1591325722968337 8.620442314659753e-05 -0.016620571677109727 -0.42562417749493725 3.1735472003269165 0.2821922769719545
0.00023278136299684083 -0.03874800673101802 -0.6862732421402035 -0.1590472810587935 -0.1934483842702808 0.5917539701918636 0.0676229239094157
0.00023278136299684083 0.5448826171432902 -0.16026784196098354 -0.037247976909062425 0.32290594160161407 -1.114396400226927 0.005611329221948101
0.00023278136299684083 1.3262388072889553 0.8528127026956436 -0.08964984143587323 -0.24344410459004534 0.31868562516723664 0.0027433191536902087
0.00023278136299684083 -0.3928303972365574 0.6382232873988692 -0.08677271250337078 0.45314070223803343 0.9624659196127312 0.030551671122424136
