0 10 0
0.9311254519873633 0.00034005286400622163 0.00027204980089695396 0.00012142198293697343 -0.00015420565655040698 0.001049575877152134 -0.0002982437089240739
0.00023278136299684083 1.4349106661893227 0.14490453689488839 -0.4880751857687633 0.47462313117308924 -0.3312592259209514 0.0018932934054801767
0.00023278136299684083 0.1234932937292858 0.21215864523167854 -0.08789547956712268 -0.9553298005631109 -1.624501955301696 0.6708838675777471
0.00023278136299684083 -0.11238434735634167 -0.2226053495831269 0.2523586142884166 1.7956363994521367 0.5296775532785184 -0.5268672105682236
0.00023278136299684083 -0.8862235185749754 -0.10209808824026546 -0.43739225436391577 0.3435747153779148 0.0047051216368175705 0.12708695128769432
0.00023278136299684083 0.005188035466904471 0.19852428643301828 0.11083282433089825 -1.4614384791972312 -2.013903059579069 0.8490414915121025
0.00023278136299684083 0.8624662539410434 -1.2524505397876033 0.29402626083751277 0.6866444002298964 0.021929704802199905 0.2866098956724
0.00023278136299684083 -1.194005481387558 -0.9379622807952631 0.21464922297768554 0.11869825497691582 -0.4307115322110176 0.09436026846833362
0.00023278136299684083 -1.104830116669385 -0.6939042201656578 0.31576609859953003 0.04779250467477901 -0.2783212352670529 -0.2423480211678866
0.00023278136299684083 -0.4888262413588013 1.5652338064309694 -0.659958033082057 -0.4333784999227644 -0.07591888004628469 -0.06768570049135211
