0 35 0
0.9311254519873633 -0.0014616424816031109 -0.0017256753994224238 0.00044563989109361633 -0.00042331922919167905 0.001599292507041752 0.001729339399179291
0.00023278136299684083 -0.07572785976043345 1.2697437844864252 0.15963493912064938 0.0035558220416225467 0.6836732646058781 0.296904201846974
0.00023278136299684083 0.09737190559685184 0.22098073757109007 0.43084408964383997 -0.13042447192908257 -0.29707657196660325 -0.5653232104787728
0.00023278136299684083 0.6387648731496275 0.5851199587624233 0.21991127226707607 -0.5970616806545112 0.5123822016050389 0.3199678175712704
0.00023278136299684083 1.0164294139277732 0.36506209195471057 -0.2783764962518495 -0.03541750758822077 -0.350888480111673 -0.3826393264337067
0.00023278136299684083 1.6684624162477377 0.9031787943081893 0.2260672633681008 -0.8209414322338296 0.038570902074673896 0.2065098754423524
0.00023278136299684083 0.09414123328988412 0.04244786287660298 -0.18559632486403888 1.0701814927385345 0.5459719635229007 -2.2254411621369075
0.00023278136299684083 -0.3974775497113924 -0.3572368813446574 -0.1530614497524801 1.1335129622805462 -0.9339887911425695 0.42206442538384065
0.00023278136299684083 0.4466906345602986 0.525562345274388 -0.05638990682714384 -0.40750384244885346 -0.29771699875275653 0.04499247549506059
0.00023278136299684083 0.11765064682948853 -1.723823526580608 -0.14610485448358845 0.6018234577880794 -0.39519314405904676 0.0003822910510246017
0.00023278136299684083 0.09434983932654413 -0.17910347473509994 -0.49846677916490656 0.973196018585021 0.5987555358971175 -0.8071887828671038
0.00023278136299684083 -0.13609297100749398 -0.6842572897759132 -0.5616383393109097 -0.5873930759161052 -0.3858396022957566 -0.264604168020618
0.00023278136299684083 0.7386751490598951 0.25575549805823666 0.15689331508244803 0.8388897459992061 0.7273044507321893 0.07610535228636757
0.00023278136299684083 -0.7531536973857226 -0.18342442747877122 -0.5015559784818664 -0.5689617908398859 -0.5170528724548004 -0.726194549534343
0.00023278136299684083 0.803751693469383 0.5035601382970276 -0.184687408719182 -0.915250089388254 -0.4419992502618046 0.18047207807067825
0.00023278136299684083 -0.39022520033479924 1.5927856511100267 -0.18098575704052858 0.04664979492360897 0.21243463598993798 0.31052276349542685
0.00023278136299684083 -0.1869377755679523 0.030773156451919637 0.05281079757229511 1.2791394733840755 -2.360216423683726 -0.6675671573330045
0.00023278136299684083 0.01864038234393882 0.06995521114529514 0.443104450180151 0.24638630922859803 1.1296923727950539 1.0398306168804543
0.00023278136299684083 -0.3357325003838175 0.33210638191227687 -0.09745234847689838 0.39445526624365596 -1.2603468020428252 -0.3414601574115976
0.00023278136299684083 0.5690202831601815 0.7814363650076079 0.31522305661520533 0.28767554334682993 -0.08196718690338604 -0.39551815716944877
0.00023278136299684083 -0.25363420210907583 0.4422089607941973 0.4454168892407277 -0.7385562703599557 -0.8439747823457909 -0.19439474766987336
0.00023278136299684083 -0.26013597401707844 0.2506005137255238 0.1680988313308497 -0.7908593388643367 -1.654088708535613 -0.37346178462941865
0.00023278136299684083 0.9154306429831465 0.2441963359355396 -0.0973075100484114 0.4053903572262508 0.33505386405326115 -0.2827610186791218
0.00023278136299684083 -0.2418190886343383 0.6318133434084915 0.3546044431495999 0.583833644025713 -0.15330687222405595 -0.17555414684563886
0.00023278136299684083 -0.13528766557541205 -0.30325705095986727 -1.1840966880615749 0.31390504604549324 0.1982354329885586 0.05924211438551237
0.00023278136299684083 0.14870564059664756 0.10198421790954763 -0.024992164489467433 -0.9129869815986074 -0.4872482906689249 -2.868651217931488
0.00023278136299684083 -0.36048214878578977 0.3693158463061734 0.18610147615208023 0.6220459546396682 0.4509196946141053 0.6739601261911989
0.00023278136299684083 0.5620753629622045 0.5135650289600829 -0.2308963431895759 0.3135525816892422 0.04045591369483217 -0.4231894293074569
0.00023278136299684083 -0.11787658878673545 0.630426561565055 0.06048491196135917 -0.728079708361041 -1.1591780721664613 0.1657438095643335
0.00023278136299684083 0.6118446727656316 -0.6145029509135036 -0.16857142247730356 -0.5374179804078267 -0.5538109624805594 0.3084120270313185
0.00023278136299684083 0.5186258078490297 0.03978596846103227 0.1513740388352085 1.0767303892678375 0.34700175793163446 -0.058596058282965255
0.00023278136299684083 -0.38504308613586624 -0.4596219772617913 -0.07824020289332158 -1.4045061136523087 0.3595698459365133 0.22443198307258938
0.00023278136299684083 0.2216610035085107 0.7427989020571497 -0.03892358670869297 0.3502781762214529 0.006646850569879113 0.1636469500311685
0.00023278136299684083 0.2591254575677926 0.398932332225966 0.04872271820235943 -0.6450370651944508 -1.0923055757329043 -0.189763965777163
0.00023278136299684083 0.3347791754111295 -0.43616681182260425 -0.534508495854806 0.9724722305285558 0.6823606726506801 -0.4682374640081081
