0 25 0
0.9311254519873633 -0.0027845992033285806 -0.0013952727941920933 0.0002267760025825016 0.0007315035508963575 -0.0003509914905838458 0.0004102619117957257
0.00023278136299684083 0.8580081508755087 -9.551473445081011e-05 -0.32987468933673636 -0.7410599160419323 -0.2471888781403955 -0.0029441556184265655
0.00023278136299684083 0.3854580435667624 0.13452444752325754 0.05266508404740037 -0.4679798409667712 -1.541414476711033 0.16837801570555508
0.00023278136299684083 0.6501177658068944 0.3631166974448907 0.05790379924939181 -0.07353207313771201 0.41878139895882766 -0.2273987150928092
0.00023278136299684083 1.1662943018285814 1.157855532357385 -0.4639176153538906 0.1406564992582889 0.010333228172531036 0.08381733283299965
0.00023278136299684083 -0.3800194798921587 -0.33349995129469706 -0.7046161889299916 -0.4602492839735425 -0.6035708606937784 -0.3570454742278141
0.00023278136299684083 0.47208720747662114 0.6593506883346507 0.05198021630809642 -0.9112010235714993 -0.23244206693897568 0.0604363898140798
0.00023278136299684083 1.1883370659718562 1.3567479843882224 -0.4341994902843256 0.055391306955474603 0.18624036178301628 -0.08653004344505075
0.00023278136299684083 2.557852332031128 -0.034593272666134024 0.6848118379852385 -0.43427723570384585 -0.10632985882082087 -0.054961480477796705
0.00023278136299684083 0.528642202729796 0.8027669843274886 0.05545215885257576 -0.1939391157520318 -0.714684072677154 0.17823323834655044
0.00023278136299684083 0.42050987811968427 -0.5435848725662314 0.12013334246393999 -0.1938533568341462 0.876590871951176 0.15842660747423892
0.00023278136299684083 -0.6554402257405314 -1.2332387862900376 0.3378256216193352 0.12411139005704228 0.3058748028411937 -0.17419405117425818
0.00023278136299684083 0.0975232379357024 0.7182602146614842 -0.2775263019158955 -0.1421440219839531 -0.4246830275027873 -0.04223631536759076
0.00023278136299684083 0.020999929684028515 0.16175965753869087 -0.009455608349301349 1.3933601489099872 2.8473409099388123 -0.46851965302466597
0.00023278136299684083 0.8087765417757369 0.10474242458314037 -0.15976696326788795 -0.08803890873873747 -0.9986031299313087 0.33141365813573004
0.00023278136299684083 0.0822005797867956 0.2443874519527041 -0.13829343917211567 0.42942004231610653 1.7300429414753753 -0.34434468488602704
0.00023278136299684083 -0.553059740701093 0.03929589792097732 0.029760221390296188 0.8714250044592502 -0.06849580838778715 -0.043990179939522846
0.00023278136299684083 0.994699201261105 -0.8169325952689371 0.15636597995235696 0.12376057738786414 0.031390214964117445 -0.10756023717799434
0.00023278136299684083 0.5949702959957807 1.0116526412778504 -0.4164934251203063 -0.49880728562867327 -0.7698880027103598 0.006508960030249353
0.00023278136299684083 -0.6324845794453366 0.2507467836284988 -0.11370279579949889 -0.7373433782752665 0.5693459062595747 -0.06452508949628415
0.00023278136299684083 0.48835791724088967 0.1807876177784332 0.4339529597577549 -1.0596980180198003 -0.21414354796663146 -0.3318572606984477
0.00023278136299684083 0.6061389650764993 -0.09025963530843707 -0.05679051534176011 -1.0190588224197918 0.2521351649255567 0.0689983412109543
0.00023278136299684083 -0.018574133954990538 0.9135018469106021 0.055731084569036145 0.6048753956876997 0.5087189281704907 -0.11380824851872764
0.00023278136299684083 0.9530539794176863 0.6035901099310724 0.043269197725210304 0.21213125094400798 -0.11220453251578506 -0.174327025877214
0.00023278136299684083 0.5039473764674064 -0.0697911756618302 0.11768151862107336 0.14003646148654858 -0.2991805041084733 -0.10301757571063055
