0 20 0
0.9311254519873633 -0.0012926161251852236 -0.002319289580019702 0.00012579236652981814 -0.0016125948414244728 -0.0002319805511023798 -0.000352129080553379
0.00023278136299684083 0.6110428701357019 0.6863907025226429 0.07465729499478445 0.8381648449376197 0.4595194178464347 -0.1254449786982598
0.00023278136299684083 -0.03671060104411095 -0.8027603486327854 0.03580532144922264 -0.5963731460350579 0.5578487547832574 -0.05858651576099249
0.00023278136299684083 0.39100900173487596 0.4358854856233804 -0.04785298907449292 0.21626991276114607 1.329672646587358 0.06486315776533572
0.00023278136299684083 -0.5504562492763373 0.3113697927746411 -0.07558248989113513 -0.23579961159387997 -0.9995626668733467 0.2505155936568046
0.00023278136299684083 -0.5116620685262009 0.6004222505439953 -0.10509558998602125 0.16923885507025843 -0.46223668360241305 0.2159667598760093
0.00023278136299684083 -0.4995431667587528 0.38777768315823563 -0.049806555294015974 -0.20362299659434244 -0.7501274680171265 0.07973503729359785
0.00023278136299684083 0.6278623352428884 0.8979256653993843 -0.16257060068549176 0.8024876276020616 0.23878769065969957 0.09503812916559318
0.00023278136299684083 0.4091400485643671 0.7204295266803914 -0.06365818574157688 -0.5090487590402692 0.7016638586479228 -0.02298854877012171
0.00023278136299684083 0.9745601365837997 1.7440596473544103 0.09517729076459552 0.11933446034150366 -0.1443325805284877 -0.12037592815984591
0.00023278136299684083 0.23186680009639973 0.07816413273011535 0.008157459533567842 0.1684990223691283 2.350542912702356 0.08836117252099308
0.00023278136299684083 1.083641929959022 0.8269112909854025 -0.18706676949318277 -0.18674745934749468 -0.2224521544209813 0.311860815289019
0.00023278136299684083 0.35215026979743047 0.5255786800996967 0.15136796067963823 -0.4136954064778581 0.9237009800515587 -0.049916093623952676
0.00023278136299684083 1.0936217186670292 0.008745896148648607 -0.0027457616185211113 0.4168845272649619 0.5794956843114533 0.00759995660629253
0.00023278136299684083 -0.09412452368725911 -0.13564763682955697 0.03219790230680414 2.5295346664075438 -1.8085039583193367 0.22680019221626868
0.00023278136299684083 -0.4465436631702027 0.044247789521034864 -0.04834930160993286 1.7380866511724422 -0.18192287636417231 0.1883158960369756
0.00023278136299684083 0.6490970661654245 0.5255251521076215 -0.0057866136883406106 -0.18623967586582016 -0.266530362123658 -0.04576562879089982
0.00023278136299684083 0.11096107936281063 1.5560436487248672 -0.024191430287210953 -0.40067316043085205 0.1284525585019132 -0.02787757635771927
0.00023278136299684083 0.985366071206547 0.8133202702733273 -0.06378533010897533 0.3944709292941867 0.04602436693975818 -0.18187937721604044
0.00023278136299684083 -0.21081455431433183 0.05276869089258432 -0.06404107836899454 1.7896080838626103 -1.5521179163726784 0.5122942591644583
