0 30 0
0.9311254519873633 -0.00043665783012469215 -0.00102729938102709 0.0002720044364142417 0.001748024519266216 0.0011862579645018718 0.0006310146028428068
0.00023278136299684083 -1.2871674288278578 -2.118711387238089 -0.1360661143750644 -0.15198836020850082 -0.0856326293407403 -0.07440204797726828
0.00023278136299684083 -0.10020617036046196 1.07787344732112 -0.03987713388367281 -0.6441437354141796 0.08583360292922074 0.0055743778613820735
0.00023278136299684083 0.09683057336085132 0.27172032161623916 0.16241462349045255 -1.2701656480637125 -1.5428464360785987 -0.06849090400226611
0.00023278136299684083 0.2530578114059518 0.666999694194488 0.16524005059070979 -0.6107845326301036 -0.9199861730143124 -0.0406443946041508
0.00023278136299684083 -0.73946243700707 0.7822361226383837 -0.08048827997178536 -0.28389147946535953 -0.6645667566253931 -0.0052705139131626446
0.00023278136299684083 0.2455080923712648 0.6211599071722537 -0.11832598146628504 -0.3399492258251351 1.1072670511588851 -0.10595531726931576
0.00023278136299684083 0.21253021809355127 -0.1265108510108184 -0.004908479527527175 0.8909278945950666 -2.2230326758133607 0.0452741811529422
0.00023278136299684083 0.28147783671317406 0.3798044085633077 -0.028026924974202786 -0.36308568920371614 1.290315377954584 -0.11844476120527234
0.00023278136299684083 0.41900911969781907 -0.052958160122065195 0.0219365219358443 1.027118393424761 1.3183981833030645 -0.13378931319286883
0.00023278136299684083 1.1102253520284433 0.20881614476066895 -0.10655797775892767 0.058685532707874084 -0.5314596356776264 -0.18860646733493738
0.00023278136299684083 0.15471943470493066 -0.7808949839496585 0.027233473535507705 -0.8289296845275299 0.5155991137773902 0.14980498713380577
0.00023278136299684083 0.2899417842158248 0.791373861564313 -0.30783825432887874 -0.4485136755756706 -0.3947748701224958 -0.3217422682973725
0.00023278136299684083 1.0333059016411452 0.4269488035927115 -0.20443052379895651 0.13726196055417866 -0.5334284415020767 -0.1136619648693276
0.00023278136299684083 0.9582144170930506 0.3959011341907159 -0.230140030867186 0.5024167987336664 0.4274482771816478 -0.07546109742199184
0.00023278136299684083 -0.05788647472603292 0.13446599366570228 0.0784063412005858 -0.6384876158436703 -2.943814860810611 -0.5620818910060746
0.00023278136299684083 -0.2400906385972543 -0.05179206780533156 0.03766105549968369 0.4859013968238928 2.2550493883412686 -0.30442608856694237
0.00023278136299684083 0.4583018582225343 1.2748185745374427 -0.17894353577477537 -0.06190509034060881 -0.12642627613048968 0.11815404191502797
0.00023278136299684083 0.11998722560236759 0.08888224948593247 0.05292361605655833 -1.9359628742431474 -1.463007949515502 -0.8452028528303147
0.00023278136299684083 -1.1294066362320978 -1.2384481817277455 0.18369206068123253 0.12812679628466675 -0.07289248202652084 -0.001253546851898637
0.00023278136299684083 -0.3901011345769142 -1.1598434874725216 -0.021228231265854675 -0.35728905856782306 -0.5326414799463689 -0.06558368152785864
0.00023278136299684083 0.9030039287091225 -0.2864699007593522 -0.0005617667212104059 -0.23624477921264347 -0.5621566403299798 -0.012386370504586464
0.00023278136299684083 -0.6934742290754445 0.6982785210956539 -0.05224302448099227 -0.5512517175188532 -0.04182142882826273 -0.008248364691445194
0.00023278136299684083 -0.8241274381111192 -0.9926216595201834 -0.031222566829453346 0.022344030172663416 0.5814339983331812 -0.056037499041009124
0.00023278136299684083 0.19930945189774285 0.4359453828691431 -0.27929268430898113 -0.7048131605570492 -1.1068324384066446 0.14070155610522936
0.00023278136299684083 0.5812126829578118 -0.12452848111068024 -0.10403469217641088 -0.9356930476902078 -0.5573291493293412 -0.018865028914095257
0.00023278136299684083 -0.011974299427397537 0.8257317741217219 0.07879089335502962 -0.6716505657771654 0.24889488390643422 -0.13151352412096573
0.00023278136299684083 -0.7654685647889035 1.2678845776699654 0.028558497908925198 -0.2569500196315433 -0.5159738312714499 -0.013042524736819246
0.00023278136299684083 0.3903824815645527 0.5203573199976805 -0.05061120337393948 1.0074878178504527 0.3214698171366302 0.006684097815046854
0.00023278136299684083 0.27897860194961865 0.17277844576559262 0.04992252597259689 0.03933126208453629 1.92188260273997 0.2748587695252823
