0 30 0
0.9311254519873633 -0.0024472637466047957 -0.0007103639788588464 -7.379036691147116e-05 -0.002337117902247766 -0.0013997331563742426 -0.0004486902379299268
0.00023278136299684083 0.18981152831151368 0.3071630032154421 -0.566801050323175 -0.06356427078196426 -0.5802798579105697 1.2795227074288285
0.00023278136299684083 -0.24027815979449488 -0.4569723866385234 -0.3855138007111072 1.0396450776636685 -0.07349974243176538 0.6120799663417792
0.00023278136299684083 0.6485998789156047 -0.05722434504728762 0.7852501028994173 0.11307631968549856 0.5291604052248489 0.1504237159905158
0.00023278136299684083 0.14833469174576694 -0.048699456443669735 0.9735672751599332 0.6675529658770288 0.04197852258032453 -0.4339169124847779
0.00023278136299684083 0.5189563309345929 0.46929918961374983 -0.18026772152516915 0.4494360680772685 -0.5899926553234759 0.5142679744855466
0.00023278136299684083 0.743726402575608 0.2238305448135155 0.5029697238354175 0.014852983787246102 -0.3109710336916767 0.685454328575271
0.00023278136299684083 -0.3450822009839533 -0.16990988207171484 0.40121939645949106 -0.42662916194136785 0.293045130822926 -0.46363453394666326
0.00023278136299684083 -0.36602184241828334 0.08571831640137913 -0.23360995430205703 0.6226394494661173 1.3369068858475794 -0.7860459177616256
0.00023278136299684083 0.0013682263527445236 -0.6626575143954232 0.5954288330797489 -0.7773844549411368 0.4696381493468834 0.04752924731105782
0.00023278136299684083 0.6973009619530953 0.4780821729151461 0.2125706025857658 0.9164178214890047 -0.5647261628637021 0.44536865859821206
0.00023278136299684083 0.17733525870118574 0.3743499739498639 -0.37083171652168023 0.41593755507856234 0.49458444738426854 0.8655155175959489
0.00023278136299684083 0.8281935966479222 0.27562660181934623 -0.33296165212793327 -0.15645341379215633 -0.4399569241757662 0.09636664660578008
0.00023278136299684083 1.5144553166219366 -0.8187212517891108 0.17950162578086565 0.22820742405126992 -0.305469678445018 0.07311596612897478
0.00023278136299684083 0.5796374082945327 0.5746475425713856 -0.33457752721564654 -0.41433904139792505 0.6473248200935174 0.5605651167315915
0.00023278136299684083 0.5389661244485351 0.6741905008402994 -0.38976170529596194 0.04785891641801242 0.2474296725351256 -0.6109693179711284
0.00023278136299684083 0.6525362815102217 0.16984280589404538 -0.5046569284322834 -0.10248075307001851 -0.3532643358160447 0.023414037655997786
0.00023278136299684083 -0.15846777166701334 -0.19876067328710928 -0.31081519919308465 1.060675487062847 0.028484025226391128 -1.1820263335677121
0.00023278136299684083 0.9358243717333157 -0.8958496748719326 0.4794943926099357 0.7655288750939364 0.15579246955825748 0.14068807840293804
0.00023278136299684083 0.06683900243790226 -0.3972561019826789 0.7021210462144595 -0.23409487633756298 0.6796643390380783 0.20008674200025167
0.00023278136299684083 -0.7172536164088535 1.477479260423698 -0.34742324673806446 0.1875454651788688 0.14927998783340263 0.19774759150956067
0.00023278136299684083 0.4793460362050945 0.14586827951268336 -0.22990575594154458 0.7020409308901043 0.9857504260790235 -0.5444740111991614
0.00023278136299684083 0.7205528602498944 0.5125635856448788 -0.34710948699528565 -0.059175528167810125 0.5138771792919546 -0.07851801056569134
0.00023278136299684083 0.5528346858520099 -0.007470066201641478 0.02032734962626964 0.2906180240443136 1.1166318474899097 -0.8533395117450755
0.00023278136299684083 -0.03316611307348697 -0.0752132755409068 0.12013094007482975 3.2326941626635604 0.4007433398776855 0.7894639608068914
0.00023278136299684083 -0.15797723743044356 0.5162344994149807 -0.350788904201459 -0.4170231236222586 -1.1601908886130787 0.14636467842757436
0.00023278136299684083 0.7121719108631931 0.09561739115572261 -0.25587068120888884 0.6586298185917597 0.20087947661654418 -0.33914158410397416
0.00023278136299684083 -0.17662449911444408 -0.0525448828985965 0.2625291306680123 1.1585784895986233 0.5395900543031427 1.6215071734779198
0.00023278136299684083 0.8462563024113856 0.4880062262481856 0.11686546653384725 -0.01653689597552926 0.11677296286918354 -0.4016513134686527
0.00023278136299684083 0.4308792505261501 -0.18578446783781827 0.08408091285129242 -0.5557827056988975 1.0297497627490284 -0.9610037095404708
