0 30 0
0.9311254519873633 -0.0018060658555831496 -0.001352669835110823 0.0006267639426274971 -0.0004072331775593445 0.00013483626714047312 0.0001923720800804763
0.00023278136299684083 0.050361860314515616 -0.38545082653480545 -0.1270779976180424 -0.47195353868780887 -1.9026601566372188 -0.33321828468901443
0.00023278136299684083 0.13090173987214881 1.418085081126617 -0.24704353139650084 -0.11306690419457374 0.3440470421618249 0.0759525764054367
0.00023278136299684083 -0.0923147067990201 -0.15461199284231367 0.02784701550433304 2.1508023560083744 -1.8853973871496772 -0.6858734050532886
0.00023278136299684083 0.6163347898097903 0.7818258100526384 -0.12724998743150837 0.25781905561534946 0.667540326036762 -0.040649115666836794
0.00023278136299684083 -0.538755120234906 1.2636793570843272 0.1494285645226858 -0.25168417208126287 -0.476274861258219 0.05007101752181401
0.00023278136299684083 -0.21579852175998807 0.6314568797999036 -0.17661635579885301 0.22300714132271415 0.1431732620008766 0.003999929270043428
0.00023278136299684083 0.6941080969318542 -0.8419790883688341 0.019846843754907077 -0.07677224695979251 -0.30191483038536476 0.16935877426406237
0.00023278136299684083 0.21018741725489254 1.1731867010656 0.041415660818136565 -0.44576300252924034 -0.09633728907318485 -0.03433942507334876
0.00023278136299684083 -0.17430996970130913 0.2402840195706048 -0.11469091700017764 -0.011407031994874015 -1.8253091971214714 0.41498391954444
0.00023278136299684083 1.6409609625860182 0.7934813859773863 -0.4085223117316479 0.24102124077874396 -0.0389236706226952 -0.06098133726352811
0.00023278136299684083 0.5930970299688747 -0.17526140150703798 0.0768674824335619 -0.8318754615162446 -0.04955245352920312 0.07499412656536049
0.00023278136299684083 0.5091311788080664 0.85358882650551 -0.1715864324297339 -0.022816581144314653 0.20544920831208618 0.0447625970683495
0.00023278136299684083 1.104908379681547 0.27949917288530707 0.033632543365075054 0.5934140867440434 0.08036248099492382 -0.06953157952555038
0.00023278136299684083 0.9861017281930985 0.18203614686911213 -0.05425542169490796 0.022987899776455996 0.4983278703576176 -0.24913159214031794
0.00023278136299684083 0.2988686016855445 0.29452881911464107 0.08193626599348976 0.9967974273001899 1.4770253665043376 -0.05040072694036406
0.00023278136299684083 0.5250781115504026 -0.47145171968341437 -0.12175413476239935 -1.0386803710497587 0.1891530938272644 -0.059896895757255875
0.00023278136299684083 -0.19783982671101594 0.004917625371107194 0.031759981885284436 -0.6192264645101839 2.6781856143474605 -0.039243927746438666
0.00023278136299684083 -0.1313510370570976 0.4466159572087321 -0.16580301511445925 0.3256457051425744 -1.1467477696775537 0.4223894501492534
0.00023278136299684083 -0.995020653746781 -0.9767032853190272 -0.07867268762888749 0.536916525227355 0.18466232184621528 0.011575533218265046
0.00023278136299684083 -0.8162982669174893 -1.8563296970698018 -0.08465278258932261 -0.06216476379083948 0.20800265648568755 -0.14949589170670707
0.00023278136299684083 0.8543106932131556 -0.2102157367305418 -0.007838401142370182 0.1934310349419098 -0.2733052964481512 -0.022516885386487336
0.00023278136299684083 -0.46022977618000127 0.4908621959384052 -0.22300216857286007 0.5282839281071127 -0.8719338793210274 0.06091200811036621
0.00023278136299684083 -0.38572253149662733 -1.3524199863202113 0.06556639529837907 -0.1480487221592246 0.05122271519351926 -0.0016415419594472244
0.00023278136299684083 1.2331513421648672 0.7526115792940324 -0.3684262760537489 0.1167715301491387 0.42632024036659566 -0.06774050899148673
0.00023278136299684083 0.7825152627611652 0.22947351926875387 -0.26617558780460143 -0.10034616712029247 -0.36683305994899684 0.11763975009772153
0.00023278136299684083 0.43202962341377316 0.34864803404693195 -0.043570822465011774 0.4947545419228159 1.4422010822683455 -0.04787465496528193
0.00023278136299684083 -0.007259146191847569 0.47039706995235775 0.07194324382097096 -0.3943726989078628 1.2441230831834666 -0.38169050180418895
0.00023278136299684083 0.7436922038178542 0.36709497202513647 -0.06896744875529857 -0.5614553573265018 -0.18630475926708578 0.07221901649070732
0.00023278136299684083 -0.16657604289618924 0.812829921657442 -0.2513934879164823 0.09691372117337939 -0.9576468220090405 0.0058792556418177325
