0 25 0
0.9311254519873633 -0.0019220713303968891 -0.0009009904633985742 4.582481678310718e-05 0.00026132610276120876 0.001082947421077168 0.00032718523085383574
0.00023278136299684083 1.018773114077414 0.3251446664732137 -0.243019771917845 0.3867341502046377 -0.40943275582197725 0.037749208148268376
0.00023278136299684083 0.11102957299028386 0.7359023092760395 -0.08675527972194581 -0.5724087547743681 -0.07465641354287936 -0.14391613914387555
0.00023278136299684083 0.08642972107676837 -0.11390713536748723 -0.3471384047201464 1.0414869456041267 1.1304190113038746 -0.9194558660991468
0.00023278136299684083 0.2501477018640192 0.45377157122829137 0.4164722569588541 0.9021224018285026 0.8864424831305516 0.2480216270171187
0.00023278136299684083 -0.9148741720271342 -0.5221098922910745 -0.3706973765542226 -0.3539829927000391 -0.4299380870628831 0.07149656785854881
0.00023278136299684083 0.6323628654419469 0.4088391741365138 -0.015436108570648607 -0.48662198075771934 -0.6067872924572973 0.3058935864002157
0.00023278136299684083 0.6279621079453309 -0.19358841827416512 0.1468150743519354 1.1409069982415716 0.7832712564057117 -0.04938857814324865
0.00023278136299684083 0.39231999841714943 -0.42732204421221825 -0.0017012706761730596 -0.8475658512530688 0.42117387044196875 -0.10680297728379595
0.00023278136299684083 0.8274495199346105 0.5899857591421024 -0.08617995080163551 0.18695680059094058 0.606128831496918 -0.13730207209195908
0.00023278136299684083 0.6339031968709563 -0.8699809552267472 0.19837821021029825 -0.09376022131792029 0.21534171232048704 0.042757466518741065
0.00023278136299684083 0.05089981401345586 -0.3093627190592026 0.016071445852956567 -0.07091477827500683 -2.159661383967626 0.08667285615755466
0.00023278136299684083 -0.19148900985120415 0.21193629462226052 -0.08615972015461205 0.37735171512684546 -1.8861349140645498 0.24843228029898673
0.00023278136299684083 1.2984935361503682 1.000744681921668 -0.2792023699390801 -0.19989911938833888 -0.2850841670289774 0.04933318180788616
0.00023278136299684083 0.18190790944056098 -0.34412956029864733 0.11936294371521983 -1.6814913382127397 -0.41484825061799935 -0.18953830953790687
0.00023278136299684083 -0.11837423229815631 0.29437951527968115 0.017909859993961427 0.6958473614263622 -1.757039367754005 -0.10032298956476014
0.00023278136299684083 -0.9818861141359377 1.2169857324592002 -0.14761200101629632 -0.491160239410835 0.23259667288827665 0.022090129989774658
0.00023278136299684083 1.1943778976283097 -0.3036770286053283 -0.020092993009928298 -0.10753204378718437 -0.13344695944322066 0.045464955557321905
0.00023278136299684083 0.3514689837219754 0.7800279155458016 -0.017438801239840894 -0.1529049260490617 0.7461566759811531 -0.8097348755681287
0.00023278136299684083 -0.8270179920599722 0.7427519867406144 0.02752353384746198 -0.0007352839263847233 -0.1772263561876252 0.09124605635184625
0.00023278136299684083 0.9377302441386475 -0.09527276879903979 0.38040877034696924 -0.3624771538448024 -0.6345173495381945 -0.00011008373646169664
0.00023278136299684083 0.6674968547782009 -0.3315309386076749 0.007975854283924912 -0.40732683556028854 -0.388794073069272 -0.09435506014007179
0.00023278136299684083 -0.27729332184605415 0.6512922341269721 -0.02253256179543614 0.9772170167863806 0.5095519167806957 -0.06647852836493608
0.00023278136299684083 1.0009855509675087 0.23742592514379623 0.06874008337327939 -0.12070275846788867 -0.423931221713035 0.00872078542777342
0.00023278136299684083 0.7354815743471937 -0.5343444517612931 0.1410093100505331 -0.8044435231285599 -0.08137352278876828 0.05078585472491221
