0 25 0
0.9311254519873633 -0.001819449946882696 -0.0018996089413459494 0.00023856308604975295 0.002357520274154054 -0.0006127719398841532 -0.000771124681168934
0.00023278136299684083 0.07488933404425975 0.2972742322853703 -0.08346280550919002 -0.09238819638165284 -0.3233537591573806 0.09084122042278908
0.00023278136299684083 -0.3632764857876417 0.7734306774430447 -0.13528171986394827 0.22162695756815734 0.319050410971944 -0.05407391975328871
0.00023278136299684083 0.8222896761201847 0.3952435694604412 0.05804873495270983 -0.06056829984940093 0.034584581048143576 0.14189962173689682
0.00023278136299684083 1.1659696363434207 0.8161709297724038 0.2257154675305322 0.2680454798112367 0.2943912670036745 -0.042736347378950684
0.00023278136299684083 -0.40576164186817887 -0.6215064815797615 0.022152673733488146 -0.5448010097736877 -0.8408098234285766 0.1726944382590876
0.00023278136299684083 0.6614711371107596 0.5056277865402266 -0.42153140799997835 -0.6435855309287491 -0.38632554927107815 -0.04933365437530379
0.00023278136299684083 0.6380031074514032 0.4106449627679907 -0.29121909491694636 -0.31195392095662733 -0.21179894680368846 0.2705790834789429
0.00023278136299684083 0.7481626824682962 -0.04468246262015398 0.016428703883520086 0.1732966876408318 -0.3483059249714637 0.11882533429933163
0.00023278136299684083 0.3148188496201965 0.6798102124357965 -0.2000414524586407 0.40357377294379315 -0.5038114509539334 0.12231786959034319
0.00023278136299684083 0.8222201525517369 -0.6392573577362235 0.17957141970560656 -0.37139835102212426 0.6104924687982126 -0.032211318223887994
0.00023278136299684083 -0.8429095057343033 -0.8971287755625619 -0.060612842236599684 -0.5122061286900926 -0.6044578562612708 0.056311312651135925
0.00023278136299684083 0.6336821926329929 1.3480814543240895 -0.1660968429398556 0.007805314673593154 0.1679185251329619 0.20455204165298807
0.00023278136299684083 0.3135821454695041 1.451051719426788 0.12252089183096539 0.4306715136189191 0.359207001724632 -0.126573272018789
0.00023278136299684083 0.12319183791079714 -0.5000919882106696 0.15520658050190383 -1.3766019408757166 -0.18120455088420967 -0.41521030010001414
0.00023278136299684083 0.41801930892328293 0.8428243939603494 0.02235132381250539 -0.4920949440920307 -0.4287636495162135 0.09580937539869161
0.00023278136299684083 -1.0452604904140617 1.1308316843006778 -0.24499375634250187 -0.006726268613386306 -0.1142171577435346 0.06517045430765007
0.00023278136299684083 0.30512662031240184 0.14158091488848942 -0.03449710656446186 -1.9505304782209119 0.10666061084301885 0.0171052205756266
0.00023278136299684083 1.1501387331258361 1.756260086482608 -0.10268791490878425 0.07264898551920358 0.15884381327829378 -0.08818629746715519
0.00023278136299684083 -0.5266650349322608 0.5101180587203111 0.0439966585412762 0.7688004417821149 -0.6838269377039616 -0.059031420732630735
0.00023278136299684083 0.6405040742162312 -0.25816363609768034 -0.08960025694884095 -0.9159290624845025 -0.11917210540281387 0.13241891004080827
0.00023278136299684083 0.5007791368815933 -0.3137422949593649 -0.04589664001901929 0.34058356310667426 0.7785117698874136 -0.011768179776145892
0.00023278136299684083 0.2377070216693869 -0.4347827674356049 -0.02819922225884587 -1.3450274176550567 -0.502783112169699 0.6010235298498137
0.00023278136299684083 -0.02065391608917589 -0.03263060184978613 -0.013201459127917018 -3.9759340450668184 5.126906284492659 2.10977721325075
0.00023278136299684083 0.9117712154998665 0.2814714486283764 0.1170777234040278 0.482611781330009 -0.2566481493765113 -0.23570219101295445
