0 25 0
0.9311254519873633 -0.0025985220568383667 -0.0009633705017669475 -0.00033266726706015066 -0.0010990923015832654 -0.00011204053126823236 0.0006930571551622138
0.00023278136299684083 1.2417463987225774 -0.10334266648990072 0.08193768267220952 0.18982190761255255 -0.3274793227723739 0.2273027122837843
0.00023278136299684083 -0.028688753412988724 0.7019834919269131 -0.015605146514418205 0.033653611661805125 -0.9228846997026304 0.019774078026662176
0.00023278136299684083 0.4648284428051349 0.3108501286716609 0.459857583072484 -0.6772250098529529 -0.6148756950506791 -0.013651201321438539
0.00023278136299684083 1.0825889078445095 0.45217097847838705 0.13908903529178426 -0.21170712015973442 0.16557300763662755 -0.029351078555032575
0.00023278136299684083 -0.6291627963741656 -0.721421762030044 0.0023273122038553347 0.4080172820055957 0.6597506072810652 -0.11031696410373046
0.00023278136299684083 0.36990978221256826 -0.14713448150088607 0.22765372569549785 1.2431420655596257 1.049364558127436 0.18411138662265333
0.00023278136299684083 0.7505228808628892 1.382416879313389 0.20355296736906311 0.08790396082504531 -0.08774161719976901 -0.11114310397715198
0.00023278136299684083 0.7441337946503629 0.01964693332007881 0.04323955366753844 -0.5309466158876298 0.22690732775415484 0.19471261134793422
0.00023278136299684083 0.6243359370998134 -0.2682896679479689 0.03350975257994377 1.1258811569896563 0.704146128483313 -0.013438536175923117
0.00023278136299684083 1.3766811896393316 -0.6790129105264718 0.057911690457653923 0.35671659437208836 -0.17519247570174373 0.02295420410089918
0.00023278136299684083 -0.9171067320465807 -0.9456576360236759 -0.5174262441845213 -0.03518729155090051 -0.1460959523978785 0.19909194092797192
0.00023278136299684083 -0.053891485061387946 0.16884376632409437 0.05691316403513765 -0.23817345252813762 2.910476327561439 0.09231230230961335
0.00023278136299684083 1.9284485751018126 1.4324424480490188 0.24131513345929878 0.07316109828160408 -0.2732114448416763 -0.017093392010076144
0.00023278136299684083 0.43819026265537003 -0.03744758416834738 0.011502554101081594 0.6605317179462595 -0.5932104810471637 -0.06598137080631586
0.00023278136299684083 -0.019664019183296435 -0.046556858728514325 0.0103151560895349 3.2922480920161807 -2.475644494872878 -4.3382068369127
0.00023278136299684083 -0.5301000667403334 0.9210093960740596 0.09813713034026597 0.23942085707318728 -0.5444041091151463 0.017956946719366262
0.00023278136299684083 0.6185466992754027 -0.017551887067784835 -0.11715447335575249 -1.3325516384630427 -0.023451104513227815 -0.05941495786237893
0.00023278136299684083 0.11706963332332807 0.7677111810202988 0.0408080559517436 0.19106354170303394 0.5135475402864225 -0.08744625607164905
0.00023278136299684083 -0.6291501758063269 0.6171427862469371 -0.038902528713896774 0.5284201401834165 -0.36957567917921424 0.14397694409039927
0.00023278136299684083 1.8420394640642805 0.8839144033237959 0.1977759722624844 0.1796422831838525 0.0002300684782794417 -0.05615471150871759
0.00023278136299684083 0.6831315128889319 -0.8733975483036404 5.525810854894281e-05 -0.00897209085095509 0.12719317573765265 -0.059097650011488985
0.00023278136299684083 -0.295980299257754 -0.060805919916478546 0.2691758906488747 -0.21639001085054832 1.557062978170277 0.9714427036028389
0.00023278136299684083 0.7333903076666429 0.16484193713881426 -0.09413463966821879 -0.17559178240438544 -0.5314612375897648 0.3269634628861808
0.00023278136299684083 0.48226876641915595 -0.06887340011732418 -0.061185517329557515 -0.7865100905325547 -0.3808612804595928 -0.21153185425055634
