0 40 0
0.9311254519873633 -0.0022913458067191188 -0.003462503366776928 0.0004739655146894463 0.0023504049850446196 -0.0023090204469026223 -0.00028379513676900627
0.00023278136299684083 1.0894270626265217 -0.2447710086630407 -0.011549290057628996 -0.0706057831665097 -0.7186518494340851 -0.010289715793100385
0.00023278136299684083 -0.8476454367850279 -0.34103365786367273 0.0069220183618323525 0.6435238152727951 -0.308862551057263 -0.08528579322903185
0.00023278136299684083 -0.24625247668832043 -0.05029611684841361 -0.011367278686112625 1.69608326338636 1.7521984976729734 0.06298191174889894
0.00023278136299684083 0.7187174965997135 1.0192968981845594 -0.3091543011173103 0.2894831233771466 0.2840226863864034 0.055382668111944595
0.00023278136299684083 -0.00427025829493208 -0.29665065801559093 0.036700850878284993 -1.7155150123898542 0.8711333605703451 0.23227934391470925
0.00023278136299684083 0.13012899020176538 1.2343305854183149 -0.00924122257624422 -0.49018178461533946 0.21585702150924074 -0.03328216483369221
0.00023278136299684083 -0.03551015912064057 0.6821478689516325 -0.09881725704560272 -0.8512318244339749 -0.30573154142148634 0.1306605757654131
0.00023278136299684083 0.7901484077393622 0.5203110288203143 -0.10254174126792469 -0.22309908925879735 -0.08183786473200606 0.08183226375271041
0.00023278136299684083 -0.4091520399337935 0.5450689023478397 -0.0021969317442946694 -0.3865115998260979 -0.7274551829369804 -0.051918237348673735
0.00023278136299684083 0.08842185274079313 0.462375533964874 0.05089231837271785 1.6178430446003527 0.7304456295375583 0.1380065880250665
0.00023278136299684083 0.04834053207414491 -0.3012720907307956 0.05379708763309888 -1.7821178565512847 0.8370941162121354 -0.07253911770054679
0.00023278136299684083 0.6721271821998483 0.09572023473177978 -0.11567928195138315 0.08679535042895671 -0.820587600979375 -0.24136363576847356
0.00023278136299684083 0.18145944780447104 1.7752756403942325 -0.2886290182986192 -0.5140018813202177 0.3303936304141986 -0.08272622658719461
0.00023278136299684083 -0.5059837572683696 0.6568305417520129 0.08176479423697045 -1.0140224959288575 0.053875672913233766 -0.012108258081514028
0.00023278136299684083 0.04244201156191808 -0.4197137858858285 -0.10526329430745172 -1.3445708301822175 0.6108408307859243 0.27673686354460664
0.00023278136299684083 -0.0337980329755558 1.5204211158746987 -0.23681558077999365 -0.564362404233754 0.3358321751021111 -0.12754803288579292
0.00023278136299684083 -0.050968300041606095 0.14482069487405042 -0.012614490020542138 -2.558046206833724 1.5874368819726148 0.01706107467928596
0.00023278136299684083 0.4802275572137636 0.9936728990279793 -0.1298103329512606 -0.319197937241524 0.43027723142789626 0.1000559788903365
0.00023278136299684083 0.5956220444278948 0.27751428034060205 -0.027660660675261146 0.7632755157072479 -0.6045509582856761 -0.22277835335014404
0.00023278136299684083 0.9975979659137407 0.7786224310751776 -0.053865162411938505 0.0983485557333611 0.2853799023583017 -0.10980682844749164
0.00023278136299684083 0.6048814176765325 0.7789491358554446 -0.06540291011622171 -0.5409346583868619 0.03399209638384279 -0.0031469866557053026
0.00023278136299684083 0.04988057564952832 0.4361186433707693 0.10324956568734737 -1.124826858085849 0.941163362731963 0.013263234903216764
0.00023278136299684083 0.9606579431265981 0.31424402471811885 -0.17126885841140077 0.38178671236461753 -0.6758475280068379 -0.019089788943170476
0.00023278136299684083 0.10404312710948853 0.5436852891073616 0.023085151133736173 -1.0375742314499563 0.3236116655412716 0.016550058325780513
0.00023278136299684083 0.5651556820250307 0.6219707638772909 -0.1045400632699547 -0.2609620270152835 0.5820064932945989 -0.05900645585713603
0.00023278136299684083 0.38508865599352066 -0.37570987732466077 -0.08848495613669714 1.273242849878925 0.5902614487742399 -0.07843668755403735
0.00023278136299684083 -0.6315977088639078 1.2710333183745832 -0.1382448582016275 -0.4762002659778493 -0.25287105992854475 0.06926761323673851
0.00023278136299684083 -0.02504716076643707 -0.06947737002006935 -0.016285255550477717 1.5652795862290114 4.579456168964945 1.165590268757459
0.00023278136299684083 0.2887159517555165 0.5610893048886902 0.017800363749412892 1.005288622805658 -0.06414546516175304 -0.02147863907035231
0.00023278136299684083 0.7157620384138282 1.2856937492595917 0.051789029886950624 -0.10227055205568471 0.0991595282760037 0.06736962283300926
0.00023278136299684083 0.9735607038938522 0.7309220274995839 0.018740280646937512 0.4454349638576897 0.8913877322043192 -0.013947922201435061
0.00023278136299684083 -0.10037210920474245 0.6778061748799546 -0.011794184477238281 -0.7004416480419453 -0.3410104290558779 0.05450009581338457
0.00023278136299684083 0.6648789434327634 0.49504146313855746 0.1342854636190707 -0.39909322827856 -0.7572745726836488 0.13239124420852272
0.00023278136299684083 -0.6312269375503416 -0.6791696324114375 -0.17633598958339572 0.6486238139132395 0.6674639711107412 0.01773317003392432
0.00023278136299684083 -0.46134891226303926 -1.8218405595043758 0.028914239645352308 -0.27603131886903437 -0.03261567125494459 -0.03878303745375333
0.00023278136299684083 -0.25591740416389447 0.06564856939481425 0.028215066092388916 -2.414743608107769 -0.0859009365316214 0.028288662928709695
0.00023278136299684083 0.9399326706485852 -0.3655096049312402 -0.16423104624364407 -0.33870373172474566 -0.5945328802748314 -0.12408703384476033
0.00023278136299684083 0.9897017904178477 0.5397416544094003 0.002767452740466269 0.720855105161605 -0.5109104097222736 -0.1808237582777344
0.00023278136299684083 0.3275538695491238 -0.2128949452264573 -0.08299177556011718 -1.1322374289197636 -0.9144218150671662 0.06367598148604814
