0 20 0
0.9311254519873633 -0.0005615304848217758 -0.0021544444425669476 -0.00012782187048654913 0.0015586330009866604 0.000306368016908623 -0.0006819282038346787
0.00023278136299684083 1.690682805402122 1.4558575134272314 -0.046690148403518365 0.33292685557973917 -0.1478197080514457 0.0005770319714867189
0.00023278136299684083 1.0466133407304175 -0.7157566277757381 0.05513861372287819 -0.19936975927660242 -0.2839663485887274 0.023031964401962455
0.00023278136299684083 -0.1425528147256866 0.4761163887166942 -0.0370779399511878 -1.0587507462553556 -0.24318433920452978 -0.17883364272844018
0.00023278136299684083 -0.32575110785186984 0.7539820271913623 -0.12292403700308814 -0.5918006463549667 -0.15242979036601856 0.1362792955321514
0.00023278136299684083 0.19870331223504084 0.03597565375709656 0.14043732711361426 0.8509488374191273 2.111606916016776 0.8838734996408354
0.00023278136299684083 -0.2506205582930411 0.8138299357559041 -0.05093873105972919 -0.5218993588726335 -0.015266932406358428 0.09475588394306579
0.00023278136299684083 1.0738265160019482 0.8417631818637913 0.037702696064853373 -0.4920849912232249 -0.04471880650810694 -0.0903024252735233
0.00023278136299684083 -0.31036457730244926 0.029027557923496046 0.11211458218336649 0.6176242890673517 -1.9261986640785351 0.0754477775689881
0.00023278136299684083 0.8837958127051374 0.08239944823294518 0.05973579337910933 0.761719258003821 0.6415587740866286 -0.10025477944584056
0.00023278136299684083 -0.6107845565966299 0.3165955156441151 0.035030372804268885 -0.3344009598557033 0.55853519283069 -0.08979602728004109
0.00023278136299684083 0.06269256247201244 -0.018328480138022036 -0.01930185203828856 -4.658271644176318 1.1963302239132947 1.3699343584341834
0.00023278136299684083 0.34651912023172005 1.0133703139696164 -0.02464956254558337 -0.4227501205398799 0.33400706213882997 -0.10374705597540904
0.00023278136299684083 1.5644537177330162 1.1581435319008808 0.11688728441068943 0.22025317096531186 0.11196604471137674 0.04971624223272995
0.00023278136299684083 -0.5261255564571282 0.5921941943552415 -0.035761690386028853 -0.5227804352771438 -0.9054831107508249 0.21346540920942197
0.00023278136299684083 -1.569517862193175 0.49568701764234346 0.08668070604198626 0.1573070706595036 -0.01988084456612182 -0.003551687144141261
0.00023278136299684083 -0.41508973940930705 0.403785225345081 0.21140756809950978 -0.26457813636699146 1.4108755113112865 0.089399383089373
0.00023278136299684083 -0.3325928541540723 0.4186991929909226 -0.009829456637568146 0.07349445609525121 -1.6124690577030345 0.13289790804147145
0.00023278136299684083 0.179711289843018 0.2706582327197625 0.0669545869719326 -1.4271305699365289 -1.4645530904006248 0.16972150316461035
0.00023278136299684083 -0.31747691108446974 0.19377794674567467 -0.06362863082102557 1.2450114263986 -0.7743811000190493 0.055098175955831205
