0 25 0
0.9311254519873633 -0.0015782287841814647 -0.00169491787213895 0.0006019679393714193 0.0012058639881497104 0.0007879332770402331 0.0005672200576313092
0.00023278136299684083 0.8439191113378626 -0.16709826142568296 0.016914621329967953 1.0318625377642863 -0.09159101052888756 0.008445326030065953
0.00023278136299684083 -0.09425427176304135 0.3626792177993457 -0.12170438297127148 1.345472144214919 0.11390240371710034 -0.06084239044102886
0.00023278136299684083 0.8027376720190311 0.3976479185749133 -0.13105265343159378 -0.3920652302469102 0.20272616374546287 -0.1210387442845019
0.00023278136299684083 0.14066517085487285 0.8745199238165892 -0.2278763970843147 0.6821268288934957 -0.14830714401859033 -0.10582261493333127
0.00023278136299684083 -0.7942776575599261 -0.7773573911904478 -0.2794761396010905 -0.24544688131999978 -0.3653388204820023 0.11820532938933838
0.00023278136299684083 1.0164794663614103 1.717011224502291 -0.12673727551801828 0.0801365738650912 -0.4436490617961522 -0.162824525808902
0.00023278136299684083 1.3300552499095748 0.064337672062877 -0.36485061824495907 0.354864087871917 0.532329608207346 -0.24422600313024717
0.00023278136299684083 -0.16137984574196346 0.25774281048353387 -0.04287413421478936 -1.8247420823549154 -1.0289345357682165 0.16490860305355695
0.00023278136299684083 1.021930592152009 1.7359881991012418 0.01830484757705685 -0.14435530437911967 -0.09340396971018758 -0.01956114366792798
0.00023278136299684083 1.1601636954421757 -0.11987716703150952 0.05156748781758873 -0.4055309086929713 0.46661442461185376 -0.09427735026898666
0.00023278136299684083 -0.7411780114393293 -0.8942941654501102 -0.15464915129616907 0.48461500444043537 0.6036201683749112 0.03628612860741288
0.00023278136299684083 0.3157277608115619 0.4157657080036645 -0.1383095342624936 -0.31351073532689383 -0.8969399794362678 0.34546017574030763
0.00023278136299684083 0.8496443968675496 0.6445172083385613 0.09471087712981083 -0.2537223334044089 -0.8119382922210028 -0.07230481428249538
0.00023278136299684083 0.17923461771847052 -0.13843145739724486 0.07457949293884562 -2.193404590313241 0.18437745192239943 -0.1968617706817653
0.00023278136299684083 0.4875253355385063 -0.18658035178753907 0.07427153066965406 -0.32995446669676853 -1.1749504098483619 0.07913057898449424
0.00023278136299684083 -0.9087651341070829 0.9275961121549126 -0.5077864251370392 0.3913987762805254 -0.3321103832816461 0.021454450991065563
0.00023278136299684083 -0.3834306451252417 -0.7245107477431303 0.26405913470342257 0.3754357133430295 -0.7868523576220834 0.05343759261140034
0.00023278136299684083 -0.07749752357535192 0.8113734700387 -0.3865314067930591 0.3941336209020111 0.6454761950878507 -0.10423322086082361
0.00023278136299684083 -0.6692936110710161 0.723144228264022 -0.07882762363122806 0.2824849288059175 0.2375815680290836 -0.028872421711622784
0.00023278136299684083 0.656903743835593 1.0075813505786047 -0.23944357057419027 0.4700130434137522 -0.0037328667473912605 -0.340073260920329
0.00023278136299684083 -0.345652039304814 0.14669374159383952 -0.035476837967272905 -1.1852783823450699 -1.2663178655759155 0.27500722794158855
0.00023278136299684083 1.495153184027037 -0.5877092488451775 -0.1544117947955396 0.20119343108918467 -0.13305857153865136 -0.07283239355801588
0.00023278136299684083 0.025130878384307973 -0.05837060721151212 0.06721395262511341 -3.8160502069661635 1.0254704780450439 -1.6616954637352086
0.00023278136299684083 0.16337300115492728 0.34730210132566686 -0.07948575675407285 0.18686847856305125 0.4132936986733746 -0.08574952558927978
