0 25 0
0.9311254519873633 -0.0015653285568093325 -0.0008510700517340246 0.00015798418705777705 -0.0003439516604373058 0.0006113863780795068 -8.044969835391861e-05
0.00023278136299684083 0.7428076184728452 0.1573924976636132 0.1406264844002339 -0.3392395349120866 -0.9907224537911566 0.4841720995270701
0.00023278136299684083 0.24434183021179312 -0.19111162123911446 0.16800852527777466 -1.0259842353255517 -1.0890213724187832 0.6575728326661143
0.00023278136299684083 1.2244081621992495 1.0119549721614174 -0.4109472436186504 -0.02388826323080117 -0.21498750433023273 -0.11655613470455102
0.00023278136299684083 0.9524740474751386 0.008535225205341283 0.04007974133116327 -0.24625365702149873 -0.061374978020626934 -0.22837336742902495
0.00023278136299684083 -0.34513689395474684 0.15328668481598237 -0.6063572216862443 0.037323125180239385 -0.22176002928951752 1.0293398552667292
0.00023278136299684083 0.07787006182066623 0.42659168360055266 -1.6915747514536415e-05 1.4574941040945015 -0.15563853925275917 0.6477911892443393
0.00023278136299684083 0.7128342310276209 -0.6004696083507349 0.425618508658451 0.6146666019607379 0.40111096076352987 -0.05173371234788749
0.00023278136299684083 0.841083015093895 -0.16307350994094932 0.19334389399034102 0.27950299271656937 0.59843620822271 -0.09697720216551994
0.00023278136299684083 -0.6278860762403702 0.6327827909380646 -0.3608416292704602 0.6847597287706702 0.5802223216063369 -0.1816815937100679
0.00023278136299684083 -0.5170709394037236 -0.20327223806938172 -0.4576663432562157 -0.36831141046772986 -1.0082238015786793 -0.3126456039241352
0.00023278136299684083 -0.22246904385643448 -1.0056490271453753 0.05316543327202891 0.35489669873847457 0.4619618343097839 -0.26437418242067634
0.00023278136299684083 0.3896277978331261 0.12179899671793235 0.09793351472179093 -1.46383996564851 -0.4516468076505705 -0.3614645635265788
0.00023278136299684083 0.4048292911193737 0.0019480353944865845 0.0753054562751243 1.174919335925444 1.1579282665000492 -0.042786435414567475
0.00023278136299684083 1.7116767124790615 -0.37227434032500945 0.7284417224285081 -0.16040467497227157 -0.40105313492887 -0.14334873600973186
0.00023278136299684083 0.06361367578749656 0.38511822544751473 -0.21342752944330493 0.8988884995612892 -0.8741654217126047 0.3500568141199981
0.00023278136299684083 -0.7223731024645043 1.1948598133911155 0.3507147543451597 0.019641722360129663 0.02008982799318444 -0.29804353047626003
0.00023278136299684083 -0.30293122143001217 0.7035995263995891 -0.24761308821596487 -0.6168402423015449 -0.2197772415290181 -0.08267718727167735
0.00023278136299684083 -0.3627832554376783 0.5497181794034292 -0.048707178728308584 1.1892059374225832 0.396260870791699 0.08975340999971532
0.00023278136299684083 -0.7863054935738484 -0.8829201402413674 0.1511306960869746 -0.4058569783397824 0.26012399447891354 -0.022214301145468542
0.00023278136299684083 1.5374249518702956 0.3945192008740013 -0.19083489681087668 0.2027278290713185 -0.07643525474428355 -0.1928514909275101
0.00023278136299684083 0.61732959997415 0.3872864313419417 -0.024394171299419818 -0.8424662528260171 0.17724471196987682 0.13880939604450798
0.00023278136299684083 -0.511132006971257 0.2695538261610857 -0.14090481634015106 -0.5860624885828154 -1.0581489278772829 -0.2780503411832784
0.00023278136299684083 0.5134312767298769 -0.13541955496796992 -0.05396054680068648 1.2202698977101079 0.31240922038450275 -0.11513888055200347
0.00023278136299684083 0.6256499884706344 0.559524157694627 -0.3006338978008608 -0.6793421281342334 0.011621737785769467 -0.286779540243861
