0 15 0
0.9311254519873633 -0.0005285828221545042 0.0003334763915201555 2.7610292768939363e-05 0.0002236484204373235 0.0005422228376199198 -3.624690673071935e-05
0.00023278136299684083 -0.7993430005313927 -1.7606291510145742 0.06286605378496989 -0.2646746781711976 -0.27282715804496727 0.032525413722317216
0.00023278136299684083 0.3471503008230017 0.21667134972943253 -0.04576666248394608 0.9610932364460361 -1.2175442116013948 0.035349064720984674
0.00023278136299684083 0.3200184586784184 0.9879744145342904 0.10600271389341542 -0.5742294074753655 0.04063381240558702 0.07554918624093727
0.00023278136299684083 0.29005308068587893 -1.0741740278260739 -0.047305983385272615 -0.5717814049207912 -0.02804847261087667 -0.08932951057152716
0.00023278136299684083 0.1770094298939759 1.1416903685295963 -0.0062510818644324 -0.6216144211123852 0.2094238894730888 -0.04098535616858145
0.00023278136299684083 0.6492971078368587 0.1298511586828775 0.017117832562705756 0.8099284781332753 0.7113445868474693 0.01254729829760345
0.00023278136299684083 -1.6310015217055776 -0.7953133452199702 0.015662024956140563 -0.06454831481009639 -0.24641961448306673 0.03993046227985832
0.00023278136299684083 0.26723096368851745 0.2306055312746538 -0.04176863639370046 1.1674829356711247 -0.9773479685937972 -0.1801177408865926
0.00023278136299684083 0.8697151153211043 0.882655525550836 -0.039648749837971384 0.6817307128003038 -0.14561073016033008 -0.058754064515430034
0.00023278136299684083 0.32906577840227114 -0.5339616373665013 0.09349478433576267 -0.8816680117262088 -0.3927968114317744 0.13449665569322114
0.00023278136299684083 0.10979276244408348 -0.9751717408472715 -0.039450856805912246 -0.7403803780477363 0.21514343890151472 0.10314458816873452
0.00023278136299684083 0.31443389951119766 -0.644124458101374 -0.020492100580326647 -0.7481008723802791 -0.05068065280382044 0.02727343180179696
0.00023278136299684083 0.7251627292278581 0.1589473022959007 0.003969708731766519 0.16218715055085203 0.9786034912992851 -0.1879111846914311
0.00023278136299684083 0.14574618434109396 0.7010731436956817 -0.16887021798894983 -0.21001870670682304 -0.9927649496766057 0.2412693828309862
