0 10 0
0.9311254519873633 0.0002664384408865846 -0.00029301261672482176 1.2952303483716785e-05 -0.0006738582200804019 -4.37530031778446e-05 0.00041272424932116994
0.00023278136299684083 -0.01436631588146105 -1.4693276141541278 0.09156283675938424 -0.22764977916332435 -0.803546967681378 0.05536806216274412
0.00023278136299684083 -1.1956751147383 0.8040130744392274 -0.516646211345862 -0.13394420295897339 -0.4188384385587204 -0.043396365896784805
0.00023278136299684083 -0.3153361609159051 0.4154463125830408 0.26216941223999224 0.6522111194888437 -0.8647912393421594 -0.5403840864323936
0.00023278136299684083 -0.43895736757330395 -0.05204755168268257 0.36335743326947423 1.0591259145340886 -0.9464682793865847 -0.31873734663028924
0.00023278136299684083 0.7832658966722009 0.8999748707540874 0.0006578464400145658 -0.369606967425401 0.1490517792714951 -0.1695135513388089
0.00023278136299684083 0.0595592805967803 0.38652870550659235 0.005837990536209543 -0.4829818934527074 1.7260996548217036 0.28682801167372796
0.00023278136299684083 0.5368633584979235 -0.4509893792117703 -0.2724070667816425 0.9219461455694116 0.590297648882706 0.021444817649850772
0.00023278136299684083 -0.7021004266369825 0.9739308634262657 0.07212585840747207 -0.51686802328986 0.4319259495664777 -0.18751338147939636
0.00023278136299684083 0.2209930864260013 -0.3354788147546027 -0.058467313459860906 1.7932005670195303 0.31128190513783904 -0.75499315699333
