0 15 0
0.9311254519873633 6.0053041771095266e-05 0.0006444127447683733 2.1177558223314972e-05 0.00040348082446838306 -0.00011113641646801985 -0.0003688202688632651
0.00023278136299684083 -0.14862976008408554 -2.01832136524371 -0.04342932725674438 -0.12665026662288056 -0.6474719656236302 -0.017077040791351646
0.00023278136299684083 -0.4245637665479964 -0.14498905677408686 0.05441044612081139 0.45611237185694575 1.2723532080845092 0.19713372376896912
0.00023278136299684083 0.03132726083423876 -0.5990207913142087 -0.18648718467943162 -0.32444510559337686 -0.979840582480695 0.13748358165372968
0.00023278136299684083 -0.13665024122741878 -0.7173437514736137 0.07584980938234887 -0.7623135655480989 -0.2669650630061799 0.9801662501243602
0.00023278136299684083 0.2505945749862481 0.5106321197959881 0.04131121043879711 -0.5861043238999419 -1.199692704464467 -0.10159881459698407
0.00023278136299684083 -0.4235028395009462 -0.5562715788061408 0.5010164465855476 0.26539018133033826 -0.6897021055542747 -0.1807614709978073
0.00023278136299684083 -0.2942874780006066 1.1954691700396753 -0.2605241783537391 -0.057051140283224215 0.4160340954332012 0.1805340667023638
0.00023278136299684083 -0.4332924963451199 -0.2997399581194245 -0.02836171324232749 0.5309284667719851 1.1878157785522931 0.0664180447076857
0.00023278136299684083 0.5305498920771671 0.4682434558072202 -0.04025154995716763 0.2150479019873462 -1.1863746228084269 -0.11584185298261146
0.00023278136299684083 -0.775288950318617 0.8294321369056397 -0.23019705030077575 0.5680360686338087 0.33456592413499336 0.11733006529237965
0.00023278136299684083 0.10201131136640207 -0.5224399572874753 0.05117039880743362 -0.5523327187173027 0.6819670089452127 0.0002337099745409112
0.00023278136299684083 0.27447945526701334 -0.6555560921765703 -0.30337157144854376 -0.04539286589429642 -0.1186933557680574 -0.17051841881020846
0.00023278136299684083 0.4038903680613838 0.4238685543018639 0.0582302906294435 -0.8939851672082109 0.9613315133014717 0.12468889771568566
0.00023278136299684083 0.8031505023431329 -0.49161386472022917 0.22592374038107815 -0.3011631346866267 0.6792185371261242 0.2570903336923088
