0 25 0
0.9311254519873633 0.00016725040899014907 -0.0003178305628038885 -0.00027011338638603476 0.00020266069257082964 -0.0004656005338985611 -0.0002132078622590047
0.00023278136299684083 -0.36703029759786404 -0.6446659126933665 0.1133095749097823 -0.8699149290736047 0.7458226942129308 -0.06474459211233351
0.00023278136299684083 0.04162931405654543 -0.21315120462557421 0.020242353782021282 2.334174966886274 1.037870410798216 0.16190038237618126
0.00023278136299684083 0.0847716928482136 0.0804681939390801 -0.005683347128762371 -2.6781201520266684 -2.5633110683320077 0.177068050377873
0.00023278136299684083 0.2922547335619348 0.3339075122165658 0.20268264715410564 1.2053997418051494 1.027333636800964 0.3906981947212216
0.00023278136299684083 -0.3283888627668608 -0.3454846706021799 0.21117291672549449 0.893127347233448 1.1767115357863631 -0.06980042310615349
0.00023278136299684083 1.039227434166479 0.5489715221556398 0.043019685948296964 -0.09034621734326284 -0.012216901549785086 0.009833302002578719
0.00023278136299684083 -0.1818493853218941 1.4552251167563357 -0.01696326708871989 -0.6201896052339069 -0.07652020964710836 -0.03522342201649661
0.00023278136299684083 -0.4985866048399617 0.12934521731810472 0.09336207019966584 0.34762115881038097 1.3080910864568578 -0.09913538124803264
0.00023278136299684083 -0.05528047912869851 1.5187403385035942 -0.0007886990122390694 -0.43755891538560443 -0.018611123700245848 -0.0003286267359928653
0.00023278136299684083 0.11383385990681491 -1.1273290257693636 0.060229985664516185 -0.3926670567899053 -0.083631134516823 -0.07228199889926634
0.00023278136299684083 -1.0515647938049268 -1.5459782207413972 0.055872121814173725 -0.09805538320364847 -0.006980337224979741 0.018758678527348544
0.00023278136299684083 -0.18011333342765262 0.4459869499696564 0.011019942942125398 -0.9159707165243578 -0.8144492114617734 -0.09811739648342868
0.00023278136299684083 0.2457244809643099 0.7309787934089857 -0.05845909512506331 1.00235416318179 0.6731502846731621 0.015298074325562561
0.00023278136299684083 0.44438516775607867 0.30898610374842994 0.1500962666983388 -0.6113064798280635 -1.044025192638064 -0.24452051784310622
0.00023278136299684083 -0.12926236069245742 -0.37941843990243307 0.051513623770367424 1.525574745511027 -0.4491762781946932 0.11775570372301437
0.00023278136299684083 -1.2471862344717672 -0.12040579016731096 -0.07997410138887129 0.4321591469833734 -0.38692385049519196 0.08497221663864658
0.00023278136299684083 0.2952164343037437 -0.5079189605170766 -0.05251606376607717 -0.8914504296795183 -0.05812653525855177 0.24778887259403
0.00023278136299684083 0.5410702330275781 0.5089134876309204 -0.044190790473826 -0.18742933174076393 1.004079337450236 -0.04490928408127365
0.00023278136299684083 -1.0015658687387914 0.030885992365322877 0.012678274528746073 -0.07298593943488446 -0.4333725285033415 0.1283211541300886
0.00023278136299684083 0.4241124697092787 -0.6359569769275883 -0.03137847452069243 -1.0159220234633637 -0.06840816767236292 0.18164689682818988
0.00023278136299684083 -0.3279537504100687 -0.002171540917104731 -0.05885577759882116 0.6709846480791231 1.9020133860094621 0.2767752112315068
0.00023278136299684083 0.5778685744135078 1.018414453999291 0.15659420119320894 0.3613596076302547 0.20326037817263523 -0.03666911564490018
0.00023278136299684083 0.12048905542214064 -0.4553333742270894 0.18513782547837193 -1.208189193001698 -0.03104819877517013 -0.3370998735298886
0.00023278136299684083 0.47919688510356256 0.13831268629323357 0.062331670837997934 0.5067080763251115 -1.169129876796486 0.14484534326064966
