0 10 0
0.9311254519873633 0.00039027875091795204 -0.000768231986963059 0.00018623688455831984 -0.00010010489467941359 0.0004591334572207801 -4.6216227196572685e-05
0.00023278136299684083 -0.5644660210452432 -2.481458772752735 0.11617757362912398 -0.22812990645553824 -0.35776097219489084 0.024936030115074823
0.00023278136299684083 -0.46336401241588643 0.7433904048406578 0.05246002060367377 -0.8445990243293875 0.016135518492489242 -0.1113431804453079
0.00023278136299684083 -0.7505543907361815 0.3099810927361332 -0.11409410720713785 -0.3647972705139346 -0.7792272701082924 -0.05662000682178889
0.00023278136299684083 -0.1543655659088757 -0.07049207209786183 0.0030610043916710554 3.0144344220456727 0.328206839159574 -0.06576524793131285
0.00023278136299684083 1.1179747461343525 0.9106764764951419 -0.09404521135279845 -0.24196617565610523 0.23076247684817963 -0.01228915609270419
0.00023278136299684083 0.17570006974816488 0.8801529098256099 -0.06455353802775705 -0.5089814474436327 0.7806125551363097 -0.04878866315857705
0.00023278136299684083 0.3323783692325304 0.6428155927372822 -0.04497506026810901 -0.17781333809336303 -1.1539647717903676 0.27871866126298317
0.00023278136299684083 -0.4126794492674416 1.7136348317542696 -0.4608916314132814 -0.4174460895759826 -0.012209881624256536 -0.03809757984353426
0.00023278136299684083 -0.8417387494148089 0.4242274843135186 -0.13808658858868458 0.16971840873992597 -0.8890883228018662 0.21411405170145817
