0 30 0
0.9311254519873633 0.0004202879132443292 -0.00030793222092754375 -0.0002788958181706254 -6.70038710276191e-05 -0.0008584129517692731 -0.00018316202037778844
0.00023278136299684083 -1.1092654465235838 -1.8463210284168128 0.22372617207197357 0.10964524130268248 0.2038634533808528 0.0244994993476005
0.00023278136299684083 0.4944453680129213 0.15181764409876033 -0.001624372855973453 0.5569985466898193 -0.6252441197068611 0.09481691523227423
0.00023278136299684083 -0.48826399181548463 0.05567275874799015 -0.06191620246144744 -0.29711199331205207 -1.4112863965212559 0.3110368665025456
0.00023278136299684083 1.0812569401201055 -1.0021224843680245 0.09027607918427998 0.28769504807871626 0.433456558539209 -0.14627056006057934
0.00023278136299684083 -2.6153430540360088 1.076569208424429 -0.10228886805297337 -0.01836108523100843 0.2772134430229581 -0.005444954498767295
0.00023278136299684083 -0.04052108048568658 0.24140730936693505 -0.005110051024573663 0.7428062634255084 2.43775580405153 0.15951316436440077
0.00023278136299684083 -0.23276548996931692 -0.556612130192534 0.06448237999400938 0.8631047385037358 0.08467528461910001 0.5248905297440715
0.00023278136299684083 -0.18971640922577213 -0.01583906825123733 -0.009791757868746597 -0.09138711839458194 2.7624023416656747 -0.17795869513836884
0.00023278136299684083 0.842748071950617 0.33015830311612493 0.14296586841973188 0.5158777782153058 -0.8129851664503874 0.1223249112218757
0.00023278136299684083 0.3078545047087917 0.6965707080560143 0.17167411164581284 0.558004371548163 -0.5491377358309225 0.16054235343221798
0.00023278136299684083 -0.528684871333587 0.1396122081372941 -0.02014820922507948 -0.02692672261452226 -1.251364089167851 0.15339018565008194
0.00023278136299684083 0.34846437250946777 0.36517499330583747 0.18337910023961596 -0.7299252236391722 -1.0546178684004572 0.027758406205361068
0.00023278136299684083 -0.4124213166349086 -0.01948316503168477 0.12218142660557679 0.5551383497689829 -1.4505075123311069 0.043981087329656714
0.00023278136299684083 0.3099884083286315 0.5722042085296923 0.08281459537586662 -0.4864212623934844 -0.8983654553754953 -0.12937001194372416
0.00023278136299684083 0.5949819159139764 0.537979226643819 -0.09869342514926571 -0.5620570774567476 0.5577861516409146 -0.005291553556264642
0.00023278136299684083 -0.42397250692071237 -0.21707189523040105 -0.019137583569543152 -0.5458898102961856 -1.4321352904574263 0.19859107084457167
0.00023278136299684083 0.6546844054122806 0.6264758187505888 0.12517737233168919 -0.9913671744869285 -0.435651981913456 -0.22581024944385042
0.00023278136299684083 0.5132156917642908 0.9161115737650771 -0.013545841006689948 0.3162207294586119 -0.5512708018073994 -0.04739712080969113
0.00023278136299684083 -0.5128494752552171 0.6535392843148289 0.34677668342120843 -0.7305650544545883 0.33737775222139377 0.10629356579980992
0.00023278136299684083 0.19746007562707557 -0.5715841043820651 -0.7879157292439585 0.2000016466024482 -0.01573066458113741 0.3115714664865364
0.00023278136299684083 0.47321835558827635 -0.1746451394692946 0.1082473809473112 0.09485862264527366 1.5504340631363767 -0.0482895392538473
0.00023278136299684083 -0.775503570007129 -0.7645480740866345 0.24927655328118736 0.03732284128478396 0.731370826598454 -0.18468939590799274
0.00023278136299684083 -0.5508744010910963 -1.3873391896733545 0.20112387267975218 -0.010288157922213655 0.7472052159993855 -0.006273803515583029
0.00023278136299684083 0.8182589151489449 0.26123945583190666 0.20910257328070525 0.3835073278473603 0.687188072743388 -0.09224671104705098
0.00023278136299684083 0.4170230716098914 0.013010664941071679 -0.21758596803363786 0.43105539397568166 1.4312776590670302 0.021458195964227923
0.00023278136299684083 -0.2517849782680036 0.7350759824677188 0.058272189112793533 0.8302073874555563 0.21986385994341393 -0.4881329702902225
0.00023278136299684083 -0.18928539183903462 0.29170837479656564 -0.06506787473967246 -0.06994760038479311 2.0774722783489192 -0.025043392613351655
0.00023278136299684083 -0.5640844591804195 0.655640932719768 -0.08081765616390059 -0.7214975413767226 -0.4581911457145933 0.005962883765017727
0.00023278136299684083 0.15058469290145948 -0.532673493203397 0.21975045348649203 -0.9326829807291452 -0.15920272964315946 0.04823593770019812
