0 25 0
0.9311254519873633 -0.0021069052415968893 -0.0023190111569249515 0.0003460890573446857 0.0010641085104952533 -1.497349691221513e-05 0.00025390637515888587
0.00023278136299684083 1.5403268475568341 0.4822320990753187 0.023920286664946673 0.29064147276409036 -0.059565069046652125 -0.02903209038242196
0.00023278136299684083 -0.1620289692762017 0.6509109887653947 -0.11965817195192521 0.07638716738044783 0.10764406336400291 -0.10581039141909178
0.00023278136299684083 0.9166190528070823 0.58784973529005 0.04838428654751664 -0.23971434392004984 0.0824073571427434 -0.2641207769804085
0.00023278136299684083 0.11374152654825301 1.1607918678688995 0.07165266381679528 0.4791199284085644 0.5975345733213188 -0.047518278487294986
0.00023278136299684083 -0.4208430707933387 -0.39655702574591833 0.12437943214719371 0.7320676781648647 1.149701494989542 0.014615220064835201
0.00023278136299684083 1.0136114073089961 0.5716316112747961 -0.030863301811746482 -0.10441384122804127 0.2524598005835949 0.1498732954255764
0.00023278136299684083 -0.35533709463219393 0.9047430414942644 -0.2883937806724437 -0.35785615480247795 -0.8768880251795008 0.1821278563395433
0.00023278136299684083 0.63439782267384 -0.38753903484997276 -0.04921134190622929 -0.26130488425020804 0.09827133637849379 -0.13925636133561317
0.00023278136299684083 0.6909938969370616 0.8110550702390862 -0.2549531212498012 0.19200162531840526 0.2977028899260396 0.022866760829576782
0.00023278136299684083 0.41289691271452234 -0.4259798473816835 0.007487945671183655 -0.8273021445583174 0.977330105155363 -0.1892766450345465
0.00023278136299684083 -0.45952621865868254 -0.7481534373784303 -0.04874837731256254 0.6854553769621983 0.7843383735038504 0.1200218422072829
0.00023278136299684083 0.8392030962368542 1.3153293288494237 0.02161625213583987 -0.1410586289846143 0.016489939874923403 -0.12048411703314484
0.00023278136299684083 1.3536702263039209 1.0258382972217654 -0.05800864072321124 0.07808989067463708 -0.2293977946634965 -0.12882541243038978
0.00023278136299684083 0.8284565100049864 0.28058128768086427 -0.00512112058255594 0.1818367120054758 -0.6129435638228512 0.03279684691634484
0.00023278136299684083 0.11564770720371743 0.5044066391673633 -0.2068897425479913 -0.46226348200944944 -0.7910255154475364 -0.0790357255555901
0.00023278136299684083 -0.9085667610661918 1.1997168417202353 -0.28797592417145534 -0.3393880038152859 0.08624434792705114 -0.11103857552480917
0.00023278136299684083 0.8049958560597466 -0.7716326325669948 -0.10650244505939559 0.06462739184907168 -0.15090001011481177 0.31939666439666875
0.00023278136299684083 0.3177397580561913 0.9616502641247661 -0.1749324739505707 0.05352843129743098 -0.4116617218450475 0.13380286730048432
0.00023278136299684083 -0.7984184708300447 0.7058906456991056 -0.0798986107347059 -0.07025230686161094 -0.12945707016844002 0.15314312097981853
0.00023278136299684083 -0.008346250166157873 0.732479549136595 -0.1762667334472812 0.8288116434156825 0.7498555882764847 0.18073707396487132
0.00023278136299684083 0.13464600693802412 0.05860916489942709 0.09123918548522326 -1.6164054636154945 -0.7030630330411095 -1.061641055666145
0.00023278136299684083 0.6198046581720296 -0.29824008934844587 -0.03743661367145154 -0.7382208609447157 -0.8592551096963389 -0.08199655188020327
0.00023278136299684083 1.0379747196014413 0.4449428111814994 0.09774995146137602 -0.09061636921306783 -0.31753767235792646 0.22999515737711465
0.00023278136299684083 0.1659617966842302 -0.09451254871782605 0.05407416648452569 -2.6702048760185524 0.0016087025891577326 -0.196966224708002
