0 15 0
0.9311254519873633 -0.00031661504749449127 6.157371448762152e-05 0.00013989085288256843 -0.0003442713001204943 0.0001707540293969487 0.00024925403151338193
0.00023278136299684083 -0.6986416023595204 -1.6811943148385566 -0.07537159408524012 -0.1432838009819166 -0.2764736857902147 0.032581503540724255
0.00023278136299684083 -0.22239151292646117 0.05841621426227557 0.09199663066131245 1.2261720591800276 1.8085170287570003 -0.679979636201195
0.00023278136299684083 -0.40188899990018406 -0.11779554358196345 0.1946687600196393 0.05981980236422393 -1.6798618419380082 -0.0244884349171499
0.00023278136299684083 -0.4658467556953343 -0.31926094179103565 0.10568839402537401 0.7247945268208102 0.4946074781166589 -0.1642330244446975
0.00023278136299684083 0.8541749399801853 0.1412616482724718 -0.06749823606839896 0.7719879024641224 0.3644687545007285 -0.18553726950545163
0.00023278136299684083 0.3711596317512218 0.42002572001257293 -0.222347687347391 -1.1776025579969307 -0.2537065420984352 0.2167026224865198
0.00023278136299684083 -1.5342818363664996 0.9583094100316993 -0.04480604315225616 -0.2232433135789761 -0.27760176526272734 0.02728179020879214
0.00023278136299684083 -0.23307573859977085 -0.6175460753916936 0.09682697428642449 -0.5796190434794609 0.10821981178967804 0.12462046606722707
0.00023278136299684083 1.4011677967909604 0.3237717503194494 -0.13369125544313032 0.36112852933052475 -0.34756496403813886 0.07952306833845027
0.00023278136299684083 1.2926885843140423 0.6638450951394336 -0.3555666122508117 0.6872875672225685 -0.14281359242764124 -0.2423178002977162
0.00023278136299684083 0.21779530983511705 -0.7636802906668944 -0.014182940388953992 -0.615907665980415 -0.3901225508259571 -0.1267183911626139
0.00023278136299684083 -0.4131906226886076 -0.40770791605055917 0.06760894079027407 -0.649159821175464 0.5418401094755204 -0.08373129755149249
0.00023278136299684083 1.2012399404647212 0.5393779136790667 -0.12511782991566475 -0.14790216951138596 -0.018579951196239345 0.11487766407771874
0.00023278136299684083 -0.102448944628744 0.5558824726529171 -0.07777091266145625 1.082613185804246 -0.6139444066500263 -0.08559738669264357
