0 20 0
0.9311254519873633 -0.0009009448995173039 -0.0004922296376222942 0.00029982489012240365 -0.00012316537472789756 0.0013640126659037809 0.0006102055113470082
0.00023278136299684083 2.4577213249749112 -0.2607779637560555 -0.1818299256102018 -0.07407896540634427 0.27214045752485977 -0.0318605309562386
0.00023278136299684083 -0.1401156285179064 0.02249809302683707 -0.028187948988133104 -2.6135033530749223 -1.8071495536502407 -1.2706225189792941
0.00023278136299684083 1.2292677837429298 0.29971068232650994 0.32270324786768406 0.20832770947321474 -0.2272787508129941 -0.10726541222291333
0.00023278136299684083 -0.17033653498518936 -0.002847369726598056 0.055964293704061085 0.0283651681770705 1.39354544382484 -2.2405739023204787
0.00023278136299684083 -1.2703125473000876 1.8085534429960317 0.2262321554790683 -0.02284625565314685 0.33804124311724515 0.05871330446834311
0.00023278136299684083 0.7090393693841316 -0.053699516301982116 0.1450698937239081 -0.35227013884646596 0.7581340846118523 0.2823570454992789
0.00023278136299684083 -0.06859890062875748 -0.07705332258822968 0.011165780663751717 2.5449508350553494 -3.1006638294187736 -0.913827372928872
0.00023278136299684083 -0.07031028503125651 0.21281880199437977 0.13061506304402257 0.4760412277045938 -1.4773669302293537 -0.8892503391686708
0.00023278136299684083 0.37865636554055426 0.6392700727353613 -0.3664903959616688 -0.935568225735841 0.2337451425453429 0.36154131722123567
0.00023278136299684083 0.14012707425691664 0.8341441287038114 0.11605372289776728 -0.9636897003619825 -0.812814226040656 -0.07709039380511194
0.00023278136299684083 -0.24296412160373507 0.03311144540971925 -0.2774729171644245 -0.7047774582575037 -1.0276215605069043 1.4902076270100182
0.00023278136299684083 -1.1077264162229798 -0.2925525334129255 0.3380990734493252 0.1197801422927159 -0.8793052138723183 -0.15939658951636293
0.00023278136299684083 -0.2976876018610147 -0.8257562579103526 -0.17142521837378724 -0.11535359937816965 0.2236441417219897 0.7977345482512532
0.00023278136299684083 0.8603754034427648 0.2065788148594665 -0.3830666037897404 -0.20781455180833805 -0.09020472756310326 -0.22406810534992722
0.00023278136299684083 1.0409612425508314 -0.013171019847492936 -0.8004278842676655 0.18218604882002748 -0.22407966352369077 0.16956197308039822
0.00023278136299684083 -1.0582857218038748 -0.7227991718747667 -0.07003990379031205 -0.0007841860790361904 0.7965304524161086 0.08384191691337821
0.00023278136299684083 -0.10779838211451147 0.09852791868225327 0.03392692607142911 2.9725207316354716 0.02994177843675648 -0.014710563518846888
0.00023278136299684083 0.7025468053340972 0.2080152036154276 -0.35564975834775436 -0.4264999081302811 0.6030160983066906 0.6074181207878011
0.00023278136299684083 0.6192203689038932 -0.1456528984576166 0.05546083890306055 0.37767597848517365 -0.4583050505027678 -0.36353216985302284
