0 10 0
0.9311254519873633 0.0012316315074032405 7.705888100790668e-05 -4.043150449322748e-05 -0.0004223035472900724 0.00033299102497503217 -0.00011358014021443787
0.00023278136299684083 0.06769723513958678 -2.850009794059362 0.39003039579172094 -0.17164594860723487 -0.16638472739786364 0.031690481406331114
0.00023278136299684083 0.2467361162976622 0.6336088442588941 0.10203843204790869 -0.5119956127352167 1.1445936939275094 -0.16303999506960629
0.00023278136299684083 -0.4768299860760482 -0.20793690573127363 -0.10295781108004057 1.055474416175438 -0.7439456513587263 0.03556672795460537
0.00023278136299684083 -0.6205522510220226 0.1013220018080674 -0.03517238823992688 1.3258887383965272 -0.2197868206063144 0.07200654330965003
0.00023278136299684083 0.14603996459815632 1.0533431303806857 0.1035825428034359 -0.5479967761900434 -0.8149514500746559 -0.026057876716529326
0.00023278136299684083 -2.2988261085218666 1.3201767445288244 -0.2252736438359424 -0.05813283748015845 -0.22079454106100402 0.043917894612925695
0.00023278136299684083 -0.2522516622004977 -0.9961777015121225 0.2346134810342893 0.687813421208227 -0.4424614314640382 0.14041541702476576
0.00023278136299684083 -0.5143415024219354 0.16644444048975243 -0.04694803619445918 -0.18592083530104303 0.4094113519860133 0.19539343499241404
0.00023278136299684083 -1.2241978353996288 0.47099371580442256 -0.25818695435413225 0.0957296236937933 -0.2776445238510493 0.12442793334319512
