0 25 0
0.9311254519873633 -0.0013103145616383668 0.0004886098039994816 0.00029954260271218406 0.0010964101262454918 0.0009923244518054723 0.00020249064707232356
0.00023278136299684083 0.804783962269383 0.3059448237125278 0.1644283219935228 -0.212003825358503 -1.0382315477591482 -0.2549926842212095
0.00023278136299684083 0.22663961321559456 -0.5798643389974574 -0.07621782396633144 -0.7898317796451312 -0.6010819816862456 0.08599884174988949
0.00023278136299684083 0.460549144177825 -0.20827297604692677 -0.10292470125545872 1.3124873585125745 0.25098498813034303 -0.11244322541609045
0.00023278136299684083 0.8904347750858088 0.2194369550087518 0.28880287207750305 0.6020407239731519 0.06306850748679195 -0.15600366483007483
0.00023278136299684083 -0.6626535178090837 0.3881824751154302 -1.2095636421489482 -0.3522397310429949 -0.040379261070513366 -0.19921368052813246
0.00023278136299684083 0.45455889331622035 0.33063941879360725 -0.2795171090866859 1.0795123445201396 0.039125371097910464 0.069285178157394
0.00023278136299684083 -0.3726933863243313 0.03480079195057006 0.026465475861130686 0.04760265941122493 -1.881845939896676 -0.6751961997087287
0.00023278136299684083 3.7240764918604983 -1.3545098635989248 0.10374279919105904 0.13008552028404446 0.07239157636290168 -0.008393236668253014
0.00023278136299684083 -0.2511775868325392 -0.840310315262908 0.31429964529727117 -0.6466441490343365 0.28747876152373397 0.2828756383139021
0.00023278136299684083 -0.3084749595488311 0.8728699564292625 0.01401386528142534 -0.6729429923772868 0.1493754370558923 0.04815392442418395
0.00023278136299684083 -0.33496884085221934 -1.2085997122128913 -0.41387190363339593 0.18402089449060707 -0.04506862529124197 0.06523868854016047
0.00023278136299684083 -0.5740939523400098 0.19217631581862243 0.08224016055511672 -0.25930916430035883 1.1343528287058946 0.023642237682640246
0.00023278136299684083 0.9405163888452172 0.005077837906963577 -0.020615037321656968 0.19978803853706648 -0.19126366105569786 -0.5864353403632371
0.00023278136299684083 0.21736156729692702 -0.6385728988169498 0.0173739698722207 -1.3290723023942899 0.2690358165589474 -0.07182958937039628
0.00023278136299684083 0.033666384318097216 0.5676869149666282 -0.11311993833746209 0.6284718724131444 -0.28234953358688214 -0.08531345060863062
0.00023278136299684083 0.015901592044165393 -0.6839203893846624 -0.4271150615381958 -0.5918474921412953 -0.10256679231380725 -0.02447308635112643
0.00023278136299684083 -0.29581239402030746 -0.35087797066524534 0.1007775517577271 1.3532233905263797 -0.42517686710233876 -0.5698803488184723
0.00023278136299684083 -0.41039511541328944 -0.13676541494653013 0.14347939050536124 -1.2497942533936872 1.1828272596046747 0.3127223711962396
0.00023278136299684083 -0.6728647616597142 0.18824213819947946 0.0681518828293033 -0.7712408610588565 0.7310424048414382 -0.06800050702362985
0.00023278136299684083 0.36702848231930735 0.0005789528007860013 -0.10254646606877382 -1.6690680187726177 -0.0041545326855386274 0.46235561956067944
0.00023278136299684083 -0.2052244372066302 0.21634501348960622 0.10346314408774679 0.29766363309213334 -1.7673137654274156 -0.04220203925517632
0.00023278136299684083 1.3307567270774978 0.10722721116866468 0.24092755002506344 0.13665565043647276 -0.4014455144240353 0.3647013500275921
0.00023278136299684083 -0.5460828254874245 0.27234421237245676 -0.1532520674261158 -0.740885460498955 -1.0148249445003081 0.20962126005673298
0.00023278136299684083 0.4094260022110144 0.34570164619812105 0.03240671059984535 -1.0723125611605944 -0.3532777917905659 0.11981935516444912
