0 20 0
0.9311254519873633 -1.1790832186649385e-05 -0.0014305530744181465 -9.85665366043908e-05 0.0021858491697916353 -0.0007785013395743551 0.0007249218563768578
0.00023278136299684083 1.3990466070555354 0.6927334616184122 0.39367896334739105 -0.2208165474242427 0.2089482916914671 -0.1705312708822265
0.00023278136299684083 0.06948599427650655 0.00023748377493195075 -0.07112663582790765 -3.9794379747057778 0.7058806179858693 0.5554188265334714
0.00023278136299684083 0.13682328469045238 0.907833060872486 -0.0061913702020964115 -0.6437019015919636 0.324540591034743 -0.18963219836349837
0.00023278136299684083 -0.18720892844089385 0.3888774547278455 -0.0409358186983678 0.08448182546762495 1.5109828512602796 -0.0232377506568865
0.00023278136299684083 0.022759780702090993 -0.012653472711777058 0.010366610828587615 -6.731530586211922 3.1897928594487066 -3.035212162517342
0.00023278136299684083 -0.43563802543272484 0.37762130285037043 0.07074394202446228 0.33965512499998285 -1.3329671887642862 -0.1866942547997305
0.00023278136299684083 0.7249019804235114 0.3218160026551124 -0.0354389907460052 0.6045197159499831 0.8717814362831368 -0.0897033536589949
0.00023278136299684083 0.6648026380566138 0.2798338577308329 0.20372728417613895 0.598597973315274 1.0220824244264721 0.31845643641886057
0.00023278136299684083 -0.5397068694798371 1.1962389609658937 -0.11457307956571983 0.4082583125431066 -0.32771583336388593 0.07914432876462515
0.00023278136299684083 0.31527104451941307 0.7131495835078743 0.18990242169338023 0.25194753677995685 -0.8212750533547303 0.03416810233116275
0.00023278136299684083 -0.3821819937532495 -0.20095236903044147 -0.0644641660530666 -0.8059822532484567 0.7078148959229142 -0.29599031783230895
0.00023278136299684083 -0.19281331080152844 0.5653812666608031 -0.20778904942698107 -0.12063726070110282 1.1437114961239836 0.059102808881259274
0.00023278136299684083 -0.686618531371685 -1.0282871667002658 -0.21751406021153466 0.5111591481578147 -0.6837533084008469 0.006150448520282318
0.00023278136299684083 -0.5721698910485122 0.18731720520639378 0.0637511037933527 0.8722584483228297 -0.9499417332080519 -0.05356449226261497
0.00023278136299684083 0.3950301037929509 -1.136079464877899 0.4313025690147563 -0.445824981022111 0.05604877010225404 -0.17369823758742337
0.00023278136299684083 -0.5645327105077641 -0.2537891199356194 -0.13714491253543967 0.30043137314624796 -1.395695714602928 0.24952918860541343
0.00023278136299684083 -0.03673640278494569 0.3694108471225011 0.07259586981287394 1.1430310558876586 -0.9632602421929258 0.01975321240336694
0.00023278136299684083 -0.6973965238801173 0.6456136577168882 -0.02432790873612954 -0.9236155474648265 -0.4644025995933996 -0.0670943891443142
0.00023278136299684083 0.6140450827352409 1.70790974551372 -0.12229662627011736 0.013809858633385257 0.31143279749864555 0.06394764973946834
