0 35 0
0.9311254519873633 -0.0004383183259416721 -0.0020418627099230073 -0.0010614082898319182 -0.0010681395006079855 -0.0016486670268917429 0.00019489313701565673
0.00023278136299684083 0.4018233339924241 0.7571700255487006 0.38416645602126487 0.31770504280625184 -0.19068790989116732 -0.31404147569658125
0.00023278136299684083 0.24710324798279093 0.12234773319858354 0.14206299832584984 1.708876516366759 0.8704845743499425 0.584789460117733
0.00023278136299684083 0.021308673161344913 0.9684128978860259 0.20986173314020953 -0.14373792562591786 -0.0018133122589659315 0.3051964279505722
0.00023278136299684083 -0.21475420551204666 0.6018276408314773 0.12253895364695684 -0.5098108697294236 0.5262664154606834 0.2320313187890879
0.00023278136299684083 -1.9583515613669165 0.2768807941666634 -0.03115127883610311 0.2693265828505572 0.4104513350099346 0.1934212323200627
0.00023278136299684083 0.013719218213338172 -0.23567434406525678 0.012005562308493423 1.0533088699093118 2.314917594488769 0.004353826671294715
0.00023278136299684083 1.0247431404989489 1.6486048383369125 0.966577826855208 -0.12114506080162261 0.269238515508868 0.2055038671325242
0.00023278136299684083 0.08808492876361582 -0.06473892432674011 -0.3324751299456876 1.6481486402228207 -0.47582412952050646 -0.4708112694575906
0.00023278136299684083 0.2577485910199352 0.34237362959330553 0.12536981866419183 -0.716524921447758 -0.953725250003311 -0.3534900567696513
0.00023278136299684083 -0.23653398910991055 0.0700514562858722 -0.19697393548961264 0.31166914380419286 1.7429941459018636 -1.2086959995776367
0.00023278136299684083 0.41164962979785663 0.5582462524569115 -0.5560284582443447 0.02403037131814296 0.823392307403703 -0.07502513748674369
0.00023278136299684083 0.6705246443625353 0.005344134032398185 0.2780234216142041 -0.6653098839074633 -0.24323640851267891 0.21307945414744725
0.00023278136299684083 -0.07938061898786675 -0.553836456636126 0.6537807640389189 0.5481062898571553 0.1904857702391085 -0.7792484375721089
0.00023278136299684083 0.1619279387229159 0.36201082675999896 0.36589170529309356 -0.7751333560563778 -0.8990937025776166 -0.30873605721972813
0.00023278136299684083 -0.16533670163611666 0.060989381616406484 -0.03547854205806024 0.03087124387548209 -2.9314956810069686 -0.7335278874852682
0.00023278136299684083 0.29637188678684745 0.7327431996903403 0.25077419226462094 -0.30991350655505207 0.37022627172819234 -0.23263297060408025
0.00023278136299684083 0.6414514096663186 -0.2544529667514566 0.4059225130594149 0.38625180980697704 0.7696722324916021 -0.23912239027481366
0.00023278136299684083 -0.40292709682428723 -0.015112482719856902 -0.035155949715153664 -0.8970773279939426 1.2563614166296744 0.2441307806805414
0.00023278136299684083 0.5768255457740651 -0.24502472881106208 0.028429176577757422 0.5444546512720437 0.6476305823008425 0.2973248572673946
0.00023278136299684083 0.6005200978053807 0.8025264858859197 0.051511558035265505 -0.4616745151389284 -0.18879419272654616 -0.39974118400903347
0.00023278136299684083 0.48669419621418225 -1.0050372349765722 0.12256273575880026 0.6397378262743044 0.1415446282397642 0.06727001708349134
0.00023278136299684083 -1.1693419332376844 0.3880507926768757 -0.35785653481896157 -0.025892223280124353 -0.6222431796291721 0.061567957683079884
0.00023278136299684083 0.8844989884721212 0.6237175650035204 0.06420306479837658 -0.3663774646557217 0.3317337182376273 0.402989355586417
0.00023278136299684083 -1.3595925924228023 0.3148236277433343 0.2282112774934175 0.8254771151782411 0.12944302914916314 -0.05436824692964035
0.00023278136299684083 -0.05597525242919404 -1.4876623071598682 -0.09828053807461024 0.005071125631104507 0.3010151104931987 -0.04404601270788721
0.00023278136299684083 -0.9670308869800045 -0.21352941900303926 -0.02062668089622735 -0.12764192766573665 -0.7951767196589133 0.003914368550400628
0.00023278136299684083 0.43835993839835957 -0.3342172655142636 0.772404966751617 0.4751510515660731 -0.5616851484273018 -0.19661157810265303
0.00023278136299684083 0.44641067569453585 1.3103796250471031 0.5608094984372802 -0.6334768487300088 -0.28755193832094955 -0.27020878049983893
0.00023278136299684083 -0.7723911412836585 0.23849474261772236 0.34991526712889903 0.3084213533877987 0.6386976674632251 -0.09795389689921344
0.00023278136299684083 0.13397102130242902 0.6660476558538432 -0.10395894921954232 -1.070228713468382 0.16716884763351728 0.22871782572915
0.00023278136299684083 0.5781431081313493 0.670423923058072 -0.3983545284315087 0.26918888381759964 0.693751360091678 0.5118416993667355
0.00023278136299684083 -0.09504509248316267 0.09827132724721192 0.15045210283367208 1.3725773337749663 1.607094058989943 1.5826226326178938
0.00023278136299684083 0.3007451497842499 0.6610941509719475 0.3145683027029881 -0.3839689744562155 0.7509860217110135 -0.2768432431146138
0.00023278136299684083 0.5473090114701916 0.29590426313841195 -0.1480702106929563 0.7420976702248279 -0.2075599234212513 0.13677699465062973
