0 35 0
0.9311254519873633 0.0012054991115537266 -0.0005643606127153596 -0.0002687733588971474 0.0006379696115244144 -0.001349135099514908 1.522565942111537e-05
0.00023278136299684083 -0.4388528264376935 0.20047362827986365 0.034819766101936205 1.0508383411324236 1.335796672174481 -0.17238092921115072
0.00023278136299684083 0.4515358427290262 0.2846302264879045 -0.020938852672041024 -0.7201407944476076 0.9203593184257227 0.053857173350930924
0.00023278136299684083 0.4763265202812525 0.26928150724743566 0.06375786488188441 -0.04046082781447886 -1.0680193206942261 0.030886316167759387
0.00023278136299684083 -0.34744124490053635 -0.5497244931511249 0.052635842945334216 -0.7836068428259401 0.8984649075826342 -0.09706617013405919
0.00023278136299684083 0.7970389406490842 0.5930778669440129 0.2944155281852168 -0.6403883747942424 -0.5729766153707953 -0.1797648558307633
0.00023278136299684083 -0.8649301436231199 -0.47504269146685446 0.03015370602645704 0.3855430977906065 0.020380903157574983 0.039410875150640234
0.00023278136299684083 0.9808163168425696 0.4417853161565199 0.10179697528218315 0.516229568165414 0.7872105181667007 0.12959514783684006
0.00023278136299684083 0.3160231577507357 -0.45960175066800607 -0.03485541096836558 1.1934138796782614 0.49626564909428816 -0.046869928400154956
0.00023278136299684083 -1.5006936569864284 -0.15680200703782565 0.05479846291860857 0.04075007714840282 -0.3294997487229184 0.007433827593655786
0.00023278136299684083 -0.36383340474593445 0.4167392320181307 0.050859402827295626 -1.2075490468953187 0.02505180810534034 -0.08370942995811662
0.00023278136299684083 -0.4843199334661798 -0.18307468881405697 -0.013240105164101776 0.3952230756326793 1.490245628397581 0.015976414091184686
0.00023278136299684083 0.1017134464308346 0.4498957525887224 -0.07932469877704666 -1.380628771491218 0.3126961720866097 -0.004178268884724186
0.00023278136299684083 -1.1961397454496596 -1.2938915224262832 -0.06985284857539774 0.012705701267463962 0.23065346869672806 0.01488070751638351
0.00023278136299684083 0.03733379036165289 0.5103998672575784 -0.028914320524023988 -1.1639335547183252 0.0912925643002967 -0.22433607656262416
0.00023278136299684083 -0.14740454766385352 0.4374602039955421 0.014298309453729067 1.1782999773306089 1.0309091891964421 0.06625147926943487
0.00023278136299684083 0.17503976425909293 -0.46666875473999286 -0.05210806251346022 1.4485228440880085 0.5680898011240584 0.003628952997387292
0.00023278136299684083 -0.6244507983338162 -0.14126232128523045 0.00707115844862884 0.7296021912529823 -1.0830928427729252 0.06839100402017521
0.00023278136299684083 0.5463904070588971 0.09631531452359378 0.05092165589100477 0.24730207242897048 -1.1113016172117993 0.095286813111656
0.00023278136299684083 -0.04965089428016747 -0.40937845359765845 0.0181112427064911 1.420411908839574 0.11605404682567769 0.286978273563326
0.00023278136299684083 0.6733245057215606 -0.2987534281629726 0.055896175837288405 -0.0783039287147265 -0.8436205720115727 -0.2136827646314952
0.00023278136299684083 -0.34695235235940014 -0.3808416879257544 -0.023115332175806472 -0.9064626030701018 1.1012364794607665 0.0038618271554033976
0.00023278136299684083 0.530246322449055 0.12719963197994102 0.21764861417501835 0.07732676468642125 -1.189912204850458 0.18265982985401655
0.00023278136299684083 0.1551283554077234 1.0239534355942632 0.12774190333784136 -0.6931436412073202 0.3837817228155658 0.06870339318677146
0.00023278136299684083 -0.9441796312027005 -0.482185214161713 0.05134782885359069 0.321451269123557 -0.18906403738212849 -0.042172611698963976
0.00023278136299684083 -0.17387317904254582 -0.06585216792782397 -0.028253128994565307 2.2832512820239024 1.8142499361698765 -0.03938699355680584
0.00023278136299684083 -0.8402448257292962 0.9214824497961289 0.06457378480988486 -0.35201504762860764 -0.6231254653155988 -0.020506527474572815
0.00023278136299684083 -0.9318866855470305 0.9336357343023545 0.0078164052088172 -0.6691061073867789 -0.07210030197825974 0.01965381747731681
0.00023278136299684083 -1.2669031366335346 0.14058979245862915 0.021086918391150494 0.2926330582505876 -0.7727244616926524 0.011521709723876589
0.00023278136299684083 -0.2783213882801106 -0.5881469066363851 -0.02667263252563595 -0.29938092408129685 1.1974414265282132 0.03302351730194529
0.00023278136299684083 0.624006156286977 0.40229691572523757 0.13532092992343753 -0.6740488002735753 -0.7167827334885284 -0.11228797837582927
0.00023278136299684083 0.47217242634327505 0.49585085860919803 -0.04386433203834091 -0.9871835794533573 -1.0399651775297563 0.0823457689172409
0.00023278136299684083 -0.3055946264501309 0.4299798785149912 0.004840770031752941 -1.3229629660043827 -0.29884608519432265 -0.010107046335799647
0.00023278136299684083 -0.2217826801946228 -0.3075486177345791 -0.00913284887175361 -1.2097613554087487 1.3129021508496366 -0.0628097867530039
0.00023278136299684083 0.16836330253991783 0.3411695441169873 0.045452763151592364 -1.016306388721503 1.1744892191173737 0.0340098818376571
