0 15 0
0.9311254519873633 -0.0006575926768995463 0.00041824660147660403 1.0016943338646307e-05 0.0001655024620617816 0.00021301066803093232 3.3882956805365195e-05
0.00023278136299684083 -1.0227550128213505 -2.3249840107907804 -0.20989176532558243 0.09624118530074349 0.14008504755987936 -0.0216257014793274
0.00023278136299684083 0.2911499940858411 -0.657401148131223 -0.06333881897588639 -0.11591667141409963 -0.06984570786777071 0.325080747678763
0.00023278136299684083 0.7972518889372872 0.2981879911505908 -0.08534998616807091 0.07888465511134807 -0.6281876135972935 -0.06568197202466619
0.00023278136299684083 0.41607645234027946 -0.4782224143745866 -0.1079402986231757 -1.228745634703126 -0.4712342151850703 0.002530901532725522
0.00023278136299684083 1.1424842200996896 0.7430157104852035 -0.42795986504654104 -0.23377885343043625 -0.6587761041008062 0.3201511004406369
0.00023278136299684083 0.703903528378046 -0.387851123530133 0.0719226267421873 0.9666439569184363 0.16139094332666393 -0.3691171848230701
0.00023278136299684083 -1.0057552286023816 1.8662397149491574 0.18454964117471911 -0.18972200256796845 -0.08983001583909878 0.06999538983634217
0.00023278136299684083 0.09332109871841762 -0.19374029232283085 -0.11272775591454971 2.297472645517452 0.19063541418500557 -0.40803164832042077
0.00023278136299684083 0.7953933873255911 -0.3776786186807362 0.06650027958040253 -0.47308872799427754 0.002398719502773128 0.07406989444176941
0.00023278136299684083 0.4431086465708371 0.12741840186393363 0.0322053544484708 -1.3507018690004864 -0.38193211997907345 -0.09524584148081636
0.00023278136299684083 0.8960378048683849 0.07599691383476863 0.06839703923456941 -0.5727154340803612 -0.3227698465763902 -0.12805617590038762
0.00023278136299684083 0.015566232925786131 -0.3173030875038393 0.12528615958438472 0.9878756778512111 1.39877679106624 -0.13411034691076001
0.00023278136299684083 0.5581347934250017 -0.29672661124218896 0.11965707155498484 -0.6506311779452935 -0.7021755253901949 0.25929084097765875
0.00023278136299684083 -1.493547098655862 0.25006216838304185 0.29862254437949465 -0.27382759781026084 0.5794215607714015 0.035218168810091814
