0 15 0
0.9311254519873633 -0.00041483995933946856 0.001326318049001685 -2.4821359457195798e-05 0.0007040860543887622 7.38113012808072e-05 -7.330402178433726e-05
0.00023278136299684083 -0.5892770529454003 -1.1355189348218444 -0.032974475165068885 -0.29875941868235856 -0.6697814560105717 -0.04727081156539854
0.00023278136299684083 0.5195106684289592 -0.5346386406676298 -0.021287007320193802 0.2120703522947844 -0.9580663379151182 -0.14883916833304042
0.00023278136299684083 0.3875307865675183 -0.2525745789283344 -0.1234809886324523 -0.9634169822064866 1.1969566787173844 0.23705422239724672
0.00023278136299684083 0.2768828260005527 -0.7888021805379611 -0.14385877344547648 -0.8822389921106967 -0.44172753802057474 -0.05973936447448929
0.00023278136299684083 1.4660637932877214 0.3717359560596288 0.010100852687178166 0.1797959020699269 0.258689562699259 -0.010363318806642135
0.00023278136299684083 0.4435058814497975 0.4678493273244697 0.1274547207885567 -1.1768068217106291 -0.6676039926025329 -0.13114193921810027
0.00023278136299684083 -1.5746753267581308 -0.8080302565826948 0.3218001765684947 0.5084307400983358 -0.061371072110339216 -0.09832999140719884
0.00023278136299684083 0.036794097753598445 -0.6076095401470097 -0.08635254571211387 -0.8306261354476973 0.5787318011992199 -0.0048056362113666545
0.00023278136299684083 0.022207054761348023 -0.4329709261400627 0.12068230733624602 -0.07863949034123852 1.4370839309557846 -0.3982153639783046
0.00023278136299684083 0.1855977525554411 -0.70016393753172 0.015136282095342074 -0.8743614602858869 -0.39887707672198364 0.29544478673485164
0.00023278136299684083 -0.3783869150681597 -0.7487279072932462 0.03901941574172976 -0.252783686551526 0.6485863335707863 0.2918681276674204
0.00023278136299684083 -0.14661769089297783 -0.43328390437842434 -0.03507974405789472 0.9420908958354306 0.19558177710069904 0.10711650414692363
0.00023278136299684083 0.7035526507377122 -0.38071751132857445 -0.07470778219583435 0.3781465578126395 -0.4506387880368556 0.18919592676259675
0.00023278136299684083 0.3066713114811339 0.6781808389676468 -0.017167000859737342 0.3207543216703535 -0.9628090279483832 0.07124211342285065
