0 35 0
0.9311254519873633 0.0028439051906737523 -0.0006172489131966299 0.0017366357220642903 0.0012247305271818984 0.00037261638092667257 0.001871675443643984
0.00023278136299684083 0.580004553861359 0.059380152651688396 0.8131708349321108 -0.40056867492683473 0.3731956965735152 0.7043757935204625
0.00023278136299684083 0.26186328097252626 0.2985913465177509 -0.6299573166826982 -0.38999696153829416 -0.23110879387074618 0.068963360427666
0.00023278136299684083 -0.24032959861947478 0.024506998119876604 0.11179308688395366 -0.47139896397160613 -1.1686724445845575 -0.932355695516926
0.00023278136299684083 0.015708648020622683 -0.12050198481749112 0.29213593980392066 -0.043744191576769044 0.3532943859317657 -0.8543873001923877
0.00023278136299684083 -0.4389118050887342 0.1825408464513991 -0.4588655529905752 -0.04693106885068832 -0.053687495962838346 -1.2321958165208478
0.00023278136299684083 -0.009138808837400389 -0.21728641237224108 -0.6790805869867051 -0.8023726050802334 0.002111478739754977 -0.2529230359138615
0.00023278136299684083 -3.1966028011150103 1.8673149837157952 -1.3508216251742833 -0.03353958224121995 -0.026259955442065375 0.10098325291466954
0.00023278136299684083 0.437390853255242 0.7602119131246908 0.1723953539260169 -0.7252079693304344 0.4660011786427741 0.4206490751304512
0.00023278136299684083 -0.6399610441934808 2.2496967596904605 1.7999062790019327 -0.35654841281886657 0.12794746782665947 0.266041908681152
0.00023278136299684083 1.2284741482182178 -0.7085982344136837 -0.6401190585154831 0.6134122978932601 0.4334949550610312 0.2427539775516332
0.00023278136299684083 -0.4863504765046875 0.5320123781880783 0.5100726595620775 -0.4655990056015022 -0.4978855141327393 -0.6889048441342598
0.00023278136299684083 -0.22084582521038393 -0.44940709854556576 -0.08871486148774808 0.435447626253142 -0.21864302496255988 -0.9607865031497913
0.00023278136299684083 -0.2425130633355282 0.5160535241580672 1.1657350903828827 0.5726667684779273 0.5453553595570227 0.37035846232209757
0.00023278136299684083 0.19363847042826288 0.04807798668639067 -0.32906575705302094 0.5127187826816023 0.9376449851195254 -1.5091283685639425
0.00023278136299684083 -0.633268261254736 0.5620365461064751 0.6156926557910115 -0.7651100858581759 0.17514974772345132 -0.4968157292418152
0.00023278136299684083 0.9249660408254964 -0.3986038760588858 -0.4301000326296622 -0.3166011481270065 0.10276109707682937 -0.8026228366421202
0.00023278136299684083 -3.6790093232443146 -1.588155605623182 -1.5073753541546222 0.1765302312463245 -0.051717258728721134 -0.04667009437204754
0.00023278136299684083 -0.12867976606596396 -0.06422306278434012 0.046240459212328194 1.8507058083163497 -1.9646598731588125 -1.3772161240559533
0.00023278136299684083 -0.05896591621295865 -0.32917079255289694 0.33247299641638633 -0.9175555063556933 -1.1022645538097813 -0.20343149987821726
0.00023278136299684083 -0.5478789087063518 0.42768247897159506 -0.4221691250307214 -0.1010032816139904 0.5404298062648467 0.24995041071053312
0.00023278136299684083 0.8531193887662702 -0.046865185204676606 0.07502532653115224 -0.46003581124719106 0.1591482428174835 -0.4596004014188028
0.00023278136299684083 -0.1792729293862989 -0.45506394174799636 -0.9726047308327324 -0.5131920285970473 -0.33882018199377284 0.6926239658989909
0.00023278136299684083 -0.9017698194597499 -1.0463679819268146 -0.1276821744723153 0.5337316494068871 -0.1218640850960721 -0.6454618171087831
0.00023278136299684083 0.08056991872634608 0.24242103515623278 -0.3557609291419135 -1.2240952891277734 0.8114941982681985 -0.23406887263860948
0.00023278136299684083 1.1862066279699162 0.7319675435303817 0.4960364893006867 0.3426137687286391 -0.4763692596378084 -0.3176876024308764
0.00023278136299684083 0.053075633186119506 0.10591121548789216 0.14396570849508003 -2.095571335627317 -1.1578180628925454 -0.3736983305317377
0.00023278136299684083 -0.35227773956184266 -1.132551301198177 -1.2113511551428433 0.005273804673175865 0.064550073244722 0.5730122275329601
0.00023278136299684083 -0.6538888723426053 0.04751080872703668 0.5586504658691683 -0.4619891575894769 0.6950906521093632 0.5159060523898599
0.00023278136299684083 0.5259741356593026 1.1044659398249521 0.04404162189885541 0.412937473143987 0.023198770159627756 -0.483631442577808
0.00023278136299684083 -0.08888646039018432 0.3381221451246994 -0.06707059025271724 -0.7974448403363175 0.9480130666650098 0.6219711414313942
0.00023278136299684083 -2.269754532996065 -1.0558805668608664 -4.360123172678262 -0.2502438735869481 0.015040718385937936 -0.11870986813432537
0.00023278136299684083 0.5180597660784322 0.23213038084388335 -0.5594947505866672 1.0122047790687694 -0.018479256686384643 -0.6921571642695131
0.00023278136299684083 -0.8395882421845774 0.2078031413787707 0.12977106230815663 0.17418638494609226 -0.5329361438232036 0.6219587420843029
0.00023278136299684083 -2.4267780339942533 -0.4567664276203593 -0.06329214475980499 0.09739831043962668 -0.30320149909160793 -0.25379679787948345
