0 25 0
0.9311254519873633 -0.0024306691765558002 -0.002054921885679326 0.0006348236197537225 0.0010004590357652675 0.0006941506721504253 -0.000883492185976047
0.00023278136299684083 1.531695509085333 0.3878823223837641 -0.07554975777005198 -0.15239293199447038 -0.28582366485098526 -0.04074613435164207
0.00023278136299684083 -0.23500887665136228 0.6022953467998388 -0.18882263358617757 0.5603655532291332 0.7660604667535872 -0.08213811502197016
0.00023278136299684083 0.4425909252805195 -0.6606372483057427 -0.008038907376962489 0.8775652681993897 0.40574011816469 -0.16905613068171163
0.00023278136299684083 0.541475512387116 0.41903892707133067 0.14879613688533844 0.7692167326399607 0.6974863064746344 -0.03993593790210088
0.00023278136299684083 -1.1100945580695483 -0.5547897494312114 -0.3464033999670407 0.06464452980875726 -0.18530697488703723 0.20008663800364226
0.00023278136299684083 0.9361364486788477 1.0815770728263343 -0.285507968649629 -0.140898236256285 -0.3168811348684659 0.021553915495922067
0.00023278136299684083 0.9822239862370745 2.714374879584523 -0.5526450840746675 -0.16899075522579698 0.2398897704396523 -0.052833600072302464
0.00023278136299684083 0.5129520867461086 -0.5632279555921379 0.008905389123443849 0.6782688625912177 -0.8777791794238314 0.1639739247429597
0.00023278136299684083 0.2751444175882354 0.5291752566828112 -0.11472526115156909 -0.400136506594364 -1.26729634145377 0.0286202458988815
0.00023278136299684083 0.6135978702378007 -0.21581687179364045 -0.13397032123320732 -0.6185267956703794 0.11929355111571743 -0.19119482584316494
0.00023278136299684083 -0.003069898723215554 -0.6556149110253175 0.09468822047422969 -0.22037399322810994 -1.1573093062809796 -0.0050812312501921884
0.00023278136299684083 -0.1293215423268376 0.21869633725633805 0.25983765083692456 -0.14136059787697225 0.23671915067429508 0.29080344380572837
0.00023278136299684083 1.466374138063611 0.8312591123286883 -0.21762609114018303 -0.16448358652811748 -0.390807318264489 0.07983783765793334
0.00023278136299684083 0.003934343284646014 0.812122308693766 -0.24468545476775852 0.6212301179550601 0.6198530121937721 0.015363690173878914
0.00023278136299684083 0.16186785626902295 0.015376118980646013 -0.0167092584559661 -1.7319764290047506 -2.4639912165398967 0.46683016894075663
0.00023278136299684083 -0.6431277453890882 1.5963083163026488 -0.32790335072746696 -0.23172399432027138 0.20317414654741253 0.08992247948032406
0.00023278136299684083 0.4541264255027225 -0.5710319934345374 -0.020410979147106663 0.30893936207107703 0.2843636778210306 0.08566432609750033
0.00023278136299684083 0.39357795104146415 0.40456109131129125 -0.041105295522759114 -0.47870594473921685 -1.2039237326316214 0.2008417685320657
0.00023278136299684083 -0.033425015068442254 0.035688956246032924 0.05526915992167774 -3.350119792162697 2.962834086411941 2.0020864922540165
0.00023278136299684083 0.4804447907687108 0.5912653136172987 -0.06477504170251816 1.0068701702358143 0.550315202584688 -0.012942509665064513
0.00023278136299684083 1.349666334231208 0.803606894614164 -0.09844969296559132 0.07949850650428199 -0.0035110052616479305 -0.07266184640275046
0.00023278136299684083 0.5009408785616565 0.09784068698789215 -0.1761705030899494 -0.8841922999216371 -1.0941885433020375 0.3071717704451756
0.00023278136299684083 0.5496160866991943 0.25787209369255115 -0.10677342201618224 -0.8476880125122582 -0.3076111646491981 -0.03712815335896718
0.00023278136299684083 0.6803587817878146 0.041865236916178356 -0.08651861291171406 0.5631346297395549 -0.30790259536916526 0.28493052692526893
