0 25 0
0.9311254519873633 -0.004095824284929099 -0.0014223101385052496 -7.671590719888205e-06 -0.002048534362721765 0.00117690710824464 0.00012825171109855373
0.00023278136299684083 0.9158038990950791 0.4472205028350626 -0.07998127492180156 0.5391781786600081 -0.19756456550088303 -0.1553889576228699
0.00023278136299684083 0.3056283152449929 0.38975940483475824 0.2406213897476214 0.5623779847557446 1.0981739523320846 -0.07002862540949412
0.00023278136299684083 5.686531555811756 0.7917908504156805 -0.527072298065107 0.06904182221033983 0.0831863791188698 -0.02920835163269588
0.00023278136299684083 0.427881214271115 0.6658340050965444 -0.07562430622096941 0.5642895403111127 0.6510548305909349 -0.08778602669509646
0.00023278136299684083 -0.2937257019410235 -0.39796649658459987 0.10613466688057065 1.143612466136347 0.7777622426719473 0.25267563365874346
0.00023278136299684083 0.7403249881309611 0.671483025095781 -0.133354720768134 -0.6214380020836785 -0.18842971008165843 0.12596617227591386
0.00023278136299684083 0.6490112133556818 1.1839131631453848 -0.13397155782651612 0.043859759839354646 0.04381458340718828 -0.1773440583704272
0.00023278136299684083 0.7021896043840188 -0.31922013559890133 0.027770505809891186 -0.2489075593173123 0.29969854768242415 -0.12389714276079251
0.00023278136299684083 0.8206558078566073 0.7882218440288341 -0.2158392358811256 -0.11047251272582158 0.32428765995514836 0.04848282312550234
0.00023278136299684083 0.8128031479352087 -0.6997258097724686 0.1428337569240031 0.3426920100433975 -0.4692211845762756 0.17942286677349653
0.00023278136299684083 -0.2027378592165252 -0.414491337598849 0.00015287923752733311 0.37177579383275267 1.5754999402691172 -0.0006656268230433662
0.00023278136299684083 -0.06421392329242359 0.26265126169946285 0.020830489699031927 0.4626719213731465 -2.0004309115601533 -0.16324659428345187
0.00023278136299684083 0.866775896815777 1.2829976152348879 0.20310600733669437 0.3852551668036929 -0.05085231453118348 0.031068106802489986
0.00023278136299684083 0.5568611256093112 -0.3405122945141496 0.11726496422659838 -0.9208319815221404 -0.7260419210523223 0.16035798931797562
0.00023278136299684083 -0.12323455371470227 0.4604538122256928 -0.10430603668081945 0.024708781408029897 -0.9928826610705186 -0.11260985684267667
0.00023278136299684083 -1.0087266125153875 0.7839232013385904 0.15176557780125263 0.16443534044443336 -0.4940214581085738 0.06418768047957142
0.00023278136299684083 2.1912708889250814 -1.5712167796235683 0.26037141155488397 -0.26829762257129486 -0.007065455781635839 -0.01462378974136988
0.00023278136299684083 -0.45574305315081115 0.36267693792633676 -0.11258977016791043 -0.03642874863086357 -1.4716211832325998 0.2896213398230954
0.00023278136299684083 -0.12006816370051276 0.013542793220974724 0.05088390823074276 3.183388137714723 -1.499561421231792 -0.7152428603252589
0.00023278136299684083 1.7048851801358678 0.10986567790964925 0.27136140629161976 -0.24712364338751006 -0.30414916094964756 0.16658134954602505
0.00023278136299684083 0.2880395182810359 0.17323083596505146 -0.10819648280909928 1.80265391024596 0.32129169111155437 -0.24258117601421944
0.00023278136299684083 0.8200668784946584 1.0234293142586326 -0.1301998462514241 0.11130389430996335 -0.5169778180087962 -0.038371238345877766
0.00023278136299684083 0.8286611402046442 -0.14256347910812445 0.016874799442595442 -0.5134287999770973 -0.45726880207947185 0.10497186174594174
0.00023278136299684083 0.3343566326932723 0.1639426415877781 0.0418501292894403 1.3898216130137717 -0.5063096923523291 -0.005348363075696696
