0 10 0
0.9311254519873633 0.0012968106950195723 -0.00027696097594659755 0.0002006010200345593 -0.00042749367380471605 0.0004446490655356729 -0.0002495619055104087
0.00023278136299684083 -1.3303484963021361 -2.4495284007130174 0.1578887754695906 -0.2417302563478977 -0.22789681957006033 0.003992810337156557
0.00023278136299684083 -0.15360393316788282 -0.357649267164422 -0.04203753541100019 1.8650979426062944 -0.3169316043146735 0.3846656497787736
0.00023278136299684083 -0.5102296975830523 0.22639659804486015 -0.3383788936991338 0.8388854030518292 -0.376251948030217 0.5562099584132941
0.00023278136299684083 -1.0949849904825444 0.5433378882621822 -0.06053937425344446 -0.2138043064757379 -0.05428382469802766 -0.0906287268029995
0.00023278136299684083 -0.16878105972819754 0.6615508677800473 -0.22546458432300157 0.329321344513569 1.0438233455724553 -0.2016601289607349
0.00023278136299684083 -0.8108593524427232 0.5842778522109024 -0.16793568888824542 -0.02879569516885299 -0.7109391023779091 -0.1427684034125653
0.00023278136299684083 0.2989963061363251 0.7910513898226079 -0.2320855409225283 -0.7234453587604636 -0.37686113008994643 0.12169515837463443
0.00023278136299684083 -0.3663753364281016 1.1540165330514667 -0.004409170146812763 -0.5943719177767705 -0.1372492690153014 0.10920197952511113
0.00023278136299684083 -1.0510562200792093 -0.04560955750917434 0.11055793203632146 0.4788175395768922 -0.622005909619012 0.25753932478896524
