0 15 0
0.9311254519873633 -0.0013902729340744004 0.0006609473715027868 0.00023634183881491005 0.0010879735861512145 0.0017461360722722205 -0.0002810004136559453
0.00023278136299684083 -0.7725363004348639 -1.8839013060960104 0.0857553292460411 0.11523386621658424 0.16641670407665948 -0.0023638097284551522
0.00023278136299684083 0.07344033088617291 -0.4952421643038206 0.13114282805611394 -0.6241671381182461 -0.10830462078726803 0.1358817381582825
0.00023278136299684083 1.4681485087690835 0.49862686857839017 -0.5378581642106232 -0.5535661340596445 -0.12363062223315448 0.1844671602216409
0.00023278136299684083 0.36467233471724486 0.5820087672136254 0.08922356195357577 1.2065912688153264 -0.25990162889128426 0.010123805990334099
0.00023278136299684083 0.46645567219415685 0.24092301219590823 -0.2171118370764022 -0.9728510491142006 -0.6783952872147385 0.08974870330313532
0.00023278136299684083 1.342920306198284 -0.3017622129901812 -0.2831259745663365 -0.08424755304820444 0.46380561769282586 0.13521156004405932
0.00023278136299684083 -1.0542979561123902 1.4372025161291302 0.006323821173902483 -0.4723523814249801 0.0796709815247269 -0.008201259998779326
0.00023278136299684083 0.3761317279122551 0.47894278905927984 -0.09767232225958652 0.7474358697111817 -1.084576127591944 0.24002554768621323
0.00023278136299684083 0.8259019586478218 -0.3694806175067261 -0.15672146035320803 -0.5856399582628291 -0.5963396557746066 -0.0024351650225157835
0.00023278136299684083 2.8792034097110646 -2.225117731818426 0.0640746079441962 0.03490166013976542 -0.18691358735927618 0.014216371892962893
0.00023278136299684083 -0.12490281566423954 0.18583337558061336 -0.07294824363848451 1.078581801461239 -1.5880855172129429 0.6314828568031904
0.00023278136299684083 -0.2608329961298489 -0.26535375030963787 0.046429505544295195 -0.801983780198369 -0.15773228101963593 0.2782803459366742
0.00023278136299684083 -0.07634708424247415 0.12353280237733143 0.03947446642524656 -2.4564158516103443 -2.1189175603372012 -0.6430119312814371
0.00023278136299684083 0.05313463984064705 -0.6500018341203785 -0.042353473498374095 -0.9834149651121352 -0.7916407039610406 0.060575730618476216
