0 30 0
0.9311254519873633 -0.0010592695411100453 -0.0012220722477500972 0.0005862815931301654 0.000168032336941151 9.86221591796369e-05 0.0005473094428334321
0.00023278136299684083 -2.125084474748744 -3.6365168208740895 -0.09493531608480875 0.11490930761984305 0.08460793288008034 0.015983886025663745
0.00023278136299684083 0.26994513713340557 -0.18268732203989527 -0.5100897632660139 0.8173672330918487 0.2716160143003254 -0.8628304631710313
0.00023278136299684083 0.07707066205573558 0.5800177894619417 -0.47492680072060406 -0.7123595538784452 -0.16683088339851943 0.2397683474848566
0.00023278136299684083 0.8207147459413157 1.3264823529331309 -0.3927843807367205 0.06585658493227661 -0.039537133597644845 -0.04711021746240205
0.00023278136299684083 0.052595844011887494 0.4866971556141542 0.01540682621085628 -0.17807518101642814 -1.5900176498919407 -0.04574345007331249
0.00023278136299684083 0.4248041438710045 0.1491342297053532 -0.15538286674723822 -0.8193208730024131 0.5974796478553299 -0.8911106447893061
0.00023278136299684083 -1.261037785669052 1.6322308791710072 1.0435182179181555 0.046209993750233394 0.21543246800107715 -0.14952879519758777
0.00023278136299684083 0.6827147134424433 -0.4599692808323816 -0.5068794302054234 -0.917539167976379 -0.3078708038958311 0.06490015665309189
0.00023278136299684083 -0.0006871259828261828 0.5616941139658701 0.12946640217134817 -0.8034405144303393 0.15420444519804297 0.043149697108579146
0.00023278136299684083 1.1220580998130727 -1.2274161974727609 0.23492571127500894 0.5579976757428879 0.059807146276769134 0.052841702650091325
0.00023278136299684083 0.15411957127499573 0.4122857659533563 -0.09966110539708826 0.6248178380289044 1.1363232102713585 -0.4609486391122937
0.00023278136299684083 0.029910039626066625 0.8817678161672832 0.03573983341881952 0.05766407144945071 -0.25638774495837346 0.18735641278483606
0.00023278136299684083 0.8702081279547479 -0.023174890249344913 -0.02379195685199612 0.22358784321820357 -0.7604369168645927 0.23422706662972398
0.00023278136299684083 0.29028178688374956 0.5243101140066717 -0.21983070246786404 -0.7160195691549552 -0.09673357552818337 0.22674775646630707
0.00023278136299684083 0.8655446669958471 0.6148149386404624 0.11102958152888659 -0.05558819286461725 0.1853236985675852 -0.3583075283309059
0.00023278136299684083 0.6763025739003772 0.8116076240722417 0.062227942762324885 -0.32544445463773325 -0.29609451389349256 0.3133848603293356
0.00023278136299684083 -0.0017101333402960467 -0.19173035936266702 -0.06425414589371424 1.9107555241392011 0.5341900655242373 1.8496170750218879
0.00023278136299684083 -0.29762837238197176 1.1133951832064 -0.5723485048611642 -0.28040107849355866 -0.26177341935813253 -0.07433034909186918
0.00023278136299684083 0.17978867544964147 -0.29264862140138015 -0.826860933539186 -0.15863971409641403 -0.028655552072530243 0.7674658906742527
0.00023278136299684083 -0.2890560404189698 0.16324918104075697 0.8549778846458723 -0.34788216438665487 -0.31971776523306866 0.2929630591187958
0.00023278136299684083 0.044034776672651196 0.37040957369782085 -0.16291379584228866 -1.6260706966027703 -0.05502336777732046 0.16567564636472623
0.00023278136299684083 -0.29031280258239794 0.799970686512674 -0.08965331951437304 0.3963460650756409 0.37371289709953887 -0.03259432755545835
0.00023278136299684083 0.06727897736138327 -0.5103650300226862 0.24720891939405049 -0.6096504919616431 -0.009806111087191413 -1.1950088976171362
0.00023278136299684083 1.379988953670292 0.7588968502007913 -0.8095873179106922 -0.5775349529110337 -0.19408683584974037 0.2664679795984101
0.00023278136299684083 -0.009626548538686714 0.3808012697710953 -0.15776411169574658 1.2083908839369213 0.8970299953572242 -0.7395290057959992
0.00023278136299684083 0.7286549191527608 0.6684622087587051 -0.46543034910605147 0.43125501680478606 -0.5532744309531799 0.07905174857329855
0.00023278136299684083 0.19912886082525158 -0.20933394343961217 0.21923612882162682 1.2348552257517527 0.4052946792306971 -1.1590683152939056
0.00023278136299684083 -0.4049485416821174 -0.053090578503818535 0.04239992825227611 0.5832921186021762 -1.5337590707026114 -0.6011853768049632
0.00023278136299684083 -0.017975286237801685 -0.5610056976967714 0.2858310519210872 -0.8174681244953448 1.16049493778154 -0.3715430465214137
