0 25 0
0.9311254519873633 -0.0021724539319631885 -0.0018655447874877512 5.570999967490026e-05 -0.000991960049368378 -6.461453072590077e-05 5.404077340192763e-05
0.00023278136299684083 0.40069168267896205 0.445328824749797 0.02286753333179748 1.309960104900313 0.29130084481780566 0.12024614420400488
0.00023278136299684083 0.29561930780451795 0.30166035051603785 -0.01910725796960877 0.3458072252450727 1.3828362995964394 -0.19504580229600701
0.00023278136299684083 0.31017736424737213 -0.49646436554845264 0.0995601472136245 1.255765161644352 0.22919438127298333 0.14642313763176398
0.00023278136299684083 0.5695325359588418 0.3958028432048985 0.010383228115088308 -0.7246516150997581 -0.7334547876661736 0.17454776344874867
0.00023278136299684083 -0.5724506650439699 -1.0569100085275276 0.01906258353621279 -0.07991779413275135 0.1047479414138009 0.25448189468814986
0.00023278136299684083 0.9945394907667894 0.6594226302957382 -0.2128716683478604 -0.11325475339029441 -0.21131911583696739 -0.19539421635604828
0.00023278136299684083 1.2237088590918561 0.6063069359114157 -0.08849360670223946 0.006046586711139488 0.6741128433528428 -0.1619666244223361
0.00023278136299684083 0.8075679151370564 -0.012864124938456513 -0.07211154999754517 -0.29025683757426773 -0.4325060853814624 0.0989608580964685
0.00023278136299684083 0.6940860722872029 1.0333060323416812 -0.2497450880104223 -0.33497200824832984 0.03518745128419655 0.06265024243848769
0.00023278136299684083 0.004652451637344394 0.1335667370419593 -0.052944198378396395 3.1699857768199444 1.063260123230781 -0.8300808639881901
0.00023278136299684083 -0.7688179314545392 -1.1931672527674413 0.2156510237915781 0.25133007801141527 0.26411099811661787 -0.08053100847769092
0.00023278136299684083 0.5929813347862408 0.9179551108494718 -0.06924319570437848 -0.11585317607972515 0.027245100911717498 -0.04050157645178634
0.00023278136299684083 1.125608929627289 1.4705897832592754 0.18237460424327648 0.40198027406144304 -0.019004251846183935 -0.010042815459128517
0.00023278136299684083 -0.2060743334992871 1.3684826787408917 -0.14601547786898872 0.4630481571564753 0.19091544203101807 -0.04708296050066176
0.00023278136299684083 -0.034062809323530785 0.7256769550547952 -0.0890238924989081 0.045268085160098004 -1.02885427540645 0.12782604765921493
0.00023278136299684083 -1.003156545096639 0.5613038367469999 0.0017786012147750934 0.4302851774526919 -0.4561140083115796 0.027673623404229554
0.00023278136299684083 0.9118952131426015 -0.5923383704022097 -0.047784828074406406 0.5801830814918496 -0.5606006833477302 0.04515920233277318
0.00023278136299684083 0.35253921603203525 1.3271821830341737 -0.15245617983808243 -0.11203205489024866 -0.16632686127278837 -0.10459375001814161
0.00023278136299684083 -0.6323816065878082 0.6038615593097498 -0.04931810209472803 -0.20173680106482403 -0.20624143045771323 0.0830933623723384
0.00023278136299684083 1.1042984557141555 0.25346613739760676 0.3866741754362939 -0.4436293457536482 -0.3879168277603121 0.0749729268274088
0.00023278136299684083 0.0978122297211033 -0.20857844116694543 -0.04084148918726315 -1.6261141567144675 1.510687293358205 0.06329950660023634
0.00023278136299684083 0.8053129422873895 0.5800410554983503 0.035647009009360235 0.02743783393754103 -0.6408548089085615 0.01144269915540307
0.00023278136299684083 0.671453870821897 -0.03633033074879533 0.001228781511197645 0.0321839981471161 -0.5683934578415595 0.2080985254371837
0.00023278136299684083 0.9442817471165249 -0.32512160990419964 0.09188884857002612 -0.30902280031763196 -0.10355400244532369 -0.04979940993413126
