0 30 0
0.9311254519873633 -0.002054256383104083 0.0011577503095621517 -0.003093629959408036 0.001362748095719312 0.0014779402023539254 -0.00019397830456069993
0.00023278136299684083 -2.986332902852853 -0.22687651217452132 1.4056074452275813 0.501126458769602 -0.03541849153737797 -0.24499467069300637
0.00023278136299684083 -0.14611716184660947 -0.10507153400791186 -0.1624410198203847 2.0671057354785005 -0.5180645535664866 -0.25913902827211815
0.00023278136299684083 -0.10670866811638212 0.37002063388387296 -0.4221067406398351 -1.3797866781317094 0.46521492916143 0.07213068169944659
0.00023278136299684083 -0.30740148742981516 0.24790429923436838 0.05724908319694634 -0.08140386067162501 -1.5468570417442784 0.5180323224642396
0.00023278136299684083 -0.4222158010808493 0.5973461636779883 -0.4419345465596379 0.35383968128264437 0.049119834279065695 -0.543405737768447
0.00023278136299684083 -0.13108309648159688 1.2530662966515225 0.7236649393729747 0.5234295921391955 0.02174112999761695 -0.03257288624277526
0.00023278136299684083 -0.11511426109800026 0.2167233359977685 -0.00335321933014919 0.5634441167034625 -1.75825930683672 1.5478201833035594
0.00023278136299684083 -0.07357622457514557 0.22183496087750096 0.032725150686844326 -1.7685504461440955 -1.6247142139828161 -0.14500873815133045
0.00023278136299684083 0.4275259117104446 0.3275279391922354 0.1299252003768717 0.29244772668843305 1.2147705199680614 -0.6098042634755036
0.00023278136299684083 -0.15483744977853636 0.1115285439545571 -1.1287866018384582 -0.43301163197100073 0.4467436549655175 -0.026986777423552384
0.00023278136299684083 0.04943252140692988 -0.33208185798322853 -0.13878440226338146 1.5392833593371886 -0.04068359724195118 0.3160344689687336
0.00023278136299684083 0.013329557603629293 -1.0064914711582695 0.32285425181725314 -0.568892252759118 -0.27705673816428866 0.46591724291527026
0.00023278136299684083 8.478253255796915 -6.3391665570412 13.706790288548932 0.032758917734718986 -0.01757664913048477 0.07602894878616986
0.00023278136299684083 -0.02783095516113545 0.2248137574765501 0.2017648613188569 -0.653797947437419 -0.6141281893777583 -0.865104375884052
0.00023278136299684083 -0.2809789310345374 0.14634387408914581 -0.6564788711135217 -0.7562387047857945 -0.027616341566733208 0.7793498368581467
0.00023278136299684083 0.18826108910660688 -0.24989153633797642 -0.531234323179924 -0.7064294149209003 0.03242598127343342 -0.9949595691101909
0.00023278136299684083 -0.06642286304216513 -0.20870649517900816 -0.04383272945863422 0.5624673514964241 1.8702091490154893 0.3728894097700405
0.00023278136299684083 -0.8000699144276118 -0.027145909524805185 -0.28036892802568397 0.15796060492283365 0.9185749265186952 -0.4743765101188748
0.00023278136299684083 0.9735323959233286 -0.060359319616223976 0.6803107461155943 -0.28781007634469746 -0.3612423561950171 0.3396852267154349
0.00023278136299684083 -0.9299421936890694 0.533923357811424 0.15786921399656603 0.004294751281495146 -0.1845828371032483 0.0002583418639446238
0.00023278136299684083 1.3150566423849475 0.588350836679159 -0.7052681457797078 -0.0004546927079638141 -0.11561136391394447 -0.17530855085599484
0.00023278136299684083 -0.3890405565471191 0.29550368009987815 -0.16076775629049928 -0.934492547712596 0.49108102315170854 -1.21391222089926
0.00023278136299684083 0.03619221383729773 0.04110075754813221 0.027807693483602982 -4.8505859304160985 0.15800365615559508 1.9986184294453024
0.00023278136299684083 1.540751564790344 -1.913332766144639 0.41052166597840506 0.007883090577190771 -0.07178532366029948 -0.3580595489462693
0.00023278136299684083 0.6684271452902618 -0.08149486155210577 -0.28575488872045524 0.4951487693980859 0.37495644260861816 -0.1959951364901605
0.00023278136299684083 0.04039016976597693 0.07776389496228749 0.15856942213148062 -0.1195489439644619 -2.377158689358733 1.4090106266492357
0.00023278136299684083 1.8645182095182808 0.1460036259543186 -0.19353860829508515 0.0468481649753429 -0.30461056722651014 0.49902200662615864
0.00023278136299684083 -0.645208821838625 0.01437955441298665 -0.015272120591238107 0.24121016458972452 -1.250982315754569 -0.41003586447397855
0.00023278136299684083 0.20423614422455993 0.5054820699047072 -0.471217222712729 -0.29923774028460676 -0.8282534801497298 -1.0692206290173685
