0 35 0
0.9311254519873633 -0.0017478693894439404 -0.002510353557363059 -0.000713272469575689 0.0012425244786382183 0.0001838273677510577 0.0001568764245322953
0.00023278136299684083 0.3587688753418877 -0.7380971191708691 0.027520216209768283 -1.1425833751177668 0.17383446106921008 -0.37979391316861316
0.00023278136299684083 0.007831065480383669 0.7382040571756183 -0.07237192333193908 -0.935901813128402 -0.4279783774378858 0.006517925638153438
0.00023278136299684083 0.45157659421987195 0.2416438067723728 -0.03533501154988971 0.7567071069032271 0.015659342240643977 -0.20394606861248563
0.00023278136299684083 0.6123625632146665 0.018191805320324564 -0.06523433508776105 -0.7869126759495318 -0.7113258110906981 -0.16322035190162165
0.00023278136299684083 0.711286782146558 0.46150912588852366 -0.0448187330054314 0.6690501232795771 0.6623310316996858 0.1556015441887847
0.00023278136299684083 -0.45302915969835333 -0.8028534528710052 0.16129353357396778 -0.5376010399195041 -0.12908625000787874 0.05858840303575487
0.00023278136299684083 -0.6700005031791659 0.6325141108795044 0.3111655774071379 -0.3668357913580907 -0.600866863880963 0.11019619499682294
0.00023278136299684083 0.2532707476160508 0.3516345377386183 0.3525965973342188 -0.4313060642957407 -0.6064758774685196 -0.6052298318180181
0.00023278136299684083 -0.5556554582104549 0.3833813027593343 -0.06802462196051251 0.6355984969905911 -0.4022814556006603 -0.08971819500970327
0.00023278136299684083 0.08317507533866805 0.38478193335445654 0.05882309981348422 -0.3271572525902916 1.505201819317464 0.2460498412732369
0.00023278136299684083 0.43723228095096617 -0.6664286075663947 0.18209452260683648 0.7722419836430048 -0.4388619874298757 0.1167278654361045
0.00023278136299684083 -0.6867047301953616 1.1390519089811342 0.0733572776593011 -0.1802892365011601 -0.03192147903577962 -0.06169911285044769
0.00023278136299684083 -0.16841463023814388 -1.6623126917825504 -0.0966359426498247 -0.13206895729219228 -0.14957988690170912 -0.05847139991373133
0.00023278136299684083 -0.47641567679627583 -0.25705758728407413 -0.03769143043839226 -1.1901739512083933 0.4538770331284374 0.07746576331625431
0.00023278136299684083 0.06472377226283448 -0.4187601267485755 -0.1451307433455786 -1.5489052233486056 0.30848477097252697 0.6868506076844955
0.00023278136299684083 -0.6830470946832553 0.6238045892999694 0.12244166070985749 -0.253529741480587 -0.8861644754006758 -0.27387428148556836
0.00023278136299684083 0.7508679557606895 1.0787543120855203 -0.15312085189520902 -0.31887557018954 0.575973808975093 0.04094889810217968
0.00023278136299684083 0.5551076461828791 0.4475753065910564 -0.06452836479004424 -0.4028564790053332 -0.22635044627110354 -0.13497674945280624
0.00023278136299684083 -0.29465342514676035 0.10284048585630383 0.15784777849600454 1.022124003787136 -1.6431432125963208 -0.5086707967026208
0.00023278136299684083 0.2306245666094818 0.14967218679333974 0.06672220630092042 -2.1923625022780713 0.14504329160087198 0.016661442843003974
0.00023278136299684083 0.5846067700486045 0.3055601182709662 0.11712763230107459 -0.7238671653951361 -0.5025113720395483 -0.024035311790769995
0.00023278136299684083 0.8814437576080589 0.6612705851156487 0.1264758273419613 0.27479488915784017 0.07371293508012282 -0.05181311335279094
0.00023278136299684083 0.007174670510959948 -0.18230775266059934 -0.02935625166176663 2.720422188132405 0.583314710672108 -0.34567378749595684
0.00023278136299684083 0.49184549444361997 0.7709187658614634 0.1423293653603517 0.3036312514131464 0.7068105377786355 0.2161367042471553
0.00023278136299684083 -0.13743590111321632 -2.169089157847866 -0.15471897359326053 -0.17728095987633077 -0.19261046568058457 0.0346699324165146
0.00023278136299684083 -0.37259723625253094 0.6226618257621579 0.27641304843988823 0.0962183303519134 -0.7207365827264626 -0.11606751778492054
0.00023278136299684083 0.5790964622598771 1.7667980290933247 0.4679234672528725 -0.2866268177515997 -0.11744865616458493 0.0023093727885310647
0.00023278136299684083 0.8241643405064887 0.29294120615853586 0.167733432989774 0.2616386852267288 1.0204001417385455 0.3065665415680078
0.00023278136299684083 1.5834596667192689 0.8018671873204012 -0.22682397800558718 -0.39217119969882414 -0.2359230766823115 -0.03688116437720718
0.00023278136299684083 -0.06175423422505042 0.24426412577886403 0.13661671770171524 0.6615620771883608 2.0171830119547405 0.47965557307722634
0.00023278136299684083 3.149249471704922 3.3810048178017857 0.7787597204954971 -0.011654451703560815 -0.012096994051105295 0.01086680771036398
0.00023278136299684083 -0.7699735059042657 0.5879419809140366 0.022164422874332946 0.699705706470288 -0.3437109508539831 0.1642070052580374
0.00023278136299684083 0.3021484694856793 0.2951847874887383 0.10836089005490576 -1.5046740650439736 0.2097241898509446 -0.08839738686541303
0.00023278136299684083 -0.5988579149919793 0.4543478263192306 0.18911404469412496 -0.00015842396445770216 -0.8077863357626128 -0.21505713912713315
