0 30 0
0.9311254519873633 -0.001756352060788853 -0.0018649110878125729 0.00020317523205574776 0.0019681349164790527 0.0010432083183690751 -0.00047777175896699325
0.00023278136299684083 -0.6179389591554509 -1.2252386418900738 -0.11651251991648788 -0.36734962646154184 -0.4902474120183125 -0.06413922837446165
0.00023278136299684083 -0.0758255664657195 0.41763872105301336 -0.027884159110332898 -0.23964354766123222 1.655976997337127 -0.19434511455822143
0.00023278136299684083 0.5879907037218379 0.5018685177765219 -0.04187923669606423 -0.40836263981532506 0.7302000340578821 -0.1734814292191086
0.00023278136299684083 0.6162370311559305 1.1730501218627718 -0.11961764412395626 -0.29079652294804414 -0.05300101241967515 0.005014092897238971
0.00023278136299684083 -0.7205525798709319 0.815784555950976 0.17002535301326377 0.09697150417598922 -0.8317742098930244 -0.07627182401247871
0.00023278136299684083 0.21541092119789865 1.0629098863252735 -0.10724029315762865 -0.2851571583853016 -0.34320646738019417 -0.19888519117426887
0.00023278136299684083 0.45529529521776796 -0.6717701014487453 -0.07396072252619067 -0.07649422668382881 -0.7711630837354767 0.15206527031168768
0.00023278136299684083 -0.08194799055626054 1.1322538045686514 0.08760949006163785 -0.23517369033816765 -0.04633058262798925 -0.07711868278110544
0.00023278136299684083 -0.10301045244574907 0.6916871584042877 -0.08658351062733455 -0.06747209676005199 -0.9990420747645463 0.08981282992447193
0.00023278136299684083 0.8269396891607874 0.298683840127755 -0.010596252105671096 -0.5145469827515743 -0.19010709921105032 0.00499701823318272
0.00023278136299684083 1.3007196884311347 -0.36066331050220274 -0.20115338777038302 -0.18049814293343905 -0.23708778462776514 0.016881333827373404
0.00023278136299684083 -0.028068223989177705 0.4148042066702084 -0.22187297746682857 -0.7456652895595142 -1.2140981960306692 0.27393533571681333
0.00023278136299684083 1.1129783806555282 1.1150187354129961 0.10832697395460117 0.2640114889848815 -0.13903005596296242 0.03408609616624541
0.00023278136299684083 0.3689313839720695 0.5267159248670437 -0.0019871910521110743 -1.1032979995158005 -0.24673724830838878 0.01939482384654857
0.00023278136299684083 0.4692308800973869 0.16685452586563837 -0.11993334176391925 1.0919292259541213 1.12761412494883 -0.35378818180502886
0.00023278136299684083 0.745357737490221 -0.4126297262244013 0.05472331614506153 0.030415149859853198 -0.37507034184964083 -0.0024062228360500902
0.00023278136299684083 0.010471895448073363 -0.04477753928321503 -0.012955756018644432 -5.621042968604769 -0.05736168103629935 2.6105599801282726
0.00023278136299684083 0.538958612158935 0.8319358101168918 -0.0521825952357726 -0.0009255643584640274 0.5031855877106572 0.12832780331298294
0.00023278136299684083 -0.7745833482706475 -1.0043677226996306 0.019148340583245833 0.5355363179009073 0.23732741788591502 -0.08598191244456509
0.00023278136299684083 -0.6407587956872011 -0.5374886062335995 -0.016747164707284892 0.49138129486696686 0.9737662858787377 0.07758669014703741
0.00023278136299684083 0.7565280147714102 -0.09967523711081608 -0.09911949989028568 -0.42805748229968515 -0.11184024829882161 -0.11100745968418045
0.00023278136299684083 -0.7393164327990415 0.7559249933709553 0.01220394751142344 -0.20987177631900356 0.21740690109040883 -0.14441409581572665
0.00023278136299684083 0.06053593964005755 -0.8092100114375438 0.005687592382747662 -0.33490816021234987 -0.9248892592248928 -0.08550212175607261
0.00023278136299684083 0.3377133669924272 -0.04367063419964615 0.049186080947541545 1.6216651854694877 1.1043762748528099 0.16065800668376914
0.00023278136299684083 0.932357981373059 0.4083928566994512 -0.1165743880825206 0.20069770394697936 -0.2626447578637695 0.19610677880345515
0.00023278136299684083 0.14501235631986623 0.9753519428169022 -0.14586053099017945 -0.268566466674819 -0.5504733692820492 -0.0038931548619239495
0.00023278136299684083 -0.010301878739916268 0.5153071088544184 0.18321538633457266 -0.08171123860927039 -1.2066872497204115 0.07263308518418388
0.00023278136299684083 1.2830769121514647 0.6078166162782188 0.0005927122337672533 -0.4796982543943857 -0.37741358097162 -0.010419367817255411
0.00023278136299684083 0.05396568117926066 0.25713655525727674 0.06924104985074375 -0.2659077017888271 -1.294481182011124 -0.34931812217484165
