0 35 0
0.9311254519873633 0.0002739704547970188 -0.000761335517008814 -0.0003453243970795954 0.0008849576570521058 0.0002061623545269914 -8.093261101885081e-05
0.00023278136299684083 0.14230983671990563 -0.9230715386684238 0.16065261811882126 -0.8878716198819914 0.07199544189097978 -0.08905427547000952
0.00023278136299684083 -0.16668931606004925 0.3694130356114968 0.022740868115071367 -1.1732987669650567 -1.1230966796348247 -0.13765783721520714
0.00023278136299684083 0.024024814911682048 -0.3179978489108682 0.03424087316537136 -1.9481220654853357 -0.061331525196287456 -0.46069709578643253
0.00023278136299684083 0.6354005760581928 0.3146770830764705 0.09939145810694076 0.6269038535756681 -0.847429334700224 0.09032472431143448
0.00023278136299684083 1.5564668227879235 0.8259640036591659 0.34210028229384654 -0.3190161106126324 -0.3210341470383744 -0.04773600001550624
0.00023278136299684083 -1.1134925208886532 -0.4129196110291704 -0.003668874986173076 0.44596125409014964 -0.06890157391681272 -0.07790110673129326
0.00023278136299684083 0.7620144731152929 1.379239479820448 0.14236955104665508 -0.37250854647610954 -0.026249340383927386 -0.053986683459837245
0.00023278136299684083 0.1129872837103781 -0.4546047095892165 0.04727311526974751 1.381443402450139 0.08169084764422739 0.07845369950892786
0.00023278136299684083 -0.5082895063817449 0.21745843225021114 -0.07851125613077893 -0.6103422691346521 -0.6803037557393345 -0.023137508069091397
0.00023278136299684083 -1.176241204532315 -0.11433832451751251 0.05812773759716661 0.2056664826814517 -0.5017946409269519 0.04247008453988999
0.00023278136299684083 0.1730691972135164 -0.9681810431043474 0.10175518291969902 -0.6594770018358497 0.3082431087172666 -0.0731167247186998
0.00023278136299684083 -0.33760567873542685 0.6540026958659105 0.07578333201836325 -1.0248654466047122 0.0013902370161574449 0.08397017495531348
0.00023278136299684083 -0.6269461546736145 -0.8339027838464763 0.07072293064820369 -0.6666755024825143 -0.6915213543288187 -0.027403383593100426
0.00023278136299684083 0.28154053568321985 0.3714217147840119 0.005280743696210613 -1.1443138956578944 0.7840146127606311 -0.24101949524981509
0.00023278136299684083 0.6708087878278814 -0.19328079593094064 0.04093932816412406 -0.5131122847327018 -0.9239983444683327 0.02999983265096553
0.00023278136299684083 0.07489169742720389 1.2811041011913333 0.22151330995354998 -0.5028572030874052 0.07863840671669961 0.08222159058626963
0.00023278136299684083 -0.2669463448639882 -0.4281049288309133 0.009569969487553261 1.4113258534450572 -0.655562870938682 -0.1088513600841736
0.00023278136299684083 -0.521668655768103 -0.19000283530651355 -0.09071823039739728 -0.37475322575612924 1.283788805912356 0.09205605475180544
0.00023278136299684083 -0.14390967575435554 -0.2772412332123317 -0.043348850448341456 1.7840750845908493 -0.5788117072532051 0.24065976842800121
0.00023278136299684083 -0.33326636692917344 -0.2835810929273273 -0.13850004973756397 -0.7371793458764303 1.1657221163207667 0.32136120259027545
0.00023278136299684083 0.7068960234538489 0.1563367853515011 0.019937857958921362 0.24626663543874452 -0.7738886331082349 0.17408588314584203
0.00023278136299684083 -0.26039449584136914 0.24475189093564434 -0.09025418661821497 0.7080164505542049 1.4906157443851487 0.44198000209683735
0.00023278136299684083 0.5833931371792237 0.37058882786792324 0.11691697869158957 -0.2053323996230867 1.079899108806046 0.03983365562379679
0.00023278136299684083 -0.47810683869359516 0.3246320332116498 -0.10139089720896585 0.6177695816018567 -0.41697707256429245 0.1287738300173057
0.00023278136299684083 -0.5243698626384761 -1.0347998996192171 0.15242619230329021 -0.42178245902038053 -0.4146987718664621 0.09115181882417851
0.00023278136299684083 0.5412608186646205 0.5928237234156619 -0.01736856816676819 -0.6065550245203805 0.8354176233508118 0.009732818296394396
0.00023278136299684083 -1.109832846761536 0.005851139065190797 0.03385027877596699 0.2896598455381528 -0.5471954456916207 -0.07446771732541531
0.00023278136299684083 -1.5571334127128982 0.0621552685510639 0.1028744064251698 0.4422152991146042 -0.593048981133383 -0.030613868569204325
0.00023278136299684083 -0.25383104836888254 -0.1528705173293194 0.047548179662193275 0.44100200274545054 2.1233228876686647 -0.20492992621140255
0.00023278136299684083 0.23044845607693415 0.22690904463554867 -0.03946306813385531 -1.4408628560440753 -1.4099859892921769 0.02938792558438971
0.00023278136299684083 1.726492502963258 1.8891382167182347 0.039345890921196516 0.0708576918282283 0.08217456918774416 0.02765026724879473
0.00023278136299684083 -0.07041163283138743 0.4893188246674722 0.0016931946736977374 -1.2344807288168105 0.16738731357297648 -0.1014217828642827
0.00023278136299684083 0.19625458797723874 0.47791467709452523 0.05871435145033401 1.2834825683910507 0.27172944232185936 0.06827900769074316
0.00023278136299684083 -0.06500580852316436 -0.6234617469157991 -0.021247061317236884 1.3489301183601217 -0.014849516198363121 0.0033328685877092603
