0 20 0
0.9311254519873633 -0.0007026368465161374 -0.0022512009645511344 0.0002482771100960831 0.0009691525200160327 0.00023919920007148997 0.00021689361131095556
0.00023278136299684083 1.8425572139625845 0.7847892200551873 -0.01279754971288803 0.19425018919717688 -0.11667175970165915 -0.06054442316905021
0.00023278136299684083 -0.9840066062546234 -1.551768102268418 0.00085188461752979 0.04974546995602555 0.16718656936017867 0.03484592326546015
0.00023278136299684083 -0.4621241143729187 -0.04373295477161374 -0.12222155637206442 1.2564798599063378 -0.878432390263747 -0.07239540746645959
0.00023278136299684083 -0.30777875147860273 0.7095712563637531 0.06310450224649054 -0.8975781735095094 0.3885462537732032 0.010136028427157483
0.00023278136299684083 -0.19702927650448737 0.4690403915108884 -0.0910085839530125 -1.1140071296694625 0.5123000612254663 -0.08508197257537971
0.00023278136299684083 -0.5411672306282903 0.9399722955550253 -0.12722989708988391 -0.3556770793802925 -0.7897219676106995 -0.06299967654177921
0.00023278136299684083 1.2493407259873048 0.6253444735523997 -0.14925940326667633 0.1848289627852047 0.40309386638677125 -0.10735966884231293
0.00023278136299684083 0.1952785087766714 0.6131597692533428 0.088368063307937 -0.2383571823978538 0.6988952567362468 0.15480952461352593
0.00023278136299684083 0.7065804385353234 1.218720732989791 -0.1970909032953746 -0.48360056389473227 -0.5838343773262296 0.03050722419830531
0.00023278136299684083 0.35265932169278497 0.14347977376372417 -0.04210454436144089 1.2295504861327062 1.3114166940359293 0.05892994489030693
0.00023278136299684083 0.4946613387494092 0.7232125799235871 0.16562751018210764 -0.7712631247378925 -0.39369964092524323 -0.05839192072494803
0.00023278136299684083 0.208748683364253 0.9638148218806546 -0.04683931430846818 -0.5266845341194546 -0.17049766770472843 -0.001602000026117911
0.00023278136299684083 0.7535373628317577 0.844687208027628 -0.3221761229762859 0.444562871104107 0.5128699532862224 -0.17018072182801566
0.00023278136299684083 0.3454057609822429 1.3116298061957543 -0.08816658773814523 -0.4530907972447955 -0.06974273231579686 -0.005616399482180252
0.00023278136299684083 -0.9768822938856501 0.22978242169641686 0.024646663201543545 0.5005471270818378 0.19831648920257988 -0.0062743469209994495
0.00023278136299684083 0.40918083081962253 -0.09027912590681789 0.07380662041773144 -0.9576659317435847 -1.4855481884253112 0.051792258093173296
0.00023278136299684083 -0.26208498125105534 0.6043315005552057 -0.36823687318188747 -0.8878391788439896 0.433807801439985 -0.11420153025625462
0.00023278136299684083 0.40385932305813144 0.1983284457994779 0.11820075900710136 -1.1067886556951387 -0.5466864705241562 -0.317189700984502
0.00023278136299684083 -0.42018886832448893 0.31071934402666596 0.03941689289135178 0.05597730500917686 -0.5483945509349643 -0.1467575799137518
