0 35 0
0.9311254519873633 0.000439783817370836 -0.002461827227402463 -0.000289062088497197 0.0015054884451187573 0.0006709364368334005 -0.0004593739539843584
0.00023278136299684083 -0.5460638351055758 -0.0516213279877405 -0.022827928114350766 0.31302146184012414 1.5203672531810113 -0.2757537451865312
0.00023278136299684083 0.36676416211907686 -0.26185296664811875 -0.01872590271761242 1.150707669024692 0.8860316660146892 0.22426812271347368
0.00023278136299684083 0.4126216231293693 0.30071681346366846 0.12045844265065275 0.13532759858955495 -1.1334332558789324 0.10318198087648092
0.00023278136299684083 0.4782584993373208 0.8293120286852443 0.07801761421892041 0.7211828869938028 -0.09166728382479909 0.18929346918747147
0.00023278136299684083 1.3797566302201205 1.153364781936556 0.3360699584349085 0.11253787034116881 -0.029339495553922835 0.03242262978052954
0.00023278136299684083 -1.0617508560144977 -0.02643426557268127 0.023983080429109033 -0.04899478978618674 -0.40173109082820424 0.07857490666929247
0.00023278136299684083 0.964790814454687 1.1079262046753007 0.24813492034131418 -0.19300094667121975 0.1911935132383395 -0.0646350827709847
0.00023278136299684083 -0.18407554025792378 0.30011290871847623 -0.020269256514176857 -1.4915697436725674 -0.6530460931194778 0.05652712695558723
0.00023278136299684083 -1.1826792882792945 0.1582997376840332 -0.010977453203780272 -0.07990476158744395 -0.482438473403513 0.11445372459169059
0.00023278136299684083 -0.24874880014591083 0.8546464200988101 0.041685534880258404 -0.8201140350335624 0.26022527622766917 0.12200526294169828
0.00023278136299684083 0.8852302635528827 -0.5575749498376663 0.021307346305097945 -0.12014282540027149 -0.6933379188738269 0.05468329435761808
0.00023278136299684083 -0.2617917174711861 0.2351463940576407 0.027300441806209892 -0.9529100834348189 -1.1829197413384203 0.03429893621798008
0.00023278136299684083 -1.004751775561074 -0.8738184357878419 -0.10381628957329514 0.4510609389127263 0.6692437026438324 0.018584560910632857
0.00023278136299684083 0.27639244600721347 0.4311699594743839 0.041094141335944114 -1.1000515199048706 0.5281544772396526 -0.2377806666510524
0.00023278136299684083 0.21351199287077538 -0.511809799365887 -0.015568960519474128 -1.1073143523921212 -0.299953083975052 0.09882543464244488
0.00023278136299684083 -1.2643585470006506 1.4382248882529354 0.18087686593505853 -0.3839020167771924 -0.25053698883519165 0.003818505312981183
0.00023278136299684083 0.21777948051889487 -0.27450617527835297 -0.029366335132731833 1.725501101085562 0.6477239896787849 0.19979127075165637
0.00023278136299684083 -0.3421125263228184 0.044388015342444326 -0.019809326414317582 -0.0720720543117211 1.8477744654137593 0.29947120343449607
0.00023278136299684083 -0.10884937026728503 0.5269239814645496 0.030936212774684294 -1.294339695398051 0.3490325887098452 0.14033128790613905
0.00023278136299684083 0.5930308979997252 0.20579527481214646 -0.008372807942854148 0.6852570557029664 -0.6953530042163879 -0.006687935644758187
0.00023278136299684083 0.214164499784555 0.5713759805970468 0.015375088044209603 1.3200249959077974 0.19831916356671828 0.15961062094365994
0.00023278136299684083 -0.08521578177806792 -0.38224805585374155 -0.045275089219401196 -1.4860461943227965 0.7628622662972752 -0.7141669913285562
0.00023278136299684083 -0.49333152382793016 -0.08860015619146053 -0.10449452794050888 0.5632599936427464 -1.3960299898768047 0.0832437386568534
0.00023278136299684083 -0.49924841872155323 -0.21510283566086144 0.006510161916255101 -1.1112924972494687 -0.6205398309441416 -0.09005014721095032
0.00023278136299684083 -0.35002064137746897 -0.2501261306779519 0.06024129865271755 1.0779077787141196 1.2980319366510746 -0.2710643104181988
0.00023278136299684083 -0.4425302120368826 0.633157315767677 -0.10705283702255743 -0.593339346077932 -0.7423152061196348 -0.036984201851372134
0.00023278136299684083 -1.0851373430367492 0.11193141066231756 0.11116681462969313 0.44979043677254377 -0.5904051120412113 -0.10255737218179573
0.00023278136299684083 -0.22506439582972002 1.5189098674939572 0.0013536198398535857 -0.6137513861189646 0.160601816522023 0.01195984790764015
0.00023278136299684083 0.6759981850965405 -0.9046212189807867 0.12868897055381853 -0.27678281603099075 -0.4168791727086114 0.10671921994593558
0.00023278136299684083 0.127386690824982 0.06608751358881244 -0.10127733901760415 -2.0386621744196343 -1.1054881805625711 1.6284637835199447
0.00023278136299684083 0.111197411876828 1.7334078154089638 0.17596521842243318 -0.047301767547898124 -0.6899915918481395 -0.09134182272242074
0.00023278136299684083 -0.40283607969755153 0.8992829300629223 -0.06320549453194206 -0.5102555879746261 -0.13534799746508083 -0.016870507939992924
0.00023278136299684083 0.6651253330370129 0.13789186289768787 0.03473592067207141 0.3052128547757604 -0.8713404472045767 -0.056571051014839474
0.00023278136299684083 0.44742245241793493 0.9875531223067745 0.1433862500101866 -0.6909978286662687 0.478786095900218 0.04143072263467977
