0 20 0
0.9311254519873633 -0.00022144510352482176 -0.0005842291004497732 -2.787421684220876e-05 -0.0003835097989946997 -0.00030185317002004105 3.1000455459834484e-06
0.00023278136299684083 1.2846001157520124 -0.9523987023258043 0.12362854724289449 -0.4396912188911414 -0.36278026066339597 0.020790932213997314
0.00023278136299684083 -0.5790867184119192 -0.4276636268346757 -0.011935679295943908 0.4149434406795667 0.9685243890834603 0.03444205084724919
0.00023278136299684083 -0.32280393640437605 0.5591104535652897 -0.06083601796914496 -0.6812068357796667 -0.41743019600470066 0.13832082939249452
0.00023278136299684083 -0.3001883820195047 -0.4192232674582193 -0.029174377039666084 1.1979591228835171 -0.6273222195242065 0.10396102126651272
0.00023278136299684083 -0.4870648244008868 0.3721475876438704 0.012611438603352062 -0.5978361910769294 -0.7510772130791644 -0.014440194563787595
0.00023278136299684083 0.357807710131095 -0.10237517987297369 0.04710013988497948 1.004362319211031 1.4501197413473073 0.1058105241281751
0.00023278136299684083 -0.37335638171672964 0.43571772432082617 0.05459106038529648 0.9133754756609502 1.1506463184810618 -0.0034440950601293987
0.00023278136299684083 -0.4296896545448573 -0.11803027005539844 0.03228989347324014 1.1539182286413925 -1.1878561332318123 -0.09072755769210633
0.00023278136299684083 1.37598643681063 1.6366537463140007 -0.09091842119036396 -0.040665388411898234 0.06102929211865267 0.0436901276734773
0.00023278136299684083 -0.33771451048017137 -0.36810372972315775 0.056155511654168204 1.0149842668194806 -0.8077908658045561 0.06281203870461062
0.00023278136299684083 -0.05036418168506922 -0.2862588700997664 -0.09367602600718301 -1.796362280941837 0.7218232631392995 0.6458585726719188
0.00023278136299684083 -0.10682342599508853 0.8947772455620596 0.13745419233273734 -0.7333631825710187 -0.32854484998000905 -0.13728480329245585
0.00023278136299684083 0.25255497100109137 0.17332561754544315 0.25349445483254246 -0.8155025145526024 -0.5582308174038882 -0.8108038408092463
0.00023278136299684083 0.4910155095484215 0.1580151609012184 -0.009868046374566734 0.7852271863439464 1.1264850066136403 -0.01712643715562272
0.00023278136299684083 -1.0812760521521543 0.18511248889374285 -0.05500120098602122 -0.5856177153141887 -0.25369478504213744 0.004474973113392639
0.00023278136299684083 0.03551436932830434 0.6475650648953055 -0.19544948309489837 0.061251773436225766 1.252279353818429 -0.3815300555615438
0.00023278136299684083 0.6405531110086611 0.534203191071325 -0.04982587504528507 -0.03310530501400974 1.0651652322923197 -0.02994435391072613
0.00023278136299684083 0.7633133743736255 -0.38173180878987645 0.002223548065831287 -0.7998530466578878 -0.4447083266090126 -0.0008304449022035372
0.00023278136299684083 -0.24719711604422412 -0.20392642375429812 -0.011366792103132982 1.5112210615138657 -0.8492242494711297 0.3135705307520595
