0 25 0
0.9311254519873633 -0.0011516402877734283 -0.0002747186998174984 -0.00015823427120103083 0.0023808439291731253 0.0008823362437517748 -0.0009132989422906773
0.00023278136299684083 -0.17147461202627348 -0.07584923660402022 -0.000911025525265072 -1.3137746236742598 2.628800398664855 -0.5341267528246828
0.00023278136299684083 -0.2588409508478636 0.6920078246479313 0.04976384217716944 0.3414289573436964 -0.5762463933853027 0.05864551409035223
0.00023278136299684083 0.3381425767986769 0.5173164392993441 -0.10705350526306637 -1.0327806699301203 -0.3967040032257713 -0.0001198747814216827
0.00023278136299684083 0.12476665013890965 0.09075967934653013 -0.04381599032616594 -2.219657422428442 -2.26456736947812 0.2798090186213395
0.00023278136299684083 -0.28883786431763836 -0.46833948571692857 0.14610416122411368 0.9447988577434295 0.99076107372637 0.30437068896359526
0.00023278136299684083 0.44132710601970343 -0.12383097407246352 -0.08687373327955639 1.3996319436520037 0.40934159568709233 -0.16577320053098293
0.00023278136299684083 -0.4430411402160809 0.5825794626531127 -0.1281377667789733 -0.24143165755943943 -1.150834597257884 0.28466754331117755
0.00023278136299684083 0.4059911821404246 -0.11117663373984757 -0.01155486084520757 -1.3425759239386792 0.36471371075318504 0.034259418500038843
0.00023278136299684083 -0.25153285813226856 0.5739329918884599 -0.030017148756162917 -0.06273916767345747 1.3155632771483503 -0.038457418547290824
0.00023278136299684083 0.7884562762513662 -0.11891573958501724 0.04868344644689164 0.9544334747471653 -0.3949623677013921 0.006920155821788243
0.00023278136299684083 -0.47145933209832536 -1.734915389870197 0.18912770854575373 -0.13632564965956098 -0.20089682483963842 -0.06661526828283071
0.00023278136299684083 0.179761573101347 0.9590771898298283 -0.08329372379857693 0.03755006438506269 -0.4617537005713529 -0.012007810207729619
0.00023278136299684083 0.6675462251937693 0.3535112968191679 -0.08206940906762923 -0.7038617137829714 -0.8692804721111177 -0.010349663015851811
0.00023278136299684083 -0.07646597239588439 -0.0035559827062719377 0.04833626562611127 -1.815970653452794 3.8168987316776497 1.205502650773939
0.00023278136299684083 -0.07781436015986001 0.0598426740423606 -0.04161555210242812 1.0608322328374564 -3.6827783071430726 0.9534667962675748
0.00023278136299684083 -0.34673258771435594 1.105618251881321 0.056315436996760546 -0.2990645429064385 0.41162462465539135 -0.03294860043809835
0.00023278136299684083 1.0588969520509235 -0.5698770192639927 -0.059266655752822 -0.3530131634289942 -0.14419011167352883 -0.1955245366731652
0.00023278136299684083 0.010134662377472457 0.09296497033501905 -0.11571695480284304 -0.893330741231118 -2.8423759906126023 1.3319008398460606
0.00023278136299684083 -0.34509583033146857 0.22328911427536435 -0.03347493293300172 -1.4317800262532352 0.8985828263551678 -0.041596703708480814
0.00023278136299684083 0.7315701497432502 0.02428803527397226 0.40476091014608306 -0.7014142913037075 -0.5819360726740216 0.005614703912462744
0.00023278136299684083 0.4934917542224586 -0.6070751648122281 0.14244547000440208 -0.11483909212615574 0.5446103343134622 0.2701852524224268
0.00023278136299684083 0.899450541183269 0.1662679436412744 0.10709184712278995 -0.12566748698747754 -0.7864218602686515 -0.029257779910083853
0.00023278136299684083 0.2983043160827629 -0.1410939496233317 0.10945132202486844 -1.77665550304402 -0.02174936774483146 -0.20510542811557037
0.00023278136299684083 0.9000166940236688 -0.3879514986742393 0.1546579337208963 0.3028310819795598 -0.5355441093013362 0.24973622366814305
