0 30 0
0.9311254519873633 -0.0022307844283821127 -0.0009901740082426441 0.000441614006572035 0.0011005568419627408 3.681270990660889e-05 0.000996559787150306
0.00023278136299684083 -0.002682418260251458 -0.0013966459311388205 0.0005781571068803953 -2.9768840870793802 5.328611208965592 -1.9751582156205136
0.00023278136299684083 0.472562598281039 -0.18170679777400078 -0.08452613380746903 -0.3985096558247936 -1.0070470967463332 0.06280558088312971
0.00023278136299684083 0.37783523740604746 0.8825758781092573 -0.20551583584395255 -0.44305692145124415 -0.2648289100113433 -0.34755546290143596
0.00023278136299684083 0.4221285459000762 0.07726214549960855 -0.136333587604155 1.1607842162224906 0.9079527601731426 -0.11405625278083358
0.00023278136299684083 0.2536871457906022 -0.8472241450259844 0.028405703149256046 -0.5461330807728946 -0.1069943607541494 -0.25594390335871414
0.00023278136299684083 0.270246807424365 -0.7839265009673746 0.038473422614115856 -0.4715896748963995 -0.5666296874869006 -0.011943470982591232
0.00023278136299684083 0.6081791675813019 -1.0239934684436118 -0.1398978420681576 0.20722899445305673 0.1603424121190056 -0.05570423970410477
0.00023278136299684083 -1.113524282641263 1.7023589835173312 0.44909810385046767 0.13429230985992782 0.24960247407647593 -0.09777234659627215
0.00023278136299684083 0.5006690736170836 -0.15678858888043862 -0.0505698548964978 1.4598761208989153 0.6054493740951761 -0.4097020506915302
0.00023278136299684083 1.5084495156046183 1.5938952081539235 -0.6326120642595572 -0.2366879348379591 -0.3467040122809731 0.15658920206622876
0.00023278136299684083 0.5220916069125143 0.41020881992267844 0.13334623384213662 -0.7284863889549831 0.7658597914243475 0.007325862325956925
0.00023278136299684083 0.2959905251261501 0.49296678541131717 -0.19999614270340985 -0.5753198142464659 -0.6558893365539857 0.007492575553470107
0.00023278136299684083 0.45355306427549447 0.4108542784984814 0.06366673128765438 0.9942712149880586 -0.5504636834582697 0.1923403135357879
0.00023278136299684083 0.5849759965889058 -0.7626303401458678 0.03290783226449075 0.6067218660235516 0.6002836668390061 -0.2141454561634303
0.00023278136299684083 -0.3278633195391108 1.0694103365490797 -0.05954198464074067 0.36128991308123254 0.3044673859117723 -0.0735001305284422
0.00023278136299684083 -0.007707887557433571 0.47426800066942526 0.14858444322154693 -0.7984419998624763 -0.01720046263869535 -0.10459314237339778
0.00023278136299684083 0.2911565487726849 -0.11745051955549864 0.19517204353920467 -0.9138510742435365 -1.5500238569294624 -0.37569195040994907
0.00023278136299684083 -0.13677909874699262 0.20094382829479404 -0.049269655711414534 -0.3394568138287741 -2.23476292246132 0.32693213524126885
0.00023278136299684083 -1.3385398690033627 1.0031426233733312 0.4147159190210679 -0.3390255668393786 0.0791174592474725 -0.06180446830786689
0.00023278136299684083 0.4785604609369519 -0.10090357006750382 -0.34818538969361207 1.185628302619666 -0.6739524985265842 -0.35333663174780017
0.00023278136299684083 1.3641453827496286 -0.3092540304063191 -0.025816926091682145 -0.11677184898223057 0.29702754736778275 0.07521311258250762
0.00023278136299684083 0.13988518326934854 -0.6433289971842562 -0.20076038299184304 -0.8417865356054519 0.7134673816331909 -0.12217050397180053
0.00023278136299684083 0.2916835922887186 -1.6412727037164834 -0.22087355370337303 0.021028530614458082 -0.481750524451176 -0.043883836166498186
0.00023278136299684083 1.507890346199576 0.14120067034227246 -0.18076867729823667 0.12617565055124247 0.34009154840526007 -0.10162235167482062
0.00023278136299684083 -0.19441330515524977 0.16690960944037433 -0.002427155256047833 -1.578143386462679 -1.772558612997283 0.0591369571470102
0.00023278136299684083 1.0168676689942988 1.3826846740985976 -0.26578008914513596 -0.1457836014791958 0.23166043568555067 -0.28149774707709696
0.00023278136299684083 -0.31643263051640286 1.471953845097116 -0.5148372767821264 0.37069078153132345 0.1354180736326897 0.07000481440191389
0.00023278136299684083 0.3082347956937778 -0.5910980919218416 0.01103013744241477 0.9570957823077785 -0.08739026283103714 -0.08149758952915333
0.00023278136299684083 0.6922872615238872 -0.35896525398792584 0.03527779887009014 -0.5373826656348305 -0.5504061310753963 0.1375000482477517
