0 30 0
0.9311254519873633 -0.0016409803817412831 -0.0021004138063722617 -2.4284029855840894e-06 0.0009789930036856185 0.0009339250565647175 2.3451320649199185e-05
0.00023278136299684083 -1.129509879044366 -1.0224451257219527 0.029700476323900337 -0.28150102373497793 -0.4675476107618966 0.025601985273290124
0.00023278136299684083 0.2006645588892425 1.1053377717794906 0.054205591261406436 -0.28856245458999286 0.37222041218734214 -0.08814131759589165
0.00023278136299684083 1.0176175039605704 0.16745134576959636 -0.024062459617631506 0.4168454553587206 0.4291525068175467 -0.04206753622540643
0.00023278136299684083 1.0755876109958755 1.1497505362924343 -0.09975643391747376 0.046563473754777936 0.35499421975858214 -0.07850829458554526
0.00023278136299684083 -0.45407735082106365 0.6069453421338709 0.10978619608447349 0.030755252124175677 -1.1680689723521984 -0.16199435054611122
0.00023278136299684083 0.010976969393877123 0.9300757933643234 -0.007158585826510583 -0.40420760965427954 0.759154043037195 -0.1583829806829797
0.00023278136299684083 -0.159551708816161 -0.17208460689417396 0.06819792752951258 0.19192402483920823 2.4490964882335495 -0.4168467725603346
0.00023278136299684083 -0.247692906365572 0.5257532525844555 0.0756894735244976 0.20913063640887078 -1.1459772356632825 -0.025484475684895494
0.00023278136299684083 0.2476825180233164 0.9312682653720007 -0.12171819857806046 -0.41995200066493515 0.5578149997961425 -0.021055894654454812
0.00023278136299684083 0.05757275361223461 -0.30283372456445573 -0.34304916121526113 -1.0370050067296086 -0.5067854935737935 1.1156080263600612
0.00023278136299684083 0.6387053764847505 0.1586780460183728 -0.07852251774405801 1.1296209987996695 -0.36386884586920576 -0.05982849158908428
0.00023278136299684083 0.45404890275074866 0.8664375137025593 -0.013283629873519566 -0.1383526270411681 -0.5062594127617022 0.24687493790016551
0.00023278136299684083 0.8680271389782864 0.3329805142327733 0.0934248686692289 -0.46388890086931145 -0.6812362714576278 0.11948800015996121
0.00023278136299684083 0.9923104667949267 0.39869446116596424 -0.06384935081844162 -0.057806337247869745 0.43735907358573484 0.06075552153793774
0.00023278136299684083 -0.3331637410537483 0.6936158135335768 -0.012754367071833559 -0.3914950016010629 -0.7913493719891581 0.07984344104400769
0.00023278136299684083 1.3626574405734304 -0.4751258958486362 -0.11574265321876429 -0.08113721414776812 -0.22810026442249304 -0.06973104322136682
0.00023278136299684083 0.6922274059214005 0.9498996091896118 0.11899697370859338 -0.14622659135106594 -0.4310453528190922 0.15565757789819518
0.00023278136299684083 0.7069974540409644 0.6659047324657842 0.06119518594731581 -0.33441633270789944 -0.6715462359083278 -0.22265876982045588
0.00023278136299684083 -0.817947605511407 -1.0302670502239177 -0.0033679576017589985 -0.1779937145397838 -0.22580556678880098 -0.07894544407676592
0.00023278136299684083 -0.05265940172123603 -1.1302371269596156 -0.10734364653339826 -0.31214632979811524 -0.1477324130250521 -0.04152078885126774
0.00023278136299684083 0.46553028173521527 -0.29020081994062474 0.08246286123130098 -1.0248355581263981 0.005413241097675931 0.07545616263585028
0.00023278136299684083 -0.5770455215382453 0.3525292361750789 0.058451154272231465 0.8544936086579615 -0.527267188827174 -0.08243442730528087
0.00023278136299684083 -0.1291886872836897 -1.0663789645335853 0.1549418073351564 -0.4171360836599123 -0.8511669835871523 0.015263725960616797
0.00023278136299684083 0.10847507441407829 0.4958689523951059 0.22540989387831523 -0.6045828461069382 -1.0344371061006088 -0.4124913070248386
0.00023278136299684083 0.5947470732094826 0.058492058628606354 -0.1636169070083256 -0.5455206219713257 -0.4573836661101063 0.018216744260370153
0.00023278136299684083 0.08068527531197407 1.040518504977558 -0.08710766961938231 -0.1299128077173643 0.4104208803819702 0.03715501213565532
0.00023278136299684083 0.24558274184372858 1.4749813422249216 0.10193654170193311 -0.23058589030908072 -0.030345341010236032 -0.05809269543072588
0.00023278136299684083 0.7691095516666714 0.11555569671836811 0.10817957473738891 0.7996968167578539 0.40859094229965687 -0.026478152686892496
0.00023278136299684083 -0.12444776948162203 0.8704897514513416 -0.09153137561850085 -0.10773732887485643 0.31600629957365395 0.0009363247793895225
