0 20 0
0.9311254519873633 -0.0017392916121985742 -0.0027374709189526896 0.00047007229260180653 -0.0005522133757015892 0.00034759048233838283 7.713045265070825e-05
0.00023278136299684083 1.5206327315570909 0.7459322076393299 0.19811254363567551 -0.24456866082999193 -0.05486912592690794 -0.03923183573911719
0.00023278136299684083 0.5738769550978157 -0.3967005806079383 -0.20598207550675568 0.16661944491065447 -0.7474233610490072 -0.04187680613810411
0.00023278136299684083 0.07708768671007077 0.36315820307920366 -0.09998145204087006 -0.4957057518472905 1.6092462259074383 -0.3211495912151595
0.00023278136299684083 0.14278935811459234 0.4979804841566102 -0.0739847020098663 -0.424083672772118 -1.4653780346028595 0.22443639112087116
0.00023278136299684083 0.4279744361193032 0.8577070223158749 -0.07275970687764109 -0.17731806193336389 0.296188948833406 0.12993080288325745
0.00023278136299684083 -0.3481577175775435 0.01960850122406118 0.025742108583007916 1.0234632791532843 -1.1838296247188533 0.04292168539429116
0.00023278136299684083 2.2719857062233855 0.28271696644826233 -0.302275633875341 -0.04873283156683085 -0.31914216207328855 0.0034947925028619466
0.00023278136299684083 -0.3804479477668858 0.3404147024815388 -0.09983458343966196 0.4274170773931203 -1.2735640919701778 0.0111024518741312
0.00023278136299684083 0.6917849909621011 1.2134035624632875 -0.2125870390784263 0.43631996252706745 0.6306921783227404 -0.028979524820903154
0.00023278136299684083 -0.6377893967920965 0.617900562247128 -0.1974082396408587 -0.407958345689164 -0.02771763448026054 -0.1350629076027315
0.00023278136299684083 0.6401076916916563 0.4993112892093667 -0.007715380574602592 0.25796791833789895 0.30107627143918547 -0.1963362391726575
0.00023278136299684083 -0.3602566786080534 0.1813191891016845 0.03959795930283247 1.0285727950061383 -0.6823318811542556 -0.14888675225216094
0.00023278136299684083 1.4429028961272339 1.2522936622977285 -0.3045276909329357 -0.5693786412721623 -0.16184722181339722 0.15928252604020227
0.00023278136299684083 0.24215467015072767 -0.6009144968497794 0.08241261407313331 1.2409805514450019 0.4018704063347636 0.19037659478633698
0.00023278136299684083 -1.8022612330467245 0.7356255747364893 -0.38027562845821894 -0.25154561146470694 0.12070566499824888 -0.10598871738857367
0.00023278136299684083 0.6851435807936643 0.1818176563376145 0.05399390339260603 0.9306505897885959 0.7973981799676771 -0.05522514723608117
0.00023278136299684083 -0.4484763551130426 0.6331790854386904 -0.1560033305071367 -0.4393853844964922 0.11960815608653767 0.08189798675161064
0.00023278136299684083 1.3255867709230926 0.6821093465042158 0.008797119600935715 -0.09612226717098443 0.09802142649127084 -0.04440387662723585
0.00023278136299684083 0.892528303223569 2.8430207375907526 -0.17560995605309598 -0.1483388867122969 0.150933750054207 -0.034823643763671204
