0 25 0
0.9311254519873633 -0.001415155167858976 -0.0021754841530804924 0.00021314389645011342 -0.0002741189825934062 8.542999996125926e-05 -0.0001383279396135216
0.00023278136299684083 0.6223038944277288 -0.29061992837622347 0.008457336910960025 0.7626884067856246 -0.15641108089262692 0.05096081847864803
0.00023278136299684083 -0.4412081674684775 0.48243603350354014 -0.05071364229057531 0.6500756572474602 0.2760956215023568 0.09851174014139444
0.00023278136299684083 0.19670287395049021 0.8632940535635943 -0.2624475890392946 -0.8771006181605814 0.054227935507143755 0.10963153053416819
0.00023278136299684083 0.5440163225649265 0.35892713599377885 -0.29428508762923644 -0.10574328518608714 -0.8129613044723638 -0.10889696374865783
0.00023278136299684083 -1.0070132966543273 -0.36940594520086273 0.006186135915084193 -0.19724817945237624 -0.33533225617294854 0.17347621314944572
0.00023278136299684083 0.9688010759394077 0.09280132277666468 -0.06593814892642418 -0.2229386686089851 0.538187631391681 0.1960955892652833
0.00023278136299684083 1.2583018493168685 2.038527736326271 -0.08794274965689274 -0.29341641788117007 0.29634219427396175 0.01023275754708831
0.00023278136299684083 0.5702923352702994 -0.5071087038990958 0.2419822934400683 0.5233724515046652 0.12589921922300837 -0.42463742245812813
0.00023278136299684083 0.6240081143494232 0.6849465558113539 -0.19185928314680362 -0.0884398240412693 -0.682053735488623 0.2655973506648847
0.00023278136299684083 0.891888087007781 -0.346241758966962 -0.043655850842061465 0.13306832358396822 -0.30152116633862375 -0.100116476294069
0.00023278136299684083 -0.15744306282376566 -1.5924204151455632 0.16929698991165637 -0.11583523368947503 -0.22551240907470307 0.13067779836719473
0.00023278136299684083 0.4774776236969581 2.0457056165594594 -0.01318981810927514 -0.09479027684363213 -0.40731700416216066 -0.06354047904136098
0.00023278136299684083 0.6239558159490313 2.305585891009115 -0.2457102154889624 0.3450977838941685 0.11996464940984271 -0.03808343116904607
0.00023278136299684083 0.3423757445176275 -0.4426030745044034 0.10625063813851497 -1.0248300716259477 0.3307863110045805 0.03842082558596845
0.00023278136299684083 -0.21108137258587273 0.698655007480105 -0.15649175088229708 0.6426680174268228 0.49898383567882143 -0.35031057612016614
0.00023278136299684083 -0.5125724403595074 1.2795749114145716 -0.04303780324466224 -0.31436402684986536 0.12445171604428693 0.08438248517832811
0.00023278136299684083 0.09328883199059494 -0.03300806370244407 -0.01610871868373075 3.8030442194417926 -1.5560282905287024 -0.24091958257502666
0.00023278136299684083 0.4833023558836158 0.5649864796171795 -0.15816354870584484 0.46852006700694204 0.38566314512385663 -0.2218025329087189
0.00023278136299684083 -0.7523713231427959 0.9034838170684012 -0.07712022892451219 0.12702442724021276 -0.26190851875405513 0.018120272027539325
0.00023278136299684083 -0.036788012764787555 0.7574068910106396 0.24268951163942593 0.8728051209745671 0.4568997134858851 0.1591693363143357
0.00023278136299684083 0.29790588645078314 -0.08107983979253247 0.03043056708395788 -0.7028876085293646 1.8674748974781246 -0.3417902277068588
0.00023278136299684083 0.3199720789142709 -0.5402026311397402 0.3890492331359034 -0.9303244585381297 0.20034482028109862 0.13013070361146567
0.00023278136299684083 0.16139075005584758 0.13666220297337187 -0.3291253615476274 -0.5875203775628464 -0.49738907091812545 1.1809928354829948
0.00023278136299684083 0.3031147069504861 -0.3083666820632166 -0.01112849485781965 -1.676449497762867 -0.38060685344675443 -0.20299080587262056
