0 20 0
0.9311254519873633 -0.000521164701861698 -0.0006559753540561244 4.225950241806039e-05 -0.0005213885425099032 -0.0003303802861317758 3.1484741052384894e-05
0.00023278136299684083 -0.4458824338171498 0.5741528849843289 0.0682530763606252 0.9116095581194492 0.8366985372269585 0.014408474513582957
0.00023278136299684083 -0.40206799642836094 -0.27973976680600937 -0.053238133468751885 0.8299676740149646 1.26597463196326 -0.016709762503512852
0.00023278136299684083 0.5177674608321515 0.03228957355586183 0.08433441471913318 0.26365786924388457 1.3667272921245013 -0.10487344991876628
0.00023278136299684083 -0.5213568203797346 0.4077135341989094 0.04485413689806319 -0.5417878472565733 -0.9981250737443006 0.18367539116894632
0.00023278136299684083 -0.7145233942028529 -0.22909873700937894 -0.03269213662357569 0.5826103827438633 -0.8358786710587397 0.08107859235285621
0.00023278136299684083 0.1497119029877322 -0.2761379522663866 0.023183642546960974 1.8292807683282422 0.6305053983908689 0.13676021718601888
0.00023278136299684083 0.414200828793863 -1.0057721065238256 0.0334507725246356 -0.844595844573915 -0.06134578281504616 0.07719161469549322
0.00023278136299684083 -0.4834865971624489 -0.14242264056727622 -0.09093402995855683 0.5499919346232429 -1.0079847126324852 -0.02519806531843702
0.00023278136299684083 0.9520672540933403 1.0776363899628962 0.012918666359707058 -0.16956388510978299 0.04964175735308611 -0.016217228537953793
0.00023278136299684083 0.4630897153319199 0.8046266208979611 -0.016342223280415794 -0.5892834948978494 0.3181441650804994 -0.08834874066245424
0.00023278136299684083 0.20549535828835955 -0.4005818134191998 -0.06229669517439651 -1.4304002761927457 -0.13845517818560124 -0.20943791104628426
0.00023278136299684083 0.0214805647982175 -0.4049935351957968 0.025698532317762354 1.4578456870169292 0.9337558238526398 -0.07763293230627748
0.00023278136299684083 1.6795094034438924 0.7225319571717965 0.07968218197442405 -0.41100178341692045 -0.3285884064332739 -0.016201845420131922
0.00023278136299684083 0.2330721177655418 -0.018150610946293326 -0.07429723727269241 1.8831564644274013 1.4999103475597697 -0.42993974148595626
0.00023278136299684083 -1.2832906246264995 -0.07830637474441347 -0.03525191845985351 -0.22906167516766884 -0.35323574364792637 -0.036751090242254716
0.00023278136299684083 0.1759073873610376 0.6515260969968121 -0.12659673545986397 -0.3348365585084666 -1.246939992293327 0.24183042251545658
0.00023278136299684083 0.1755142417838306 0.7970472202514491 0.01721657710173416 -0.8016768594867968 0.4746610976855656 -0.030584182100989694
0.00023278136299684083 1.1218020130705184 -0.09422566845178004 -0.07181694898213933 -0.0164620690147529 -0.5933259832334995 0.05221507895598613
0.00023278136299684083 -0.1743515744870188 0.4858063441350634 0.004836048204957101 -0.8538958748528971 -0.4906183626658477 0.13879619394513848
