0 10 0
0.9311254519873633 0.0004953869439761504 -0.00044006268177628 1.281302504389177e-05 0.00044784147595522785 -0.0003920108319858211 -0.0022467202648901274
0.00023278136299684083 -0.5103426685459235 -2.871422567153432 0.09629918578626306 -0.15847539223136348 -0.09608408717181322 0.00936644841681293
0.00023278136299684083 -1.1851823334375333 0.29253575781807284 -0.016036794040462248 0.00809631002499897 0.5017781257969961 -0.21492160336234586
0.00023278136299684083 -0.8073647114564821 0.19548524499565625 -0.010391321536904977 -0.0907481262873557 -0.8352891559666615 0.33143915498199444
0.00023278136299684083 0.0007484483603753726 -0.00033537733821905377 0.0006917802989139177 -1.5568348219140558 4.444465955099367 9.510252614640109
0.00023278136299684083 1.2481441924476506 1.149201229609873 0.0314080416680351 -0.07477627504886136 0.22521241798919495 -0.20265084420497295
0.00023278136299684083 -0.6022980297779992 0.9683952423881821 -0.16365539914654298 -0.1704744799391324 -0.64542208992964 0.23709561149369118
0.00023278136299684083 -0.5240990259605092 -0.05478553571896617 0.051635609044811015 -0.3062583199089352 -1.3651523484076962 -0.3141320370577948
0.00023278136299684083 -0.43189388547845287 -0.021997496212663125 -0.07122461407430188 0.804478030644795 -0.8682810126459166 -0.3459994161274471
0.00023278136299684083 0.8307402379395483 2.1031742287136104 0.030021411824477283 -0.24637282916099937 0.20681552317945223 -0.023568869219537887
