0 35 0
0.9311254519873633 -0.0011948309008388853 -0.0022437910936202203 -0.00039690425296194914 0.0008679597845400826 0.0012508190496066868 -3.9938084454485285e-05
0.00023278136299684083 1.5883385377167953 0.5756697249465716 0.1704017117939998 0.13673151158921248 -0.20362451061348072 -0.03714692432172977
0.00023278136299684083 -0.3281679711219411 0.15055354135849902 0.005780425970782279 0.8581664890916798 -1.6568009217349484 -0.31257064170378773
0.00023278136299684083 0.0848790123200311 0.6562122493658314 0.07826658157194032 0.6889563363331729 -0.2135218904362248 0.06983358241436209
0.00023278136299684083 0.6747806654054893 0.18243537941907245 -0.10957880536371996 -0.40618229811729006 -0.655453215752613 -0.16418368867029637
0.00023278136299684083 1.1582761268852424 1.1334685258355515 0.17143877519819742 -0.37043428497346587 -0.4353367592001797 -0.036122344509337295
0.00023278136299684083 -0.5216228149245464 -0.10326825947033882 -0.2365567986172819 0.9547201851564872 0.1846230694544646 0.4299557482949889
0.00023278136299684083 -0.272053660442976 -0.883952917661221 0.06855868211315813 0.7082370778590835 -0.7018948300953687 0.07021266866080865
0.00023278136299684083 -0.7689844229073908 0.7000334937480518 0.3466300639445639 -0.3757827968172908 -0.24634342057668174 0.03241366481058527
0.00023278136299684083 -0.5795275365340744 0.47619516703907866 0.09205273620416293 -0.27446439299016007 -1.1300589938033518 -0.053470279108002394
0.00023278136299684083 -0.40606609344729644 1.203235121358525 -0.08446249537309916 -0.5128968069511772 0.2447003594829552 0.18387697027458785
0.00023278136299684083 1.1684785755321354 0.1959184914336814 -0.05459312597658096 0.004673869148795051 -0.20038992840853154 -0.13352376947752373
0.00023278136299684083 0.17777803464107272 -0.0916176697761037 -0.029505295425204685 1.8954172907251956 1.73092895816305 0.5980005186237577
0.00023278136299684083 -0.6010169923891459 -2.6536956872695248 -0.32375610388626114 -0.15519426496709532 -0.20898946151766482 0.0009424934508660763
0.00023278136299684083 0.1632703368161239 0.15351939236008919 -0.03182927657315264 -0.7345838221161277 2.224635329213131 0.00960480687985135
0.00023278136299684083 0.5703813186976731 0.0072865523349801686 -0.004754792473490489 -0.4971148069330736 -1.2185395625358204 0.022719674913301822
0.00023278136299684083 -0.4262448361700345 0.28473735285857005 0.15032365354190524 -0.31050998222079657 -1.455104646497208 -0.28201600069139443
0.00023278136299684083 0.10769979989727854 1.436051674976941 0.014509889555949897 -0.3731737717715669 -0.07811845465246714 -0.03828158634930296
0.00023278136299684083 0.7989543681566954 0.40696524668937706 -0.06581724115244517 0.36871430235951574 -0.6556974847784753 -0.20285270462070448
0.00023278136299684083 -0.6386823802793944 -0.06679812779528088 0.05996255555591588 1.0767760896268082 -0.6817881974188302 -0.26739264440988986
0.00023278136299684083 0.9351274022456766 0.2407729201014538 -0.05658871024518945 0.1340725014028662 0.12808695216644653 0.03852247252673177
0.00023278136299684083 0.3659617675617545 -0.08965522688129929 -0.08421404685448905 -1.638993238645566 -0.7221745877543897 -0.10158786087758893
0.00023278136299684083 0.014574114746861438 0.6436842171167357 -0.04194016040778832 0.8163056984904351 0.582874093967066 0.033271038930785576
0.00023278136299684083 -0.37520866271472664 0.6130329038355494 0.08800193713256779 -0.6430092787824765 0.11257139561700816 0.23364180306797344
0.00023278136299684083 -0.1339536470134455 -0.3698032908506468 0.14189779828254348 -1.2633119075574912 -1.016453341057151 0.28507633641608204
0.00023278136299684083 0.04131555144702372 -1.1098777225122463 0.12566550230629825 -0.2955994759364022 -0.48885897243012394 -0.0029475352439941706
0.00023278136299684083 0.15625867225408166 0.3746706365141211 0.10484817340224815 -0.272883997071129 1.4523727128593964 0.3369885613299975
0.00023278136299684083 0.43087639961353413 0.40925860169205286 0.07806769639317271 0.017827489074264954 1.2344270050823636 0.06079437219646574
0.00023278136299684083 -0.6446673390147691 0.7417055662382819 0.2580553029615343 -0.3107325736425112 -0.8597483366982575 -0.09829120728112752
0.00023278136299684083 0.2039257873254735 -0.3423859349842442 0.04944695728975804 -1.355387269949786 1.1872958752261802 -0.10446282374030817
0.00023278136299684083 0.768555244555781 0.7914035334467369 -0.053446213279832 -0.3868201147898927 -0.16498109083195026 -0.28761758800003073
0.00023278136299684083 0.9469718840694121 0.9831641800047453 0.26593521130213726 -0.5315321428101825 -0.6716155053372171 -0.19374011887899217
0.00023278136299684083 -0.4473855513916744 0.552311239547665 0.1995715978010661 -0.03291379218225133 -0.3807869431658149 0.0058803053608529705
0.00023278136299684083 0.32861551361274455 1.0096603789888334 0.07461233385575942 0.3710142895121937 -0.12362241620804748 0.00014777530888496638
0.00023278136299684083 0.23788639820505406 0.7642731204673759 0.2206324912986582 -0.7619312493043237 0.08411152184598018 0.06407726224106808
