0 15 0
0.9311254519873633 -0.0008444324264953986 0.0004679499612464031 3.259351097334535e-05 0.0005760959603131929 0.00011125009017241551 0.00027103858996779784
0.00023278136299684083 -0.7871924581370304 -2.1818514995501572 0.2603111929037057 0.015012161980098556 0.13507082223360803 0.010769760939835185
0.00023278136299684083 -0.14137474809346 -0.5819047181971608 -0.14443778265973622 -0.4062433606041267 0.7393968612721614 -0.1530127511314379
0.00023278136299684083 0.3511498626889167 0.6052055343134533 -0.10184414086581257 -0.9624457722396472 -0.4222471202157075 0.06563137876067135
0.00023278136299684083 -0.24018522158910538 -0.4531464700739453 0.07727377375471238 0.04922113414109583 1.108445779715441 -0.2785013700580607
0.00023278136299684083 1.1811715733591743 0.5331844388112073 -0.2108852925694024 -0.13979289113938032 0.23672481946714116 -0.11569106326356157
0.00023278136299684083 1.2123936181566148 -0.37173073725271655 -0.017045869280103758 0.17456693665305786 0.30653030510343715 -0.004256723399110481
0.00023278136299684083 -1.1849179469762838 0.45692739515672326 -0.046164749541682634 -0.6684128744699789 -0.16226428428611214 0.04510426399104077
0.00023278136299684083 0.6153781342418488 -0.04934353412983539 -0.023248678727445918 0.4024923290435243 -1.0301995829341577 -0.209214315096435
0.00023278136299684083 0.17117208206028411 -0.5491967471066774 0.1534068713974429 -1.2471963607324752 0.4371321399156598 -0.12536304799426592
0.00023278136299684083 0.3998266949220874 -0.6890532668377745 -0.004963239377361888 -0.040360757327279326 -0.44088531337261067 0.011110910717375314
0.00023278136299684083 1.0784543555847188 0.14370575581279638 -0.06454561815912743 0.466049730674575 -0.5331544213825502 -0.05881098919589889
0.00023278136299684083 0.8589020466807757 -0.17596513846252443 -0.07523205197975762 0.13221983855352534 -0.6452075314771111 -0.1000619316172042
0.00023278136299684083 0.26112008878664783 0.5379570489098779 0.046907222748219575 -0.41088290996622673 -0.8376442700945581 -0.0707970420355825
0.00023278136299684083 -0.39816837570441116 0.9034120936214711 0.020094318462956288 0.33138895418046344 0.6633014353656934 -0.10106144048855695
