0 25 0
0.9311254519873633 -0.0017529830162815296 -0.001139254732631497 0.00026167180889064733 0.008118309641479703 0.0021787217964187107 -0.00274456792674009
0.00023278136299684083 0.15044029360196395 -0.11589588340102969 -0.01217997565473092 -2.7298719565626954 0.812597925542964 0.3197699341237304
0.00023278136299684083 -0.15924675782090267 0.3708517923192845 0.05024473131576199 -0.40926499185949544 1.4367756837052166 -0.2190653432567479
0.00023278136299684083 0.9290807710598243 -0.227261984869179 0.04024960348624329 0.6363911877255528 0.3602151521668917 -0.055392623558542006
0.00023278136299684083 0.622699145004027 0.6797721414205924 -0.06707274861322761 0.10377019022465325 -0.704299108939223 0.23929010113150007
0.00023278136299684083 -1.0538735264394594 -0.8666026021251769 -0.5296713380371995 0.0643256282395603 -0.11225999015270476 0.2636061461269015
0.00023278136299684083 0.38285089958530655 0.6592221708060363 0.09027493716686902 0.7987174815675586 0.6583763621349572 -0.15609140483478195
0.00023278136299684083 -0.21863708122754166 1.1345993212389436 -0.17821377446344983 -0.4398705307338498 -0.7776587130011072 0.04041730993106307
0.00023278136299684083 0.8159956139864284 0.21906190114953364 -0.16347880528532074 -0.3183076483875058 -0.6171506843764101 0.01795155360216881
0.00023278136299684083 1.3215093286577209 0.392988407443495 -0.06862437335879021 0.33394545066593545 0.4651371344217088 -0.10322807622724621
0.00023278136299684083 0.8869138224902605 -0.5313968706797962 0.23200140919803708 -0.3308246421704998 0.295954827389537 0.02542827722296991
0.00023278136299684083 -0.33158799550596135 -1.1361392553612637 0.01913948158178881 -0.012791259839539822 0.3439209208738717 -0.06908895027701391
0.00023278136299684083 0.11204166450356656 0.18480788441699494 -0.1264577979243276 -0.6284476245551064 -2.2918080710288464 0.3429139129117175
0.00023278136299684083 1.857404183219126 1.707902423662924 0.2859626257310002 -0.02763249378061429 -0.3030402599380004 -0.02380105030380423
0.00023278136299684083 0.06925141529143228 0.8050867095047116 -0.12110935816888879 0.6544777065316191 0.20789513278294272 0.011641611889091366
0.00023278136299684083 0.029942868440625277 0.4365708608307795 -0.07655198920190213 -0.44794684847802424 1.137359853742597 -0.2574851823045272
0.00023278136299684083 -0.21744299451539234 0.545077754547426 -0.08286471011613046 -0.8614217357975131 1.172151601412723 -0.05170942362203227
0.00023278136299684083 0.7289471437843908 -2.398175052633897 0.25714213943236675 -0.26137079514853245 0.07729641856433124 -0.012854761330627682
0.00023278136299684083 0.08146578333942917 0.7800102598793791 -0.11836525899085418 -0.6712673655687937 -0.3866012450321453 -0.0496765650258969
0.00023278136299684083 -0.9243631361883934 0.7786061727521582 -0.0481328047977127 -0.10763933791753391 -0.0053999154822943814 0.18987430302289965
0.00023278136299684083 0.4714351507964573 0.36479127021749735 -0.40959300371239554 1.1260162220019079 0.3307181170479424 -0.006449246156088657
0.00023278136299684083 -0.0014850323176855476 -0.0011544246591828904 0.00019746375519279812 -29.2865204076441 -9.873490121658804 10.814241148359624
0.00023278136299684083 0.11879711643273208 1.0158329451455366 -0.049111389364666524 0.6201058810775119 -0.3839891577736074 0.04775192349909765
0.00023278136299684083 0.5572020267387193 -0.19105332185051457 0.01967691965967961 -0.7526160260167049 -0.38476880470193797 -0.1328730796404243
0.00023278136299684083 0.7825913622104614 -0.05048368922608529 0.00985078080007479 0.4748053505073869 -0.17282024337545315 -0.19689880832267598
