0 20 0
0.9311254519873633 -0.0006071686575128969 -0.00248866558173221 -3.734586466535222e-05 0.00044284260601340893 0.0009994077526271814 -3.095381597371033e-05
0.00023278136299684083 0.15850822503839584 0.2551172826988039 0.07484217050662333 -1.3969467628364958 -1.6257437243627861 -0.24975314676034005
0.00023278136299684083 0.5817294115359767 -0.9359848961532249 0.13242855419267402 -0.34662544236927995 -0.11160468615632067 -0.08886747105641203
0.00023278136299684083 -0.5093016946986535 1.3058729639709346 -0.13245105248772165 -0.30391237781338465 0.08167334734714685 -0.0014795017499926598
0.00023278136299684083 -0.1920571330170131 0.7085468356122061 0.059782519040026266 -0.4892962798749625 0.8884328997029544 0.06075404642656096
0.00023278136299684083 0.015429683434411924 1.029137545087309 -0.08803884827992353 -0.15421910602230307 -0.5171968041055799 -0.06930519651243808
0.00023278136299684083 -0.4088056671569545 0.11463045470060401 -0.0192729453246782 -0.7960386247405726 1.1301632192530084 0.1844163011219923
0.00023278136299684083 1.7701060164168878 1.103465721580582 0.16298172618136728 0.21623342631280384 0.1247178286294516 0.034677324157304026
0.00023278136299684083 0.17566984217389864 0.7464143399223726 0.1801559838769306 -0.46106897792821 0.5933866154814939 0.07433707655826627
0.00023278136299684083 1.4658557061031803 0.607990686582372 -0.15222162002204084 0.07845591371797095 0.44491912851597787 -0.15297841609283866
0.00023278136299684083 -0.6133139421907282 1.0886256289978569 -0.09150090637836293 -0.04563326259421034 -0.8287804684322374 0.10993833260866362
0.00023278136299684083 0.38490337324369567 0.4168773188104254 0.11156307325556987 -0.7583070459766552 0.5592947843019521 -0.20640490712733808
0.00023278136299684083 -0.17071743715377005 0.09576106263551419 0.04047084966066452 1.1116599270391807 -2.3196299057333594 -0.43170676174709743
0.00023278136299684083 0.9836626390716228 1.4389896824883435 -0.08847657752026752 0.13674968745316984 0.21099578918325274 -0.08600302345125703
0.00023278136299684083 0.11885072484118729 0.5954517884355712 -0.08138545341102178 -0.22685998354350603 -1.1384880712396062 0.15757245762021949
0.00023278136299684083 -0.9272960930581231 -0.06132703266030019 0.1168455914832687 0.2108184253677944 0.5736055738527727 -0.02420830065567017
0.00023278136299684083 0.09367487186231964 -0.3574243075957781 -0.023260788361393833 1.853216217657803 -0.3140992080615852 0.41844190870174713
0.00023278136299684083 -0.31443552142269654 0.6630515386840162 -0.10086913346384038 0.6168403115005258 -0.8545115435236078 0.17249405643798957
0.00023278136299684083 0.1023782279258779 0.6624693153306669 0.015613187845847925 -1.1997486805503654 -0.03409778628681804 -0.06346588824429239
0.00023278136299684083 -0.286166602901684 0.47699639780035463 0.03217712786768708 0.18331221114706317 -0.8606679988748406 0.2853563736597745
