0 15 0
0.9311254519873633 -0.0004975970349845755 0.0001085276303411536 0.00010039962917873965 0.0005104461018200558 -0.0006037014914735593 -0.00022814520732242056
0.00023278136299684083 -0.44942745157941594 -1.5165702997113415 0.20483624228727737 -0.23626083436827608 -0.3563682895753316 0.06398750346775615
0.00023278136299684083 0.17071986533645936 -0.5619726026099069 -0.008188398235017493 -0.9773161707291852 -0.1544620211192642 -0.13513567192486559
0.00023278136299684083 0.22245010049435462 0.7390356942069831 -0.10178000449764342 -0.5825875757994291 -0.4826401737663243 0.005293854058054372
0.00023278136299684083 0.7654647411838866 0.1861787358974867 -0.07896467307450343 0.2754978498345736 -0.7788859684698242 -0.1749848177376622
0.00023278136299684083 0.765040184198617 0.6102433324415313 0.005211131650837099 0.12678932644391286 0.8518643866804481 -0.013979711725787637
0.00023278136299684083 0.9026777704606319 0.586833592501229 -0.1693468429695671 -0.1383414480476912 0.438610862826252 0.1543194553565571
0.00023278136299684083 -1.5524716103044525 -0.990868032851269 0.07613968237030266 0.4282024995818335 0.049111354152306316 0.039926947341282194
0.00023278136299684083 0.6461295398646354 -0.020515827327046272 -0.01936401539154599 -0.9136673539850365 -0.787549846467549 0.07901593034600851
0.00023278136299684083 -0.3375425443510022 0.08098307167972885 0.004281810707173256 0.7748771232747412 1.7004829586933954 0.08771811848275067
0.00023278136299684083 -0.23106693690078547 -0.39857951063548513 -0.05666346144208711 0.1145394867227292 1.2618611319729232 -0.30946572428162117
0.00023278136299684083 -0.2521922420784119 0.07307126587188231 0.0038642037051451516 0.7672474447583375 2.185403221040441 0.06444192885304276
0.00023278136299684083 0.5554654399683194 -0.27204766780147943 -0.07508993787478276 -0.4919059333751598 -0.7186363042269788 0.4336540493629217
0.00023278136299684083 0.5794003902579847 0.7685866066723656 0.010853452189944615 -0.32451050224614664 0.39049099107702523 -0.21270603954306008
0.00023278136299684083 0.20574089338749502 0.28151112030364794 -0.19738770614049655 -0.8643483193454231 -1.184476336923285 0.8304950072343061
