0 25 0
0.9311254519873633 -0.0006735440193472456 -0.0001714069400544394 0.00023381856179661775 -0.0016010057807091945 -0.0008954752451058883 0.001171225902156195
0.00023278136299684083 0.4862893415520923 -0.10744402627364044 0.13487889491206378 0.9716767981993327 -0.742762611859436 -0.01143240523598884
0.00023278136299684083 -0.18447178132152325 0.48036540105050735 -0.23266482830073415 0.0912914819926812 -0.2100392941601791 0.05389522384681289
0.00023278136299684083 0.46065486663915595 -0.6084920014898199 0.05811247820881783 1.0101445904331239 0.07718003794081542 -0.033423364619305354
0.00023278136299684083 0.009993186573605704 -0.01632574664184472 -0.03632866577634613 5.096559380315066 -0.05308296392047142 -4.121569856622083
0.00023278136299684083 -1.015727704782884 -0.27479266758959847 -0.7882284311722579 -0.29871745306012176 -0.25780978226659373 -0.05233904896014131
0.00023278136299684083 0.3733404999204915 0.776278395451534 -0.17429840112001516 0.5283446536161404 -0.49244897916120567 -0.03737007932695712
0.00023278136299684083 1.4250327184432903 0.2749631441933947 0.17664265727184628 0.32600250540842607 0.5979092406596849 -0.03952223088068786
0.00023278136299684083 0.6963529579865748 -0.15337437125165626 0.07752949221915846 -0.2928293344781031 0.4328641841366492 0.1087241133554168
0.00023278136299684083 -0.41731370174198107 0.20937292529734078 0.04079336992333073 -0.4290421387141043 1.7029124063635053 -0.006151461019729795
0.00023278136299684083 1.079615255563296 -0.38098863961573765 -0.2805920203032407 0.6557708812263923 -0.5014767683163928 -0.12212829469377613
0.00023278136299684083 -0.34828067236657523 -1.2584709884843408 0.11049779341466695 -0.021453690640150673 -0.6484566367468526 0.012092710519970047
0.00023278136299684083 0.4342775618768467 0.575007363858781 0.00031645511636205844 -0.6882266809739737 -0.8627569555783826 0.07455735718889556
0.00023278136299684083 -0.5102157785885844 0.0608948050317698 0.03885487473610411 -0.7291628048085625 1.3933807326904644 -0.23588854143318663
0.00023278136299684083 -0.10201598494402489 -0.49399032243554425 -0.15665086397905192 -1.1454421586999728 0.6770926958553507 0.0977527376729178
0.00023278136299684083 -0.518969182149417 0.4341923199702823 -0.18222992724504816 0.40546252701178576 0.9394285143717924 -0.048935030237912014
0.00023278136299684083 -0.665704114580917 0.734864933283208 0.10008302355625846 -0.26079966774726887 0.1151702321385391 -0.08826549526243968
0.00023278136299684083 0.3565399830557729 -0.3992216225912783 0.24759959794405276 1.0682270384614805 -0.6070838972830949 0.2328860141690541
0.00023278136299684083 1.6505581440051589 1.8387991831490098 -0.19123620029531704 0.05192055568133388 0.2344622538041789 -0.1196230563145504
0.00023278136299684083 -1.1644685392540615 0.8319890040155061 0.03430395501660582 0.027312701993286698 0.18411782187276493 0.08739901299070188
0.00023278136299684083 0.31723452486153936 -0.6430861648011562 -0.029811213593577045 0.8857699648493426 -0.5902785216687079 -0.09634733232112203
0.00023278136299684083 0.4777019352997527 -0.3225417791017799 -0.07050744023265768 -1.12891706464634 0.754841623106707 0.17051726157061523
0.00023278136299684083 -1.459747993646116 0.231145599875649 0.11646754868939974 0.18312976580301923 0.598051770888102 -0.18310676698369127
0.00023278136299684083 0.5476999108582677 -0.4503905648246056 0.11015866175834504 0.047595603640717486 0.5621378378077801 -0.25748668286097715
0.00023278136299684083 0.7658006441322184 -0.653126419856512 -0.03896505793520212 0.04940566797324583 0.2785480397485358 -0.06913839316661612
