0 35 0
0.9311254519873633 -0.000922748256360337 -0.0033319315071201555 -0.0013689630980779728 0.0008432616162625784 -0.0016297608400454788 0.0003790333414747287
0.00023278136299684083 0.49364352861323757 0.4543136623957952 0.16157011964478238 0.4243092971247629 0.12821373121081406 -0.4764007189736345
0.00023278136299684083 -0.07515632184463097 0.18502275212257213 -0.020625303945951103 -2.0193461950443363 1.5637540401119865 -0.0014279186406800834
0.00023278136299684083 -0.19156884328455062 0.34793158437686794 -0.025058681232293097 0.09736839454309205 1.5015738191386192 -0.021068654840403607
0.00023278136299684083 0.9399053259013163 -1.4255621144041957 0.4147885305795925 -0.6956134808534922 0.25001697429998954 -0.18169141865846458
0.00023278136299684083 0.07104571120611536 0.6115282024300417 0.06430663331307032 -0.8205588307049044 -1.1701754802956694 -0.17857474309674473
0.00023278136299684083 -0.7183510887232806 -0.45748273322887206 -0.24775766214993436 -0.08633076584236239 0.4090301452652875 0.2057776271227288
0.00023278136299684083 0.37934873911816464 0.7022764555616792 0.2995420560939521 -1.039324128099016 -0.2160901305694269 -0.08948942795569106
0.00023278136299684083 -0.48874437932861803 0.5660989301538463 0.28899573524603234 0.07534553471340869 -0.7388422111483295 0.2936784038997389
0.00023278136299684083 0.06974928966582812 0.4580362252411878 0.2719978754840263 -0.5958612443685135 0.7828516849243844 0.04362612187172024
0.00023278136299684083 -0.322727345164126 0.8209414792302644 0.23420753124184912 -0.464964008424714 0.07815694498130782 0.08945640218885181
0.00023278136299684083 1.399623321663552 -0.6196994793681322 0.7150406516766481 -0.5193359715256806 -0.0021415754390475203 -0.10741487951589843
0.00023278136299684083 -0.1497689000830201 0.23371662104940247 -0.09225865320000486 -1.5746551919158103 0.8829273707908838 0.2531544293462172
0.00023278136299684083 -0.07232351512736954 0.016044095244702527 0.03471361870871892 3.629529323788074 2.4816357705427414 -1.549938019028266
0.00023278136299684083 -0.39863533446729593 0.8128050059640324 0.09215326536627362 -0.40876809068333764 -0.4599951330387225 -0.02779867656309322
0.00023278136299684083 0.1023393650977037 -0.5073190467488062 -0.0526462451847896 -1.5459410469965533 0.27479443751762916 0.16235732758246826
0.00023278136299684083 0.5673497939928918 0.4705136250148972 0.33513342038551536 -0.23753106592744858 0.8371751961179278 0.1139712292876977
0.00023278136299684083 0.4778704467372982 0.9674496375931225 0.26909963430941203 -0.6983247062486718 0.1683225065589492 0.0733642220638736
0.00023278136299684083 1.2732526613480337 0.8447027294389126 0.12554861913596188 -0.2316853657895334 -0.17372042468945562 -0.15832698060288
0.00023278136299684083 -0.04678334042638911 0.5054924845645932 0.2544605415861051 0.05119032070679253 -0.5616189529616422 -0.2820896703947282
0.00023278136299684083 0.32916215952494204 0.4327856683528358 -0.009255373444123778 1.0622030974333632 0.6622603237018483 0.00705600894214211
0.00023278136299684083 -0.014689844109757615 0.725644962392974 0.16322527094773326 0.6109490923125286 0.6457582508238363 0.07415554782396096
0.00023278136299684083 0.20059517251899314 0.5203958438806248 -0.0390793950926221 0.9418762984386304 0.06665047851449901 0.25391552783076665
0.00023278136299684083 -0.3989690098976855 -0.12418168816245496 0.04230868930745992 1.1514142341753586 -1.1463466166355318 -0.23900237306483132
0.00023278136299684083 -2.060431070646535 0.09158893604375891 0.19335527961530855 -0.09766779123798797 -0.059643355162385975 0.06465727340274724
0.00023278136299684083 -0.27455457652723886 -1.2459042010466992 0.04565299540780838 -0.18877113542170387 0.5375390265889373 -0.20038670481306664
0.00023278136299684083 0.02576961476755515 -0.6057048680037563 -0.0004636012575993843 1.3774685259489339 0.23913565552104576 0.30273808454404977
0.00023278136299684083 -0.7663212170879475 1.306830939479422 0.41686230831352467 -0.2973721214063282 0.19521620538424878 0.14029746411671884
0.00023278136299684083 -0.5379784868208108 2.4048918481486568 0.5460825787232432 -0.2662001191303972 -0.1386514816169865 -0.031661387913458544
0.00023278136299684083 1.030825644150234 -0.18957235371057368 0.17127680853513189 0.1602329367734993 0.11427468444381156 -0.17851318955884027
0.00023278136299684083 1.206307138891145 0.9845655977346455 -0.0590119768904726 -0.06491981312562638 0.1464030269768312 -0.009048082479769485
0.00023278136299684083 0.40934600166068386 0.9949360701544848 0.17966241324979962 0.23383632324750828 -0.5378248473542435 -0.13139898800411243
0.00023278136299684083 0.5354747635427433 1.1264799544172281 0.2629771427334315 -0.2880146546833666 0.39846083931588755 0.2148560053831356
0.00023278136299684083 0.6707519341518924 0.3929672104017203 0.14751419790462528 -0.6349097678812562 -0.6543874438000096 0.010675532624498907
0.00023278136299684083 0.02563568642459624 1.5251919917670433 0.2915333671996383 -0.41267434894523297 0.01432990016189503 0.04436126017433125
