0 35 0
0.9311254519873633 -0.0007755224360419961 -0.0030723412030994168 -0.0008563406755143228 -0.000725999046659627 0.0006554435232702247 -0.00020464523235727694
0.00023278136299684083 2.0183436201180163 0.5203163011291821 0.4088096935007739 -0.39914646393729725 -0.30765873687110623 -0.1720084613948101
0.00023278136299684083 -0.5120450074478766 0.38875574317164174 0.21591705093679053 -0.041236488475203066 0.16024241006138468 -0.16429376730583137
0.00023278136299684083 0.5090834210264731 0.8216410299833843 0.03841593419025451 0.33689416213243906 -0.08279548848762631 0.14751719901367866
0.00023278136299684083 -0.5566238300918532 1.009032641815532 0.3264758423030383 0.33627012186345656 0.6026966553593732 0.08292488947223868
0.00023278136299684083 0.2490744144886626 0.5583951369247451 0.08312893854278335 0.7806558782720573 1.269945875210191 0.010307216148515548
0.00023278136299684083 -0.6612078128815638 -0.3458770983718512 0.050691139191668136 0.868103063107629 0.8046051882668303 -0.054651358449511904
0.00023278136299684083 0.8540798893685723 -0.8264270509777434 -0.03341425298857304 0.9809338908864742 0.027440763794020922 0.055776403377161644
0.00023278136299684083 -0.9673567673305146 0.7137413177981005 0.1269799713780978 0.37955195973625727 0.05224950209126954 -0.10764128165978282
0.00023278136299684083 -0.9077575639888243 0.7722983128119676 0.11437417532309864 -0.21291362316442564 -0.08485364057699786 0.13901018909543694
0.00023278136299684083 -0.5770799485037262 0.5205989899022289 0.3144986256043141 -0.0071848622684106064 0.3441359264302215 -0.0975026270530014
0.00023278136299684083 0.8953755417710422 0.017855036918909137 -0.026460684390206612 0.9131455280596139 0.07586743822624414 0.17851632521714483
0.00023278136299684083 -0.4346130989758486 0.10898575545065872 -0.08133181179506008 1.1290511999435902 -0.29133207366373826 0.20832068376989987
0.00023278136299684083 0.2989496312168814 -0.39877373555474166 0.020960654421443656 0.278393591273741 -1.6892426531891451 0.13151307318537486
0.00023278136299684083 0.2412940844130914 0.6349860785951543 -0.012293862995821398 0.3097373959035406 0.5439895872335213 0.3154425508945564
0.00023278136299684083 0.07850598382746857 0.48953145669108283 0.015739040680802917 -0.9629845302007293 -1.0462843709692844 -0.04120493755987892
0.00023278136299684083 -0.24187455491349216 0.6228499182920015 0.25866652201985213 -0.6737667370035685 -0.8295760318231916 0.16071363626288754
0.00023278136299684083 0.2000741827450919 0.8297783886709456 0.1731056220896239 -0.8994898668185798 -0.15702366354225275 -0.08535128662355765
0.00023278136299684083 0.28356320942449564 0.7697336320987187 0.003944199671024116 0.027112136540031563 -0.17286002224029043 -0.07716905191127064
0.00023278136299684083 0.05848416867943798 0.4503336283124946 0.06537066945395975 -0.10177145885243082 1.1872917045869893 0.0529513395491542
0.00023278136299684083 0.760714136380383 -0.30970270856366766 -0.08927321757843786 0.49194764574004807 0.5274748878002009 0.21169303422219343
0.00023278136299684083 0.6600164841809462 0.5057690246897327 0.04067792544643273 -0.1236881105865342 -0.7114012124246202 -0.01289861411241986
0.00023278136299684083 0.43904022793406405 0.7301622469944122 0.16779131035721892 0.5374017807657575 -0.03512990294486679 -0.10843207719868705
0.00023278136299684083 -0.09677000652359923 0.8424908829201639 0.04509256665136091 -0.8491870573743875 -0.2043520604069547 -0.002646707372457386
0.00023278136299684083 -1.1604937672806623 -0.509680663911916 -0.04399354435366408 -0.26992095533478666 0.33331628360370863 0.1785023236344749
0.00023278136299684083 0.29833892859368194 -1.1110910066641893 0.3849178271246266 -0.20143258349980894 -0.2877970700888918 -0.03184452015168384
0.00023278136299684083 -0.7280997103406286 -0.46011242508423744 -0.03258126304786573 0.6288825823234504 -0.6342163677710903 -0.27622436334007844
0.00023278136299684083 0.28025248136114894 0.9912929040252794 0.15834846412994108 -0.10920348325938588 0.6998061628155172 0.23424988693262858
0.00023278136299684083 -0.6565428475791433 0.8577673037928224 0.2123248854920893 -0.28915525625226374 -0.6175161027661115 0.1310609370121379
0.00023278136299684083 0.37231424289716036 -0.5872429904986742 0.0631179743571282 0.89774770672993 -0.3401680574168312 0.08300312319631431
0.00023278136299684083 -0.5299993553514919 0.4931894916275806 0.19597325737525795 -0.3597245574435464 -0.735936163484771 -0.058281691265730615
0.00023278136299684083 1.5480949543666818 1.6912923187007523 0.389108097762776 -0.38666006844204154 -0.3156970394337749 -0.08447077922159202
0.00023278136299684083 -0.3281039254499256 0.48024133932692264 -0.11678939969391264 0.24629803597441224 -1.2505728825511053 0.1190228407711427
0.00023278136299684083 0.5642394298540983 0.36338467626519144 0.05103136184921006 -0.18466182286479885 -0.35985705252690503 -0.12656636402666918
0.00023278136299684083 0.8508189081808859 0.6538489351089061 -0.06396101095274273 -0.1660025668357245 0.9034341146191851 -0.12075683367886987
