0 20 0
0.9311254519873633 0.0008037621109672067 -0.00012838805554685678 -0.00020176905730174985 -0.0006128360980281796 0.0022557707068110587 -0.0003943551012978275
0.00023278136299684083 0.5357795615953255 -0.347484540701221 -1.1309276894736475 0.5369342319863346 -0.35616774625706843 -0.11317920098381108
0.00023278136299684083 -0.0744033993885864 0.01973911160288062 -0.08806913913306559 2.3458544868995475 -0.6464973060638869 2.744198880589635
0.00023278136299684083 -0.6052379419033053 1.2203626924769968 -0.10131974618096604 0.042529653590793144 -0.13173768478603792 0.05373566372864181
0.00023278136299684083 0.6455989305051458 -0.08271892040467245 0.26306664188642354 -0.5892297583644693 -0.8110264233354119 -0.24169468619416346
0.00023278136299684083 -0.18700177068463203 0.14370024763395567 0.029084828357350226 0.8463405804650158 -2.028797048563119 -0.5585248702722875
0.00023278136299684083 0.1950854467649037 0.5464981299211448 0.08116377164516993 0.4573493235672607 -1.087222269769893 -0.10654130909440736
0.00023278136299684083 0.32860470178285 -0.3341111797542367 0.45611801674494185 0.07139795890398859 0.8769598981886588 1.0881655634438596
0.00023278136299684083 -0.12626334536308387 0.5900984318113597 0.019301178526030135 0.25373582257786487 -0.061796966302037716 -0.9115332249804287
0.00023278136299684083 0.5593528799241291 0.3040919945851147 0.4597285032697123 -0.3595276776505815 -0.9938167525685695 -0.13148923882363123
0.00023278136299684083 -0.10759228316347064 0.5701758880688819 0.15563334122810032 0.4628757360385151 -0.5236427146892351 0.6713692855052564
0.00023278136299684083 0.4052897558450976 -0.16236563093581233 0.17786254201456916 0.8138118034802201 1.4611040960385275 0.24476137166735237
0.00023278136299684083 -0.09017762517470071 -0.32575342424602877 0.334043631019742 -0.5458471124812374 -1.4032199226359505 -0.7671571644613246
0.00023278136299684083 -2.322217566500227 -2.7612462090289234 0.11917855735707492 0.1639992344235659 -0.19631638999510262 0.004543755301724323
0.00023278136299684083 0.07840816867082619 0.6262354205497985 0.021838142631387232 -1.0620001046434684 -0.1161920623077773 -0.45957540949285786
0.00023278136299684083 -0.266938285467649 -0.20352725417655995 0.29386626299242197 1.1853634269372713 -0.3834833443176479 1.0122260084757775
0.00023278136299684083 -0.2772478390968576 1.1476896373412624 -0.1422099911312584 -0.42323159732774607 0.21645541153911732 0.26104682845665067
0.00023278136299684083 -1.1745219474796837 -0.368527390481516 -0.344415358559813 0.09148547121337251 -0.26395710467150424 -0.2125730626054858
0.00023278136299684083 -0.8618214158893545 -0.15445558182542682 0.32093097149248806 -0.217185760760513 -1.0634422808822348 0.37344481352017267
0.00023278136299684083 0.13025553115793753 0.08515079974592041 -0.11779823547933817 -1.6233113267430157 -1.5102862158650652 -1.3738035985893624
