0 30 0
0.9311254519873633 0.00020593851135917044 -0.0006223090217021387 -0.00043763099967890476 -0.0031398193404847357 -0.0008119401271696069 -0.0022650266004170198
0.00023278136299684083 -0.15856921110573377 -0.31950860716190277 1.2618498349507972 -0.34067372241856325 0.06496314821274962 -0.776002178715275
0.00023278136299684083 0.3088127885697286 0.23683393080710305 -0.02935998450496497 -0.8699341310537918 1.5152335474289884 0.06722403649772424
0.00023278136299684083 0.2768104269640254 -0.0016640221860832146 -0.008126041583001101 0.31580723688873363 -0.6082447084592102 2.1431063108968567
0.00023278136299684083 -0.21112833342777654 0.008281307555388723 -0.15731119835840188 -1.3393681114809828 -1.871620640607093 -0.3682323609210028
0.00023278136299684083 -0.25130857623870795 -0.25600834453494126 0.11213494631609708 -1.1055168546585497 -1.3140169066059195 0.6385776162681019
0.00023278136299684083 -0.3218435137029641 0.4742021967956366 0.36397083380741957 -1.1747003194128456 -0.21391289589055423 0.3579664384122709
0.00023278136299684083 1.2624239304410174 -1.1186845615844583 1.0991991984033007 0.21020747285782782 -0.025159692041868832 -0.0025212331219915196
0.00023278136299684083 1.2077033367327272 0.5874197927537317 0.08600492983789261 -0.16993592596941845 0.5166648521492012 -0.0360073321643669
0.00023278136299684083 0.7060231216463636 0.27776462308776567 -0.05004427054275013 0.4045407223249842 0.21504525468352487 -1.0658874977033237
0.00023278136299684083 -0.3395031405358538 0.632700296641879 0.02567184922887032 0.24531976174781178 -0.5362272508890886 -0.007692418135001788
0.00023278136299684083 -6.395599926999351e-05 -0.0007413618369907972 -0.0003191837800965975 11.11242715018167 6.857665295244351 6.931964070853065
0.00023278136299684083 -0.7662302930884601 -0.05988725573590357 0.29463117786671894 0.5352409914538752 -0.2831401329687673 0.001984447631953037
0.00023278136299684083 0.8409293476507168 -0.33823639741220585 -0.1512396558032943 -0.2519263813185009 -0.8946596476857174 -0.22318855698785617
0.00023278136299684083 -0.8459245420551964 0.11988307294087881 -0.7844654339791718 0.04259760635162575 0.5282799265779451 0.28975964722934267
0.00023278136299684083 -0.44236315612004456 0.428919820896365 0.0829448658152225 1.3494812438255592 -0.09885869659582913 0.23458004567912127
0.00023278136299684083 -0.5794071238825726 -0.06723959496066571 0.114938861827649 -0.5775590058497901 -0.726057157123455 0.5154832810324076
0.00023278136299684083 0.1126101036408451 -0.4288113984497524 0.42509913296938573 1.3284459937213569 -0.018012266903893955 -0.0477310939377416
0.00023278136299684083 0.14525984933685754 -0.09759435031051614 0.19899123071543356 0.5111990525796838 2.052270603861388 -0.6480438364910185
0.00023278136299684083 0.27864144979882305 0.95579378432791 1.0303243361885606 0.378992068054186 -0.46637514220862253 -0.08609321808486906
0.00023278136299684083 0.3967066363935689 0.6941339821036798 -0.46575755252398 0.3491030129896519 0.029549865959173374 -0.32602241220710143
0.00023278136299684083 -0.31275234686926556 -0.2336893819474665 -0.2377841232032558 0.9887295115662247 -1.019226285259421 0.6314615166346402
0.00023278136299684083 0.5616133371609965 0.2782115020783367 0.5801390790234066 -0.12967254499117498 0.22972176972424288 0.7398367646199522
0.00023278136299684083 -0.40673572157644483 -0.5587319420778224 -1.4778482361153054 0.01679937920052965 0.03275396899760959 0.36921054446243473
0.00023278136299684083 -0.5703113129461838 0.6867093825540602 -0.289812961204074 0.07285974442779514 0.05654641997310941 -0.38471351647600177
0.00023278136299684083 -0.7617853005272599 0.16120749240294283 -0.22075211163437097 -0.4085510083477787 -0.5492008714387994 0.19923088461043778
0.00023278136299684083 -0.5297974740490535 0.3482005670137571 -0.13825210233675833 0.9740399634088869 0.5708112043515746 0.038058875630500234
0.00023278136299684083 0.7654033233698133 0.049556383158476734 0.1486572115215326 -0.4826383362974676 -1.0056193449625355 0.02130808361071296
0.00023278136299684083 -0.7847438798264783 -0.13168839044435204 0.34775438989985885 -0.3915770440675281 -0.15557080510353924 -0.1888941016085816
0.00023278136299684083 -0.4042238152092122 0.16190356033936176 -0.41071502408709637 0.9655398362249281 0.36415709625886167 0.041383594152687345
