0 40 0
0.9311254519873633 -0.0022829191800534023 -0.003722119721214258 0.0006522154069804524 -0.0035964018059617834 -0.0010622681081501233 -0.0006660142927287085
0.00023278136299684083 1.3997340973088581 0.3737691569268464 -0.38512031812036157 -0.058140609540042174 -0.23897086654892766 0.03717283062874091
0.00023278136299684083 -0.5488917158583404 0.15798600572822086 -0.16003006371617576 1.037439820716974 -0.6828242825936444 0.04597000554034728
0.00023278136299684083 0.4043778957001151 -0.9752697556578788 -0.029762736126396315 -0.04962734919916221 -0.17387630940178642 -0.02421622262575113
0.00023278136299684083 1.1621662703453013 0.9238792027648646 -0.5519567904253138 0.1375339279008391 0.11108665902252748 0.0839734673763009
0.00023278136299684083 0.5209112411754137 0.12901613152782113 0.08794619451436073 1.1751676180731696 0.11994747200021903 -0.33226630188075396
0.00023278136299684083 0.6692124991086416 1.920445006725173 -0.12550811837670628 -0.09248079616057801 0.4390481181569907 -0.03765065359853253
0.00023278136299684083 0.033506379585519636 0.6566375276039501 -0.015469664457959695 0.19802525101528087 0.7160978922230168 -0.21779013745093084
0.00023278136299684083 1.017796897917234 0.38304442544633105 -0.08210903496622132 0.0317984340484849 0.4299125774951558 -0.1545315513883949
0.00023278136299684083 0.12913455164855425 0.24475395889695348 -0.0988075977553593 0.6402467838615745 2.1401056940814995 -0.5933010013619335
0.00023278136299684083 1.1960247849360746 0.13545531906567518 -0.07091033571824018 0.2802941506410693 0.22112873640119218 0.0035192384314140976
0.00023278136299684083 0.7264396960187648 0.1042901344154442 -0.19971701298544914 -0.05654555124479924 -0.17149231282603114 0.19677272631632256
0.00023278136299684083 0.8594058565499377 0.09214221769010396 -0.13967089903274219 -0.45176772536543547 0.27358986621194836 -0.011224776407890689
0.00023278136299684083 -1.7801260321829202 2.14843671793046 -0.20001549523281392 -0.19667420945080338 -0.30096366180325757 0.03334923167957168
0.00023278136299684083 -0.042084402864016074 -0.239445444332183 0.30058758832473903 -0.010369934994643695 -0.10662904760672691 0.1298338840133606
0.00023278136299684083 1.237620094641514 0.13489708841813092 0.11106368155180946 0.20024996646006527 0.05719786160315556 -0.1852891399722276
0.00023278136299684083 -0.08071278978624238 1.6594593644468536 0.06859913588334271 -0.06865537458217481 0.07235279799272487 0.05477735022766252
0.00023278136299684083 -2.0009376332780247 0.20002639858518936 -0.07005528034309993 -0.012504298772593472 -0.21489958183780422 -0.02927831839824149
0.00023278136299684083 -0.07279661451257706 0.7571596698725457 -0.04595309308036649 0.5347734707190914 0.4266371128860962 0.09204805179480884
0.00023278136299684083 0.6291502044346976 0.14187146980816437 -0.09429772715221614 1.150495046679849 0.2179909845462731 -0.21628268849136695
0.00023278136299684083 -0.07133629533457266 0.11246453799358548 -0.0352846018935328 -0.9097089398438049 -3.119565120212012 0.940522661800836
0.00023278136299684083 -0.02462054152356604 -0.09216055863346156 0.008326172284226326 3.9329822186944567 -1.6133132406201767 -0.7458678711661
0.00023278136299684083 0.03530156424457136 0.34670117190040906 0.015578879682170421 0.2492024899159094 1.2726187178770338 0.02820659699510045
0.00023278136299684083 0.9267832144714764 0.36405633229713236 -0.1520835630694991 0.7159682878303387 0.012040381634910625 0.012022130652840092
0.00023278136299684083 0.5012114335518777 1.24633601118775 -0.0956295977307875 0.2260059112782448 0.7698798016857146 -0.18219637870923316
0.00023278136299684083 0.30484393753031447 1.0238902412414161 -0.07208461584838445 0.01654200169425717 0.03475092156914415 -0.01612089442557995
0.00023278136299684083 -0.064538263912042 1.1680246111373118 -0.08997620488390227 -0.016243965956421687 -0.6864751904300042 0.12771072199866326
0.00023278136299684083 -0.04760392634643992 0.6723091037385632 0.006985747184008185 0.3596674538201297 0.9421152386032876 -0.1501080887618923
0.00023278136299684083 -0.005684190332406999 0.004739061170724562 -0.0476252653139187 3.6522921513937003 2.845611388256637 3.9923543141625735
0.00023278136299684083 0.41214954839939444 0.22491697042459158 -0.15246104342684477 -1.1286362577921996 0.5165076935843931 0.19601537214706252
0.00023278136299684083 0.42777908579273727 0.9228401830988224 -0.050224511129991156 -0.10056008014457037 0.00836926000747448 -0.0768899166668252
0.00023278136299684083 0.22227378617970706 -0.2558922305381081 -0.011516445170604848 2.090409659663589 0.4040914535207988 -0.15209047051876354
0.00023278136299684083 -0.16568027981556863 1.1091656290259786 -0.04866866647721659 0.3058795285395247 -0.12039545125440473 -0.04600620335803623
0.00023278136299684083 0.04046548264267842 0.5160653700392726 0.06647900252483195 0.60089566264787 1.3784671391746885 -0.26312233120001427
0.00023278136299684083 -0.40547116731898175 -0.935649631422335 0.12054101008920427 -0.3212870994666315 -0.9311019614441471 0.05597230287447723
0.00023278136299684083 0.9292731643689106 -1.212863589239116 0.0766711607295427 -0.0011554299317054694 -0.4678783270254166 -0.04548840765910265
0.00023278136299684083 -1.5127653451368819 0.16579413136649748 -0.04607506890965251 -0.15387461256386176 -0.03298968013384591 0.011063760688927109
0.00023278136299684083 1.0336786858751017 -0.24860847098450603 -0.1711617633692717 -0.7046562292977535 -0.47392184966239814 0.02250524770175601
0.00023278136299684083 0.750754181780862 0.7945621545570901 -0.049158273384895576 0.49417703146567354 0.26626557357974623 -0.044922370336746405
0.00023278136299684083 0.3849313642081799 0.013233260629076864 -0.18030641259205768 0.6884488210942266 -0.09144402611356453 0.12491100026238733
