0 30 0
0.9311254519873633 -0.000991567316008814 0.0011046327341749838 -0.0005729704700559948 0.0007673872565074185 -0.0007399605891661808 -0.001195274190279919
0.00023278136299684083 0.8644562652260337 0.3414407112426805 0.290026821381703 0.16666069606339623 -0.564992801743817 -0.30711657481832977
0.00023278136299684083 -3.6919518027896534 -1.211773806181276 0.44189429294212834 -0.2796224578208744 0.15458191497250967 0.1287530762139128
0.00023278136299684083 -0.36477765065176926 0.4465552321734885 -0.222180742859523 -0.4684353172780751 -1.1412531635820324 0.6812266644741264
0.00023278136299684083 0.8670310071090849 -2.66568232516222 1.865512181340332 0.14854250645720474 0.11061225914044807 -0.17957149606291312
0.00023278136299684083 -0.6104166858400186 0.6453220587371593 0.06273267805314774 0.043695487058964706 0.6676482667025628 -0.7888610715252573
0.00023278136299684083 -0.039461799222211276 -0.04740765304718186 -0.044327601380382435 0.11292712175328498 4.234965365879982 -1.746618355797841
0.00023278136299684083 -0.19977276109899986 -0.38838527671874945 0.3278775627007263 -0.338346621861657 -0.4123686845140083 1.2976904425617524
0.00023278136299684083 0.36648824146471654 -0.14158618888589605 0.2039089834492569 -1.1339876371840052 -0.5082725074301099 0.9971120870912205
0.00023278136299684083 0.3226889373535772 -0.2188145809179458 0.21520242104538828 -1.175525539082663 -0.19586200990074443 1.0505180849665257
0.00023278136299684083 0.33556550293793597 -0.3535374292605262 -0.26642917458422577 -0.7365845434370949 -0.4664694261477046 0.021736826470212182
0.00023278136299684083 0.11558291687110098 -0.31802190629731797 -0.19174415941123887 -0.5276491127152659 1.421779718586408 0.8501004352562257
0.00023278136299684083 0.3013129899333434 -0.16497228503636033 -0.5327513270453355 0.20620588775924176 -0.7005443734695859 -0.1755967627877895
0.00023278136299684083 -0.29417463896818147 0.06541846245712715 0.32903173647898437 0.24254687176135614 -1.628176968105478 0.17548826876816956
0.00023278136299684083 0.30735572906756814 0.1941564170697374 -0.5759275679363638 0.10493654547268087 0.07300214544667263 1.2128462335488603
0.00023278136299684083 0.34397242106604586 -0.052272067819174074 -0.5787834760801356 0.3452528950124227 -0.9018945361723854 0.3304606876483007
0.00023278136299684083 -0.10279672153666364 -0.6542212511239339 0.4254500651219111 -0.6442219418180978 0.43608063034416544 0.2849576488346633
0.00023278136299684083 1.736625072244461 -0.016998007652180947 0.14406271594678244 0.13506241400206206 0.4812535340238317 -0.12749622851941556
0.00023278136299684083 0.13938313369457317 0.7588432896894634 0.9861904804809954 0.564699230528496 0.11177470103788796 0.7782257707359974
0.00023278136299684083 1.579814853980234 -0.10907194997679534 0.37987117198903064 0.2669064498688547 -0.28409929532088307 -0.16498515336348057
0.00023278136299684083 0.042068930805178484 0.3919289770050613 -0.5240988538364193 -1.2466756882188328 -0.38810535850895417 -0.007026677224283254
0.00023278136299684083 0.6699281254644718 0.15617828335491069 0.13785562794062736 0.37599464810344346 0.9094276023395735 -0.15357425252112392
0.00023278136299684083 1.073579133568199 -0.3272512762744617 -0.6893297067165133 -0.4073197099497029 0.13827314976050786 0.22525484980972327
0.00023278136299684083 0.7412308915067233 0.4089773668753545 -0.04186596203411811 0.21928118394285426 1.0770258547130929 -0.19633363526351177
0.00023278136299684083 -0.08084813472991316 0.36064410014612575 0.09665027171442281 -0.45717974966107344 -0.4884338220462149 1.055498986933587
0.00023278136299684083 0.17800757516479793 -0.527633634714023 0.15718386818324737 0.8788469143231513 0.787219572918526 -0.05480893746836966
0.00023278136299684083 -0.6139858028795686 -0.1778621341988625 0.3199825598460142 -0.6844783928343413 -0.9974900165639421 -0.0026163489514826996
0.00023278136299684083 0.140671161391214 0.14518320601063694 -0.5876987929816503 1.0386677809343627 0.18461391595414114 -0.04449777174861098
0.00023278136299684083 -0.06566577971862397 -0.3530223829848928 0.8971843303985101 -0.008273841884269469 0.6493119415140319 0.05740715953116839
0.00023278136299684083 -0.09564184740847492 -0.6046648852169706 -0.7335985239234601 0.18852489467450417 0.20023474683623424 -0.4170771956723587
