0 35 0
0.9311254519873633 -0.0033764852687263773 -0.001624302096775632 -0.0008295787749924173 -0.0007875998538435775 0.0014214724033924317 0.00028796528611465296
0.00023278136299684083 -0.14863615379156864 -1.3074298068895982 0.348555750209329 0.6189928524022892 -0.22862164234202492 -0.05872022172076631
0.00023278136299684083 -0.1995763332289991 0.4024835071544928 0.23195904786621646 0.3898417661027088 -0.7988928747142208 -0.45955831403045255
0.00023278136299684083 0.5242827899118621 0.3220758674140848 0.04386213952905114 -0.33248519015448486 0.6582682683020691 0.42109573695940866
0.00023278136299684083 0.3946240290516718 0.757751491783547 0.1756783089742508 0.7457451032023509 -0.17609761697360424 0.055914261947546604
0.00023278136299684083 0.23511721803904911 -0.34591226338646897 -0.40636310719380386 -1.0563202327345518 -0.8694994975470384 -0.5728179404462357
0.00023278136299684083 -0.86895348071265 -0.453119798837052 0.4505029020270153 0.317628428628937 0.03203949125669807 -0.27944387275908567
0.00023278136299684083 0.5272597176429936 1.0268591872945898 -0.36984447172496937 -0.07988826445911625 0.29615434311479627 0.7446872761332248
0.00023278136299684083 0.37634142567192225 0.7772387137149657 0.27037820826262643 0.7965489335617394 -0.16889134062433891 0.06028173304560206
0.00023278136299684083 0.677559131602814 0.12335735643978535 0.5225600196475845 0.7605860921908211 0.504228055804896 0.3058106027478518
0.00023278136299684083 0.9830614105139456 -0.3407840381984581 -0.1590726383257507 0.536416926092293 0.4991994809149407 0.36563522143991434
0.00023278136299684083 0.8052262390610103 0.2129633202583352 -0.13974752127361803 0.9115296765154647 0.22812341112794213 0.2045582954105415
0.00023278136299684083 0.5832520600400238 0.0014216998558154244 0.013661612211413836 -0.1729538436395675 -0.8439675101869999 0.00830800685044683
0.00023278136299684083 0.43390777068184055 -1.284128631184759 0.1602485896096352 0.1756480403696067 0.06461480304915737 -0.11402117576672498
0.00023278136299684083 0.6694094758816973 0.4277524795187681 0.3385841834986249 0.22038590768034502 0.34974294949091794 0.7145113306537887
0.00023278136299684083 0.3245026353922157 0.21049802760406688 0.449998200773412 0.022283053239701017 -1.1087713351091921 -0.678898908508073
0.00023278136299684083 -0.35247571656109083 0.5647350908222569 -0.22942890163840193 -0.14828217314469413 -0.5272768737076429 0.04566674162754838
0.00023278136299684083 0.4218920997519948 0.4174758801200052 0.08003582319827064 0.0634457774630257 1.0133280786624679 0.3205335820225609
0.00023278136299684083 0.3305364295683774 0.10387391537416876 0.03089639720043208 1.061512548013242 0.3698739801288032 0.21897895087941804
0.00023278136299684083 -0.17666814919166715 0.6513565416784407 0.33401902068089995 -0.09351811048037406 -0.48260997234086656 0.1878725871520062
0.00023278136299684083 0.12624276862991887 0.683113195699536 0.5275093679160974 0.2085382056707089 0.2633197173118483 -0.510203756557052
0.00023278136299684083 -0.3017847382986183 0.5304999499824115 0.4795998158282697 -1.1781615175163742 -0.12197814074013093 -0.32279235400223044
0.00023278136299684083 0.678259515733674 0.04328813305382864 -0.34841634162482266 -0.3584355997628621 -0.6096657075292056 -0.1743437267914299
0.00023278136299684083 0.5845332363510874 0.6764073699869384 -0.022897659388910984 -0.07717186878428144 -0.37589373290982486 -0.1943306645939697
0.00023278136299684083 -0.6948352250790862 -0.05164391464992145 -1.0170924003581374 -0.07775392354367712 -0.2979569894599525 0.08860972442867004
0.00023278136299684083 -0.056283362173639925 0.20931341745245574 -0.060843182564519926 0.4597236073162403 -2.589081743185016 0.3003759769350105
0.00023278136299684083 -0.4331532763670481 -0.2898988218865193 0.1031478430552217 0.9765124413875459 -0.9835280491678556 -0.44584817089051093
0.00023278136299684083 1.6634668083895559 -0.9872256870892838 -0.5055405845429136 -0.40793866150347613 -0.12997131503392764 0.09905906888712743
0.00023278136299684083 1.467497867177177 1.587843767989479 0.622825980276543 0.11690693110047379 0.18901424269667372 0.26243121897291066
0.00023278136299684083 0.14059714472397147 0.37673792525690525 -0.1991996492349335 -0.7482239468610665 1.6063572757339988 -0.018690459112129788
0.00023278136299684083 -0.9088148832631808 0.7888788336828685 0.13302755220579546 -0.20629771864208762 -0.595546372667441 -0.08908173484950566
0.00023278136299684083 -0.36223168179396814 0.028893284761405055 0.42009600542676223 0.14693832687041306 -0.8603080977535154 -1.2088236203769807
0.00023278136299684083 0.5845092462283634 0.1540919759338556 0.19932856861042425 0.5520681025623727 0.7961191958022161 0.05162610632110319
0.00023278136299684083 -0.08992475497923941 0.5369536217115126 -0.16190734446984342 -0.9025476569854006 -0.922870548482912 -0.4896979695257059
0.00023278136299684083 5.567199810291264 -0.05851320532677226 1.0021935653025542 -0.09087459678395532 0.1351564535085577 0.009455323057560819
