0 25 0
0.9311254519873633 -0.0030025745425939078 -0.0011572247188090731 0.00026836417984744205 0.0001185541829943298 0.001311293251048167 0.00048150059297605855
0.00023278136299684083 1.3816580441401258 -0.36783794607738896 -0.2052486285975385 -0.46443413460230104 -0.2754428176725869 -0.04681927245892002
0.00023278136299684083 -0.0039222590863699286 0.5382443168620527 -0.16761103167495814 -0.2399516322777143 -0.995846960307788 -0.1296192145833712
0.00023278136299684083 1.2162636736159573 0.2394607291585851 -0.08205504633221329 0.30577724157305314 0.3387662622159006 -0.04726551975743169
0.00023278136299684083 0.21701298100124225 -0.0451873402022792 -0.04089517142116635 1.9062964122045682 1.2748098884340167 -0.08047189726032934
0.00023278136299684083 -0.4035632366672 -0.5196662883153187 0.04777733051922854 0.9571638674129447 0.6631601920290603 0.3914521673950712
0.00023278136299684083 0.7972126585832527 0.670102306682711 -0.24019947824296137 -0.33513703971221653 -0.6004113276106621 -0.08901522169114834
0.00023278136299684083 0.9837251503647544 1.5066469569201308 -0.22195052436733287 -0.3569687886731663 0.19192874443389463 -0.051341208134346714
0.00023278136299684083 1.1475176335302748 0.020896018109336098 0.08450545288477596 0.12942022440530687 0.3622945676224744 -0.06961400878289603
0.00023278136299684083 0.5499752703991544 0.9776939229700014 -0.22486188623281556 -0.1250142254606564 -0.2663583492810345 -0.07266223344512876
0.00023278136299684083 0.3094752411742839 -0.4943481935947313 0.0626889431488767 -0.538928942028332 1.096253399011045 0.055330224740977055
0.00023278136299684083 -0.25183543855475876 -0.6967336578871173 -0.01263518128608046 0.25851169292282655 0.981896035231126 0.0978760479479467
0.00023278136299684083 0.046839456175323396 0.9018933102083513 -0.07552077296040298 0.2803534753052357 0.4447105894688828 0.041389059738692495
0.00023278136299684083 1.0888794410449345 1.2208760027639638 -0.26939078715828074 0.27433725636188544 -0.16904560885330527 0.0670623291982407
0.00023278136299684083 0.6337072842022626 -0.007546744086293195 -0.14833373291903332 -0.7703578492665435 -0.5722040934973271 -0.06226234911359425
0.00023278136299684083 0.04271595418141698 0.008330635900874659 0.04627854836257647 -2.119129972349808 -3.896718591344379 -2.6213100301732393
0.00023278136299684083 -0.40883575140658196 0.20381334213969618 0.14486389077655237 1.2107747188131888 -0.9923425708579877 -0.008495113763451245
0.00023278136299684083 0.14261169194136097 -0.013671220684539728 -0.31093849180928795 -0.0739654058390937 0.01073155257856155 0.13699170822407208
0.00023278136299684083 0.07022191212339028 0.4859330784610224 -0.022959316172913552 -0.7991577160802695 -1.3126264593200245 0.09093481038039258
0.00023278136299684083 -0.575814267339089 0.6868087326559346 0.025849775815642177 -0.40755710871090073 0.2570128820002467 -0.08879109618718325
0.00023278136299684083 1.3421164792842086 0.4227096644362981 0.168140462252046 0.042223833811623014 -0.3000165406570705 0.3009311108018065
0.00023278136299684083 0.8764086734191141 -0.4051434974991756 0.06774551296061607 0.01896331276296746 -0.11446816222874155 0.09536979015350357
0.00023278136299684083 0.7804906572338153 0.43423745058159324 -0.07386720124607174 0.12909903534289036 -0.8501048755246963 0.1791494084316014
0.00023278136299684083 0.8803732258311815 0.5440839951070335 0.19311228994667193 0.4761839244012784 -0.13035967435090093 -0.041474781927987016
0.00023278136299684083 1.1470636951852644 -1.6826966993745665 0.1820483243643079 -0.23271891229409217 -0.3907910857113758 0.026652918362488755
