0 35 0
0.9311254519873633 -0.001845833426811147 -0.0031376894328523654 -0.0005406164589772885 0.0005361851077879631 0.0004457749341091167 -9.716679305076736e-05
0.00023278136299684083 0.3334099717822299 0.35856152148737575 0.0503915618357396 -1.356058408071462 -0.5517608734086208 0.024310972132276773
0.00023278136299684083 -0.03312268071314375 0.7877815093552029 0.09850725120819656 -0.43675771950550835 -0.009798780241961179 -0.14324756491301643
0.00023278136299684083 0.1638833735576057 -0.27429721492072223 -0.04829566001556194 -1.9780186439815093 0.5443994180748281 -0.06785852410071594
0.00023278136299684083 0.1758718062369317 0.018323283523814907 0.08614219203074984 -2.5481483689440925 -0.6973441703944523 -0.48903580205436664
0.00023278136299684083 0.19919283567962462 0.261031834622372 0.18371551624836832 -1.41805840225204 -1.185805028971778 -0.4085643042606516
0.00023278136299684083 -0.32949142426695527 -0.1877093017088026 0.5920723759095673 -0.9425754259128989 0.0019228412348674525 0.5046412567290179
0.00023278136299684083 0.14526547834473622 0.5310250382339246 -0.12070459055522859 -1.3456409106965765 -0.26761337760739085 -0.39750150421847746
0.00023278136299684083 -0.43956322318646845 1.2412076914583967 0.11076862550212002 -0.22227591452574796 0.2962237057319159 0.1705545932322369
0.00023278136299684083 -0.33813187966894 0.25155578139745843 -0.08891875881200745 0.9543501651736308 -0.6449362356910657 -0.00777784162742731
0.00023278136299684083 -0.1285027296524101 -0.1456342089848814 -0.06529116327137376 2.8099100555730137 -0.5717649038855701 0.19398864933839327
0.00023278136299684083 1.3280567282394802 -0.12551901256293196 0.1914911056993147 -0.04314960218778099 0.2547446257821487 -0.1343462929030557
0.00023278136299684083 0.15099522084579858 0.4817371512882001 -0.13989168966287635 -0.3202573700681802 1.0540004174984563 0.04394237862750797
0.00023278136299684083 -0.278441486477165 -0.3908120475980863 0.1765051786239832 0.5970095101518582 1.5059647107632248 -0.15093828105134077
0.00023278136299684083 -0.134029021004267 0.6568872838305101 -0.008184692888013365 -0.26328500716047015 -0.346639292281079 0.3459502685322293
0.00023278136299684083 0.06823621281240182 0.49197477615212337 -0.19427819024732165 1.0009763682972757 0.9988827633136024 -0.220836063727236
0.00023278136299684083 -0.15938961579426053 0.626496195882977 -0.0912200047355046 -0.38728515970743255 -0.5701459074734163 -0.09403117752538075
0.00023278136299684083 -0.1202633055897882 1.2414369801409657 -0.07203051904787933 -0.38647071484129836 0.016498457587899692 0.16532203701043752
0.00023278136299684083 0.12401799462171147 0.5942102747037024 -0.188667417012635 1.0383119772297151 0.6648819870916217 0.08717477443345538
0.00023278136299684083 -0.13739240217337342 0.8690258632350765 0.35260033465498347 -0.5139060268883304 -0.3908856037598486 0.10950012433600499
0.00023278136299684083 0.7895599495244258 0.4304619196757257 0.0789098291099556 0.23768485197237618 -0.5480292670086172 -0.09147740180176835
0.00023278136299684083 0.6655092806312392 0.832180619862092 0.04672515792984621 0.8479590238467345 -0.07790202935030073 0.0878929349503431
0.00023278136299684083 0.7226731703365198 -0.0457832576255129 -0.046094482758005234 -0.7059871713985767 -0.3826097242054212 -0.08771155394846566
0.00023278136299684083 0.17883873568005806 0.7265912281744251 -0.08122888286091633 -0.7896666866698684 -0.4951607070686515 -0.072500103455241
0.00023278136299684083 -0.8058513014702904 0.13193357490240312 0.1388924538574542 1.1488435713741136 -0.15473376617661408 0.12990880191298637
0.00023278136299684083 -0.09704088773038497 -1.4146475568256145 0.3389689533208629 -0.18975382373535227 0.26313669547639024 -0.21955454622723736
0.00023278136299684083 0.7494472422579099 0.8575858997225133 0.14992212144405626 -0.37838452973175923 0.678635562670788 0.34259185653957136
0.00023278136299684083 0.03935441279262735 0.3957254298029045 0.04781495317788146 -0.4585556738643763 1.819254444209633 0.2090359113698245
0.00023278136299684083 -0.08875003398571303 -0.08258190448902242 -0.04401806681311909 3.0238416982176473 -2.07435501797137 0.7838836093347074
0.00023278136299684083 1.101162038184821 -0.4939947587940806 0.16459642583509398 -0.1434751341043112 0.5089257745714456 -0.10254420889694084
0.00023278136299684083 0.594591873299677 1.092835820327221 0.3824336235250216 0.14484059694413162 -0.12370510712306253 -0.17856448032468433
0.00023278136299684083 1.7388585671826715 1.6821507048312896 0.464676477674762 0.23833558311875694 0.23498929984082884 0.09049417281099917
0.00023278136299684083 -0.16250441487579 0.16825543503211612 -0.022259842472166308 1.6952597452912432 -1.8049291967375118 0.2354376289954298
0.00023278136299684083 0.41968489165196526 0.3746673149368026 -0.12285456633677175 -1.0219348209938428 -0.2800669006671073 -0.16706403115785168
0.00023278136299684083 0.947198330168339 0.6080938623364189 -0.15872977418940518 -0.03241806310093772 0.5526254497397194 -0.10240911588849436
