0 20 0
0.9311254519873633 -0.0008602138933510046 -0.000710557230673882 0.0001598017783853046 0.0003318234984113849 0.0017645031246287972 -0.00011545716667227443
0.00023278136299684083 1.2856724346087258 -0.4412438190439899 -0.08104492249577563 -0.014099851856881276 -0.6825912003084655 -0.02660021899882888
0.00023278136299684083 0.037940733780401685 -0.41612227073773206 -0.025529009317605218 -0.7459910348540515 -1.298511155968217 -0.08697482546901028
0.00023278136299684083 -0.19702677872493182 -0.40347543335024794 0.0007399523840904122 1.546559447062058 -0.05505285430223841 0.012171657259032076
0.00023278136299684083 0.09803218123928659 0.95712473592035 -0.19267757495825896 -0.6814636498984594 0.14862288875178276 -0.11244341631878288
0.00023278136299684083 -0.626176427155165 0.3816135563918333 -0.013382170966799962 -0.282664193890957 -0.8683511065715107 0.08260397549427788
0.00023278136299684083 -0.1160331552194569 0.699539001850186 -0.13746670787921905 -0.8802442433270073 -0.4337553521146245 0.10399224856797991
0.00023278136299684083 -0.1642468248202472 -0.8859889118206565 0.08562186792331432 -0.8959539367880475 0.6070620223785644 0.023113208285869852
0.00023278136299684083 0.23883538315438715 -0.2732231856125734 0.05747790239026268 1.2234697725605874 1.2566314304332977 0.13772022506121998
0.00023278136299684083 0.6638669945393461 0.2631623927930574 -0.05248234559533127 0.8405946153764235 0.8307232091722132 -0.035817416444691066
0.00023278136299684083 -0.28979973758354893 0.928098134902873 -0.04970943595378461 -0.3824681260006046 -0.8255005010216707 -0.0030116932128838357
0.00023278136299684083 0.5451097458049162 -0.0035552269668737524 -0.0476954077981797 -0.2989879843710485 -1.036369407330011 -0.2623082684737782
0.00023278136299684083 -0.3187471443380606 -0.1442118291714534 -0.05523415453571514 1.3332979342909623 -1.0369549589749776 0.09970893422398086
0.00023278136299684083 1.8826911948835632 1.1323979461996345 0.05264378719458638 -0.197046884490671 -0.19949855509359896 -0.003857061742210651
0.00023278136299684083 0.4285797199042977 1.0525753103268742 0.0110312784373077 -0.4338705117543115 -0.13821147195758074 0.08415881503023924
0.00023278136299684083 -0.7666511532065036 -0.3265736871343584 -0.049123500694536165 0.824379931257089 -0.11045575532122456 -0.06418569723867482
0.00023278136299684083 0.12722608406075397 0.20130422833547426 -0.029022837003912734 -1.3629014905205339 -2.1506834018715124 0.3095780498590345
0.00023278136299684083 0.4560547548236857 0.7247827687426559 -0.00897077981085427 -0.5858711893989806 0.5968910295351362 0.1853718918212061
0.00023278136299684083 0.5005545990711324 -0.4959771823197162 -0.0885386411737374 -1.1523410761121966 -0.07637829648226493 0.02646211985488173
0.00023278136299684083 -0.3450270314184687 -0.10799760660893053 -0.015844413687071148 0.8183084790710882 -1.5856290614682875 -0.007853860869763746
