0 15 0
0.9311254519873633 -0.000405444013384057 0.00031037177186675306 -9.845243816603817e-05 0.0002938587706126987 -0.00040214726809303155 -5.321997148425507e-05
0.00023278136299684083 -0.7988840747231997 -1.7404787412313818 0.07463134877474271 0.03745134083319683 0.3047241430083747 -0.009424492617090285
0.00023278136299684083 -0.11795659628983253 -0.2671294195134312 -0.032083252260249655 -1.3662803005297155 1.053017383858517 0.4247850201845433
0.00023278136299684083 0.48188525701973844 0.4837079056069869 0.11868985397618353 0.3739500839751224 0.8854895144870872 -0.11536262064468537
0.00023278136299684083 0.19833436446919223 0.354214078454386 -0.0312891320424765 1.9339407064289482 -0.09084993603597294 -0.035809447844184335
0.00023278136299684083 0.8714992152579436 0.30346828425926897 0.006736139857673169 0.20964774845821701 0.9418895522369677 -0.09131324055305663
0.00023278136299684083 1.0812891936399895 0.44322446494190537 -0.01944902583384348 -0.3349167514386147 0.4082715043365901 0.14300231512754472
0.00023278136299684083 -1.791780725264251 -1.0387283261678217 0.08767741882770473 0.3836938119458563 -0.013052228139551541 0.028930134232123296
0.00023278136299684083 0.14208699816221 -0.5594456259667494 0.08094476700573396 -0.7969910811624602 0.6200326941270392 0.024682170811468816
0.00023278136299684083 -0.38443428015319325 -0.2149770524972993 -0.010298055904620797 -1.0407869785243868 1.4400208606461742 0.04121906380029268
0.00023278136299684083 0.41764021852633854 0.21014383203551576 -0.019261535661233883 1.410108220371407 -0.46461741309467997 -0.05217090630413225
0.00023278136299684083 0.5155139042229768 0.03462050069566455 -0.04664181468849002 0.27040824988498485 -1.237221915580814 0.07796624440567511
0.00023278136299684083 0.35691827491027533 -0.5253369924137812 -0.0059722708486568505 -1.0958980313905782 0.0735899385645458 -0.026207994625504313
0.00023278136299684083 0.12649142995081375 0.279997163177853 0.01550443463889259 -0.8628078260648662 -1.9126818272739645 -0.10251764550886966
0.00023278136299684083 0.5231728738062204 0.9952328411515872 0.1746208768227886 -0.29695427523790086 -0.4000231987681873 -0.09489871452710477
