0 20 0
0.9311254519873633 -0.0019927157362053145 -0.00143497080826442 0.0005348299837494491 0.0017248881910951323 -7.725475573625933e-05 0.00022003075320803638
0.00023278136299684083 2.8112822350729476 1.5128643275475495 -0.6764170311806746 0.030428340141915783 0.06960566142577065 0.028534491858160864
0.00023278136299684083 1.2362728138471673 -0.746418574113488 -0.41726504726712305 -0.053201084907335106 -0.07130054984544151 0.08251748437923237
0.00023278136299684083 0.493439495078091 0.7069216197615671 -0.22985611618869956 -0.6125037481405317 0.49109326300933936 -0.2517042483021687
0.00023278136299684083 -0.23208440785304782 0.056843204989016724 0.17737769015625218 1.3216801178066255 -1.6945304464142688 -0.4447444252900104
0.00023278136299684083 0.29194985085075725 0.08978277013972366 0.03450208973654973 -1.532179726622179 -0.4777730710648129 -0.1728701028819619
0.00023278136299684083 -0.20649685321123734 -0.04450751391011795 0.22332852224707725 -1.6163183119488302 1.1176490863513229 0.3745376226036919
0.00023278136299684083 1.1586643547847186 0.9421077501424666 -0.13006917757757266 0.17915911774713766 0.0010143329955019983 0.06045090476912888
0.00023278136299684083 0.13813526924824887 0.7456526551736526 -0.10936980976402275 -0.8156781768212694 0.5362112851507104 -0.11788302551158204
0.00023278136299684083 0.9635434362460247 0.4280489704753939 -0.4484651838289379 -0.7020951518443521 -0.4906279165231602 0.11859043899298409
0.00023278136299684083 -0.27563957487811175 0.3495960562093822 -0.01275723888575952 -1.0754062784322553 -0.02101666416624526 -0.11096332576659854
0.00023278136299684083 -0.11033124247891743 0.503126438243621 -0.21321186168645873 -1.2227545313378487 -0.3394587126848323 0.016773626436860235
0.00023278136299684083 0.25783366295512844 0.2611022857787738 -0.2824004165050779 -0.15705720369884915 1.4495376542296887 -0.16820779818835493
0.00023278136299684083 1.4463244915430757 -0.6122205952413149 -0.18843359040969565 0.5876849894535852 0.21960350833681533 -0.16381926304119945
0.00023278136299684083 0.28016545833734596 -0.21148452272932936 -0.05146577614692609 -0.7483352801434938 -1.6392133218762834 0.31782981538924565
0.00023278136299684083 -0.5294787047057627 -0.7932669991254458 0.3307594095889749 -0.37335900292335056 0.6820430464991164 -0.25513645292582876
0.00023278136299684083 -0.260049203248926 1.4371281170494064 0.10833165569287168 0.2163507767329919 -0.35326126262693364 -0.11156904941108095
0.00023278136299684083 -0.20600344094739703 1.045470517593904 -0.12678465452591828 -0.47086671891513915 -0.46668979774952923 -0.05708043683778855
0.00023278136299684083 0.611883144974849 -0.6205552989132226 -0.10623742815023189 0.6258297922569531 0.4487194049056156 0.04579412692717329
0.00023278136299684083 0.10145215920622061 0.6896920239810771 -0.02088597030238573 -0.4809306827843085 0.8474135229926582 -0.07117339603204852
