0 15 0
0.9311254519873633 0.0005080290017306546 0.00020916681570136097 -0.00015556638862026896 0.000896251853820438 0.00020555912040056982 -0.00017293797585650155
0.00023278136299684083 -0.2004200581671694 -0.4003407522900573 0.39580654227116324 0.5191683298863592 1.036661068195226 -1.0206677634381383
0.00023278136299684083 -1.0086082163134464 -1.015852522535777 0.8225552846737674 -0.30178621985131987 0.43054034992710527 -0.06186368896430234
0.00023278136299684083 -0.16021849288864395 0.07612792125661491 0.1379727233743501 2.586155983638485 0.4082507612543986 -0.02317491634556257
0.00023278136299684083 -0.06360902831259209 -0.05831500731419624 0.22596187230955023 -0.8754241815496063 -1.8190936696321405 0.6694428901022862
0.00023278136299684083 0.603255223712027 -0.3860088612485537 -0.2591489442180719 -0.9873744034305195 -0.21823686980825416 0.19168490679857023
0.00023278136299684083 0.5402754049134725 -0.29964622879090397 -0.28777867140004126 -0.927377757755039 0.6634257815073171 0.2649583131526616
0.00023278136299684083 -0.8010733517733681 2.089307815453134 0.10781628680507245 -0.14842338544250663 -0.24376365784547607 0.003978599768262017
0.00023278136299684083 0.07164578397522747 0.05549100830971147 -0.2466979035251775 -1.8725606972993893 0.2725762475260744 0.6483453400299033
0.00023278136299684083 -0.693598180657989 -0.6315278099548869 -0.051798320366195985 -0.3849439512094268 0.8231148814758873 0.16491039281025907
0.00023278136299684083 0.0613298485298582 -0.16476461259389968 0.15330204612213078 -1.7933692629446443 1.1180924225849278 0.012696194277890753
0.00023278136299684083 0.7436478592183869 -0.44542767751467427 -0.0997469543921626 -0.4870285282527292 -1.0122908351163875 0.29879601526490995
0.00023278136299684083 -0.3190971390561742 1.5016118328930408 -0.17874594576281944 0.4944211851894971 0.11501470710511391 -0.025622978014526166
0.00023278136299684083 -0.5546962035646922 -0.7471235264067025 -0.059482795017530815 0.42119510323647735 -0.9353235282946059 -0.11951424065703078
0.00023278136299684083 -0.2509494565424218 -0.41019884206797563 -0.03774966639296692 0.17234037050261264 -1.4612041404814695 -0.3122171613591768
