0 30 0
0.9311254519873633 -6.388404781153597e-05 -0.0016778555734978614 0.00034831428890085475 0.001667109959903244 -0.0002259035262080535 -0.0004602063311049972
0.00023278136299684083 -2.0029141427110337 -2.008380674045698 0.029427338805815013 0.06908034088528794 0.198250986889676 0.021843205392745344
0.00023278136299684083 -1.0588949350326908 0.5942943959482859 -0.048178276702592046 0.0646425294841959 -0.7555736855389309 0.0389933067284856
0.00023278136299684083 0.26779676994118234 0.3483202899286655 0.19102405383881724 -1.3057896669301523 -0.9581756560906456 -0.24065085340245312
0.00023278136299684083 0.5584484103820827 0.9527809518167829 -0.04131350557280344 -0.02651005937185832 0.3635465408307633 -0.10866453567161613
0.00023278136299684083 -0.4325487995438341 0.8191810406373817 -0.14672201014543468 -0.19522321004346802 -0.51681217922308 -0.031088578602090255
0.00023278136299684083 -0.12862634150463098 1.099359325935374 -0.09071740587957032 -0.44767324100827177 -0.03601648926835797 0.004445440634154592
0.00023278136299684083 0.015153112281249513 -0.7583406229942262 0.08727033226554491 -0.6128340908168203 0.2938261762532208 -0.033579935761047876
0.00023278136299684083 -0.25013075559371795 0.8469896653771348 0.04145492409554242 -0.1501295698392595 -0.6051732606629702 0.22636654521896754
0.00023278136299684083 -0.19148287723821283 -0.11322082120295658 0.0016063723371677596 2.217766153825282 -1.1688853673486552 0.005705025726052876
0.00023278136299684083 0.8039000563267323 0.2548875254253273 -0.13100488327470577 -0.06599087042145123 -0.3403458231858431 0.19049949760342405
0.00023278136299684083 -0.037623660214686716 -0.28012634790968505 0.020460513161722177 -1.334425474783636 1.536037309564118 0.025104562885214888
0.00023278136299684083 0.02104973778470901 0.24594583591053998 0.004324581920040633 0.6054092782576518 2.2997002045167134 -0.06235755524348972
0.00023278136299684083 1.33580929562435 0.4646393010781392 -0.33467907736299823 -0.081691603808082 -0.3714045229217127 0.015865820705997895
0.00023278136299684083 0.9829356210345062 0.35647057868638987 -0.11031520949633908 0.20829168899340467 0.5289672135335642 -0.03378816977446403
0.00023278136299684083 0.23970614677661256 0.7111853203698276 -0.044076594366324676 -0.7258059674355831 -0.4095580556060305 0.12859818954204785
0.00023278136299684083 0.8787767057872676 -1.2728339482164575 -0.10897366927636992 -0.4492827147377992 -0.005378459249562651 0.013186296826724429
0.00023278136299684083 0.45120381961026934 0.9510454707760084 -0.11852689376272132 0.20701519535212273 -0.4440490914732535 0.1565393133836487
0.00023278136299684083 0.3834885067914636 0.8497374052314595 -0.11361910804769176 -0.29418963947604454 -0.6446545136452 -0.08423562160776062
0.00023278136299684083 0.05803080668257499 -0.20937073900718237 -0.08321534796279469 -0.4556408427802568 1.6888702062354997 0.6764448356349987
0.00023278136299684083 -0.3083640888545918 -0.46340095539713405 -0.04108200725992904 -0.8126511254520873 -1.1927814826458853 -0.02780605176996881
0.00023278136299684083 -0.17967242777138173 0.0003497103858462735 -0.009644868580110932 0.5096481756928907 2.87752666012326 0.060151297428487426
0.00023278136299684083 -0.49947737905922296 0.6530820205158457 0.04895545717648651 -0.5704004720117346 0.26294248451092744 -0.008601288597402059
0.00023278136299684083 -0.8126450650529877 -1.4135549558681413 -0.0314844171309964 -0.07801543397001441 0.2542672450626315 -0.06490957230665498
0.00023278136299684083 0.29508973352384055 0.9183309135527291 -0.010900574096050044 -0.2907853641496803 -0.5619358032175013 0.02163698498404497
0.00023278136299684083 0.08166411637428075 -0.18307109929095527 -0.1300848429127319 -2.233575970909345 0.29055062064827103 1.0478506399795045
0.00023278136299684083 -0.6593263640203526 0.35571517310988177 -0.082198646869572 -0.12600994996211962 -0.9778539144242536 -0.010195358009022498
0.00023278136299684083 -0.13751925573616203 0.8130221912346144 0.021184384667140777 -0.48588170743852516 -0.7264977079236553 -0.017625389556163
0.00023278136299684083 0.6486294479748458 0.6206514287590875 0.08346240417386164 0.5821122538815605 0.1727715477184955 0.03213849595235613
0.00023278136299684083 -0.06692000331920829 1.5577339132443713 -0.2456901793457932 -0.38989848063919036 -0.14854707862938743 -0.10104122390473326
