0 40 0
0.9311254519873633 0.00042358097664585225 -7.486955075534673e-06 -4.1398814685516875e-05 -0.0015398463812468838 0.0029008757546305063 -8.673535262456663e-05
0.00023278136299684083 -0.777825269444584 -0.5414998033263303 0.007916664796016182 -0.3562678006642447 0.9406475884423016 -0.012804141146279471
0.00023278136299684083 -0.7622655947448308 -0.3571342753677401 0.00630652879036189 0.3236026928093761 -0.4903223049656568 0.05119951350773443
0.00023278136299684083 -0.25207044694811526 -0.790828509038302 -0.05203567830445374 -0.5219361293051188 -0.5824657683602795 0.025722096485990806
0.00023278136299684083 0.09006280784773785 0.15860355878384919 -0.027389867110537473 -1.8380450044085916 -2.217029811172219 0.40577225166368946
0.00023278136299684083 0.03183537942882748 0.3898507226538723 0.14642036764725846 1.3870491419069044 0.22449242260444957 -0.1529106276797784
0.00023278136299684083 -0.7183869050378017 -0.20637113657661083 -0.056123566711515714 0.5786347683606019 -0.8478609259125751 0.17903969434338413
0.00023278136299684083 0.34519825869774545 -0.10100736164693157 -0.039444452395789815 0.8622936663524026 1.5282993047142424 0.14793651602843402
0.00023278136299684083 0.10278957555845314 0.31197170816439607 0.0188801868647369 1.4777640991935739 1.193809966045011 -0.01832591107685417
0.00023278136299684083 0.20051489961170668 -0.22323592466781988 -0.01035610324174755 1.6578131540424978 1.4119439807733363 0.10486310401778766
0.00023278136299684083 1.1859057402366182 -0.4536507832854257 0.10399541822802819 -0.261314804559999 -0.5101327214276331 0.03410760245419624
0.00023278136299684083 0.47120738227590964 0.3661840504656391 -0.022391022671844996 0.8766555631229215 -0.6884091220354339 -0.28685124969201664
0.00023278136299684083 0.3575323702751417 0.22766757960663767 0.0013525080487681316 0.8133024113265737 -1.248940207529561 0.011814211904974318
0.00023278136299684083 -1.447568394232131 0.08813461045617058 -0.014228116605496008 0.3053836587913656 -0.6907772152792304 0.04872317470809834
0.00023278136299684083 -0.24483188682355828 -0.5528918225997778 -0.06325829603151162 1.1588304477977371 0.566724153167531 0.0028669684101338
0.00023278136299684083 0.0436268753906813 0.29505662369665775 0.020539799143156474 2.029798452536019 -0.23558598341754844 0.24145868330717252
0.00023278136299684083 -0.39759655936311505 0.6539950253295082 -0.006238411700181541 -0.8175797443675226 -0.4638633965466257 -0.0211634795138153
0.00023278136299684083 -0.780186897104326 -0.16258121275416423 0.024627059144054074 0.03203107754078945 -0.5498751030770501 -0.17592343197418378
0.00023278136299684083 -0.139853206999065 -0.266835385740682 0.027978558112386663 1.8959354897912057 -0.7966692227654706 0.15552103203692655
0.00023278136299684083 -0.4521719885089339 -0.250670316583995 -0.0009306617987959837 -0.36111783360271954 1.3195578917251234 0.1046963120791323
0.00023278136299684083 0.8635549029920622 0.99606861923358 -0.1711095594182364 -0.17251138252744472 -0.26759877280246663 0.009032910450092073
0.00023278136299684083 0.8101961787976267 0.800176692530278 -0.1532266461031921 -0.14345927405849654 0.008488685924636159 0.01831126787945622
0.00023278136299684083 -0.558192716262058 -0.15347857763576825 0.021442507733546144 0.5932824782595688 -0.8588324448086345 -0.011183004759970291
0.00023278136299684083 0.6951366880284906 -0.3875545776095691 -0.054831302675316856 -0.4173610667313388 -0.7945368574923432 0.04971315639591768
0.00023278136299684083 -0.3451375676633747 0.12405855855887907 0.04620017033950954 -0.21951909619125226 -1.660293295294608 -0.01699245983648694
0.00023278136299684083 0.19994074998817238 0.6750494787592684 0.0566895385233628 -0.7084924470199562 -0.16575355037609432 0.042498889381868354
0.00023278136299684083 0.2096972860400792 1.1700227541475676 -0.0423149466419168 -0.6040822843442858 0.5443507210208783 -0.06125789831528526
0.00023278136299684083 -0.14167878991374283 -0.49910959630554774 0.045019037385802915 1.5264150148238582 -0.08609331952982789 0.08036152748908211
0.00023278136299684083 -0.38105655185720333 -0.2943547109408763 0.015574994388484451 -1.313110281297181 -1.147686723335081 0.05478167458127653
0.00023278136299684083 0.5639999559206936 -0.27225578042397397 -0.1504122966372105 -0.12810097513141724 -1.0319338370344218 -0.002873288193355509
0.00023278136299684083 0.5975433157543093 1.0916295135263643 -0.07315692253257214 -0.18379565981281967 0.519978040075317 -0.048417606620114594
0.00023278136299684083 -0.2048406949637022 1.0695844996462645 0.1567438013045565 -0.2799128352275807 -0.9292838593445788 -0.10035089195127185
0.00023278136299684083 -0.8151753330161386 0.1927940176541269 0.007007633248868554 0.0074588113949775065 -0.8538117862541729 0.012777517098045836
0.00023278136299684083 0.48718397769001764 0.5234378543139114 0.10926723979183811 -0.7251730191171448 -0.7866251128627687 -0.16492645702413322
0.00023278136299684083 -1.1573245876721043 -1.1329999900252183 0.06551162855171931 0.02906941399549158 0.03362403861405723 -0.07759823693045279
0.00023278136299684083 -0.6738039079563894 -1.362515899241838 0.09553717650158276 -0.31884668341745875 -0.0045982012817841564 -0.03219855546559915
0.00023278136299684083 -0.7097951625032974 -0.6301241549463051 -0.027191842602952432 0.8024112737874235 0.2804547029114501 -0.07757950250459969
0.00023278136299684083 0.9443299909288665 -0.5958149905964449 -0.02349283627227724 -0.42911260026098386 -0.6068040956179573 -0.06556878235470824
0.00023278136299684083 0.7654962715473345 0.3716776239815476 0.12461092245773175 0.7275737268270949 -0.7404083745192332 0.02360342348071772
0.00023278136299684083 0.29968594742053456 -0.24110086189307525 0.05210604719584678 -1.126180895627303 -0.9196825014971151 -0.13093459216693903
