0 20 0
0.9311254519873633 -0.0010554988687167856 -0.001923648824685418 0.0003584357329473236 -0.0019456796259119825 -0.0009104535848811857 0.00032184241776953546
0.00023278136299684083 0.7216710649325107 0.968412360039188 0.03002481739249735 0.6316295999621171 -0.07974335663410496 0.09071332476656728
0.00023278136299684083 0.09548608413887621 0.08084368259891432 -0.004854211727227025 3.215314160561983 -1.5787221546007946 -0.32458288858435985
0.00023278136299684083 0.7056257098688211 0.46652726525561217 -0.2527636836799235 -0.25371292118122757 0.9205704817472342 -0.03311110784565454
0.00023278136299684083 -0.4599419763194258 -0.419427490260688 -0.030527270031505897 1.0817961588767853 -0.7146819591446875 0.18583567754818026
0.00023278136299684083 0.02287686324713467 0.6189672944441384 0.1594849504087238 -0.33954533492043787 0.8617568377202569 -0.059578266452253816
0.00023278136299684083 -0.20392907966436033 0.6556184200111147 -0.09216975530110655 -0.8692549364031076 -0.10643239650028596 0.05015454833933184
0.00023278136299684083 1.244159341619917 0.9502872043524887 -0.23532728417834894 0.4000429674876806 -0.0113940040446542 -0.10641408258384412
0.00023278136299684083 -0.7568526689267278 0.7167709794291581 -0.08267854986127615 -0.45511598185565844 -0.6166305881839134 -0.10975476412995212
0.00023278136299684083 1.61218090813987 0.9176904403275529 -0.1335589047978669 -0.04566347608292624 0.3255160378047401 -0.04471973637719552
0.00023278136299684083 -0.35658426617574934 0.5161441574454139 -0.013966373337868302 -0.268214354665848 -0.5559998309668884 -0.044637480011128126
0.00023278136299684083 0.6550082237194925 0.5169691553536202 -0.14305098845855793 0.3316999493350638 0.03911446581704936 -0.0364227972304574
0.00023278136299684083 -0.03302719433065146 -0.1825764269646631 0.04489359702960985 2.6496213936784696 -0.012213881027623878 -0.7387700894659295
0.00023278136299684083 1.277220743603772 0.787954156628269 -0.3356252881488633 0.20437897001844882 0.4217892450174573 0.05750000656990055
0.00023278136299684083 0.5176231487424251 0.256745971229278 -0.13389539022679325 -0.8230195829357151 -1.0999789706578795 0.25258294956298727
0.00023278136299684083 -0.4912749768373063 -0.04361414610019183 -0.2778502753030798 0.9878387233725117 0.08576872407947259 0.5565936752558509
0.00023278136299684083 0.3639759309006437 0.8537593522310408 0.07183810697208463 0.5694978594779169 0.749232143094951 -0.13960523150917323
0.00023278136299684083 0.10664894791311134 -0.15386025991921348 0.017606103696369554 2.2863181017371303 1.7564820334369533 -0.41477260698897456
0.00023278136299684083 -0.09087725052559507 -0.018499963208385223 0.012123161206412256 -1.6384770729982394 3.9746867586110697 -0.581058695961228
0.00023278136299684083 -0.707994079178208 0.20588314585013714 -0.03344569344257825 0.11758428018297917 -0.7173052460436141 0.15267789401919066
