0 35 0
0.9311254519873633 -0.0006207343326734932 -0.0027496883577705768 -0.0007338060166257862 -0.0012740264038787325 -0.0009257454417514438 0.0002965553114132482
0.00023278136299684083 0.3656067898075914 0.181941967392225 0.10724929659051666 -1.2576457579613414 -0.724842053967908 -0.13136127685564009
0.00023278136299684083 -0.26870001182672404 0.09499078802981413 -0.12108469367604284 -1.456433088219638 1.315908131313745 -0.1665070447679867
0.00023278136299684083 -0.23145559701049903 0.047755718721627476 -0.11983668507544666 -0.4719971505713297 2.2170253061731477 -0.2515292344421907
0.00023278136299684083 0.5234588588832528 0.7049404249208594 -0.034262853586526185 0.19473501700742524 -0.6162559668780238 -0.23747352439218425
0.00023278136299684083 -0.08144647861424498 0.18019748654365522 0.11812335311212405 -0.9420167233846874 -2.1740076691606545 -1.095872342897236
0.00023278136299684083 -0.35535577151420145 -0.2749543637348459 0.1576267688452479 -1.443884447610813 -0.30201686925934373 0.41726362372033343
0.00023278136299684083 0.27202939661390435 -1.192181120056492 -0.037397334655749404 0.6245016530050826 0.3273633511403981 0.12493402250580382
0.00023278136299684083 -0.15434033611164796 -0.14699486196228698 0.009149491530372079 2.6557476469002657 -0.4088498728566827 -0.29718077899040873
0.00023278136299684083 -0.5030953032181195 0.36848875916490526 0.09081640220364964 0.7105632801087193 -0.5295053084882893 -0.13305574554072858
0.00023278136299684083 0.057871263198794036 -0.06707030786627764 -0.01370876918425808 3.879106943121616 2.158797096784507 0.678422438761979
0.00023278136299684083 1.403160189104142 -0.32138200340956835 0.03572106699509671 0.3911153683751047 -0.14083503384249163 -0.05879699994206101
0.00023278136299684083 -0.06710423087554426 -0.28988637921214727 -0.07778931252196157 2.0852499205542725 -0.7906145949162172 -0.1182588273970525
0.00023278136299684083 -0.3534647629355458 -1.1632379681456462 -0.05813773240997719 -0.2596959641283958 0.5324439589894777 -0.1584088584795324
0.00023278136299684083 -0.3986183976800788 0.7740496434044323 0.20608644559177097 -0.22736073461748307 -0.3585395668312116 -0.030188227301520005
0.00023278136299684083 0.4219007186553778 0.9539326066670168 0.40603864560110176 0.5249316061401185 0.2720819950280439 -0.1049664025541211
0.00023278136299684083 -0.2306132025596184 0.6325708458115458 -0.07163738640164588 -0.840563712715717 -0.29970405695905183 -0.09241661471997902
0.00023278136299684083 1.7924345482429513 0.16844889158107945 0.11985352702140402 0.19793500564588512 0.623072149589621 0.11893958632343872
0.00023278136299684083 -0.1250382282199108 0.386027669824013 -0.07341889451119754 -0.22994485611531315 1.5491523249704784 -0.10854717465522326
0.00023278136299684083 -0.39270839924945433 0.2188424909641431 0.11279783515007284 0.6525786068323159 -1.0527381547536234 0.056451140401900884
0.00023278136299684083 0.1968422553271777 1.2444735959118813 -0.023137424640760216 0.42609551408507956 -0.1426455489213153 0.10949538530899079
0.00023278136299684083 0.2214186241268407 0.860162239415059 0.09161560495876954 0.6482764046643441 0.6955285098053752 0.15285726989879247
0.00023278136299684083 0.0011027983253329876 0.9734770820062884 0.1558146759864821 0.6071673250353027 0.23464047271837013 -0.11211207021943453
0.00023278136299684083 -0.32229652128705744 0.6565500049961795 0.07637252862831413 -0.3899923737550041 0.3982516983409893 -0.09147143639962464
0.00023278136299684083 -1.2596369298833188 -1.0131793078493998 0.16331898296613823 -0.33176826484674793 -0.021844641778353813 0.0376361706582934
0.00023278136299684083 -0.25071878582411145 -1.021311679758884 0.13103760820314386 0.0027508782056599426 0.7348401588422763 0.07603078984035759
0.00023278136299684083 -0.3163047326028666 0.8661422347425884 0.11611650242108704 -0.7925508379712007 0.08030446677429333 0.21305528009844252
0.00023278136299684083 -0.2627666975713789 1.2994076187850114 0.11230297078040545 -0.3400242066610988 -0.197510673388166 -0.006519995760849925
0.00023278136299684083 0.6450754701626328 1.5657083553208113 0.04566631239351159 -0.27136122570379306 0.3547454871594039 -0.009892577873921962
0.00023278136299684083 0.24970213219723447 -0.19886217156911937 0.150699031728621 1.492362534244612 -0.8120655491046875 0.1353750661002146
0.00023278136299684083 0.6692223209024394 0.6685436487542962 0.1245755572274652 -0.7237527432203171 0.25961263828601505 -0.06600222585764387
0.00023278136299684083 1.928770244552569 1.9844462915382255 0.8009980306302391 -0.20485637650336025 -0.20079006737811966 -0.07301981140271875
0.00023278136299684083 -0.4849608343278253 0.22171427488045573 0.14580829117048905 0.310419320788644 -1.2127998537599307 -0.03185458187846113
0.00023278136299684083 -0.1279726856159051 0.29326127907891586 -0.05840197199966445 0.27470733095510214 2.0545275977104875 -0.14309247464220234
0.00023278136299684083 -0.07906037248300557 1.3417396761889164 0.14624819543035178 -0.39829027616837986 -0.11974809437679076 0.21184620769918028
