0 30 0
0.9311254519873633 -0.0015695360177809463 -0.003046261774417628 0.0005371023786572161 -0.002074727199566225 0.0010233343229647386 0.00040459904619620285
0.00023278136299684083 -0.38332080638330474 -0.24645309599925677 -0.1823836429714974 1.1994406185946926 1.2325726603989033 0.3658831844778104
0.00023278136299684083 0.1806557772791471 1.1425721009889132 -0.021302889971832592 -0.4130105020199785 -0.13835112276999423 -0.23296066899216383
0.00023278136299684083 0.8192418321981335 0.6446136040125122 -0.25711886287681773 -0.3113726405365789 0.23660730367382157 0.08653387929475342
0.00023278136299684083 0.18371306612999402 0.5303113568824104 -0.09057736743796073 0.477380923714011 1.1032542985899272 -0.1951310000188013
0.00023278136299684083 -0.20740045221434739 0.6354527323688409 -0.057567633646071203 0.44726345773373777 -0.8109885879833264 0.04800010784456981
0.00023278136299684083 -0.0584068505308324 0.31211912211286846 -0.032124262460360466 0.34899916707920053 -1.9918004473089548 0.2057192940620834
0.00023278136299684083 0.7429459437175334 -0.8800972424655632 -0.15214075607781932 -0.2078045539328561 -0.3920788266554123 0.1881592973270615
0.00023278136299684083 -0.3419913515572949 0.8162619498874796 -0.09206270274351873 0.0054222052130443055 -0.7808920380229968 -0.06539829449635123
0.00023278136299684083 -0.13580136895380843 1.2158077566295502 -0.12676563852522132 -0.2044063021098904 -0.38415275283548705 0.03053272197730385
0.00023278136299684083 0.9456812452085295 0.08185074129966766 0.015591236363141012 -0.6060628586360739 -0.44164077889900893 0.023860204914636952
0.00023278136299684083 0.7469655184979812 0.2568221218762867 -0.15377097719165223 0.9946076788911816 -0.02848832397459209 -0.12229796698937402
0.00023278136299684083 0.3116820373357439 0.32981788130922823 -0.016188565970273978 0.39442468841233413 1.416936130768113 -0.08081028977493246
0.00023278136299684083 0.7843261421300726 1.0139260845489482 -0.17911170520747718 0.5687093756757112 0.24112804911055286 -0.0017116559324301985
0.00023278136299684083 0.5847040178576031 0.4378265284661449 -0.03421990154248905 -0.9897179490973815 -0.522470164937695 -0.08776240055040548
0.00023278136299684083 0.015549899114926248 -0.06981211874922229 -0.018292126089337613 4.536431272278596 -1.0668725800748933 -1.7740982949540518
0.00023278136299684083 0.4966302107903295 -0.05846401987939805 -0.0029880296111108573 1.4513619984334092 -0.42192769587310774 0.017610892469362305
0.00023278136299684083 0.7715215773462761 1.1803883172794323 -0.15741045826753242 -0.018654509728073018 0.29441366593623686 -0.0168291455366428
0.00023278136299684083 0.26141496852039764 0.8869456783278095 0.035099383356007326 -0.11110848525969627 0.1205810575006121 -0.030960322748898192
0.00023278136299684083 -1.1957603526125957 -0.6607107932591102 0.09447264414594601 -0.004813322578157407 -0.2762213229946929 -0.07088959449525199
0.00023278136299684083 0.15952988485139755 -0.12891770213313494 -0.033674158473727504 0.6290750169469799 -2.750429936129442 -0.411158117374567
0.00023278136299684083 0.8777982444535994 -0.16095556240597614 0.04499028229797582 0.4413490027399899 -0.4133066289365429 -0.11129805151892816
0.00023278136299684083 -0.7292971619459268 0.9456636664121232 -0.011294208310256708 -0.15525608214730666 0.10539305423037644 -0.05280659639731541
0.00023278136299684083 -0.1349879300673978 -0.13336042165932133 -0.07658251145069118 1.3029313261126478 2.4318598399725566 0.4040345664887695
0.00023278136299684083 0.5350753747284283 0.7117453944111497 -0.11359196938937427 -0.526078013474088 0.6543723850528294 -0.05384213020124414
0.00023278136299684083 0.57607785474317 0.35614477720785276 -0.0460576257383867 0.8294371677161293 0.14768037917776713 0.10643505064468867
0.00023278136299684083 -0.1420698519736814 1.018216971328875 -0.01729811789884728 -0.3575376659759665 -0.5275014719797211 0.150405660797572
0.00023278136299684083 0.46921426549834294 1.236551600117097 -0.19033842172039908 -0.04583628575640072 -0.21349038945906618 -0.028633846304787804
0.00023278136299684083 0.4032339710440674 0.07870039467944809 -0.24579139526765717 -1.379690044231294 -0.43226446953062764 0.16919478576708852
0.00023278136299684083 -0.2587816340823704 0.6920792740744861 -0.02990913195163059 0.0034241142069797057 -0.4852585779050907 -0.0781774545643655
