0 15 0
0.9311254519873633 -0.0008934212959087491 0.0007700973362022035 -0.000734001017962103 0.0006021771625085221 -0.0002020433735306709 0.00038017477599736407
0.00023278136299684083 0.5948285771017934 -2.839207446439236 0.9024039198047602 0.011076267793826781 0.06267773967010683 0.06453333878419072
0.00023278136299684083 0.4571132658617633 0.04250508379402826 -0.15879674675494931 -1.114195594063299 0.8226618820299799 -0.3350023996645171
0.00023278136299684083 -0.5558123059746738 -0.26527242571627013 0.4652030089523236 0.28270664599794115 0.6678889327864174 -0.29931544551024036
0.00023278136299684083 -0.7405539125123131 0.5380265165736627 0.07276595604591983 0.4314623508395064 0.37471412530363735 -0.22320894892917348
0.00023278136299684083 0.8559500610461782 -1.011917687334394 0.011782024881020058 -0.12164978822153072 0.18859035070968813 -0.20647224583239698
0.00023278136299684083 -0.5276516564428961 -0.26907142953185015 0.3235472761402075 0.1889316303779363 1.163216450268236 -0.40665847156165474
0.00023278136299684083 1.2223781932014102 1.7871307514514128 0.27953001327815075 -0.27643651328551117 -0.19757997359696486 0.04269238416783951
0.00023278136299684083 0.287920611393516 -0.17351495278637252 0.056550908217857354 -0.3659935361406554 -1.8323115100901524 -0.45828268028765695
0.00023278136299684083 0.5088141896114209 -0.501300778421809 0.1515359194208427 0.3858802105548418 0.06660202652069569 -0.2948244267612682
0.00023278136299684083 0.5094528252250607 0.04842925831987142 0.0742662041091871 -0.48827412565934825 -0.04096809649695578 -0.0670056946424242
0.00023278136299684083 -0.16327599768873935 -0.4747466150190808 0.33862161879570685 -0.8428796403315642 0.6079494281363532 0.04420734811132361
0.00023278136299684083 1.7345081026095532 1.1035013084761283 0.16410984492529243 0.5441714445574767 -0.1519917024740745 0.1429061828393935
0.00023278136299684083 -0.41070601978551496 0.11084891548587635 0.014846487142344924 -1.1363077736816247 -0.782299328422602 0.4750000164990077
0.00023278136299684083 -0.1992807500157221 -1.175799843674166 0.23963763688974568 0.09279977122791858 -0.1409768302216822 0.0007319387981204794
