0 10 0
0.9311254519873633 0.0009692796639232664 -0.00041792066491872973 0.00034435108537250487 -0.0004440618207077974 -0.0001293428349001718 -0.00012815079535061146
0.00023278136299684083 -0.5340022666870253 -0.4111571195805335 -0.026672368117463072 -0.04906590083110267 1.3647530095400582 -0.05909829433197454
0.00023278136299684083 -0.12712321438525678 -0.1383325723795588 -0.13279925400777395 2.04980662980111 1.2727543299791404 0.6722506004894007
0.00023278136299684083 -0.5149372130250494 -0.18352641303104084 -0.122687963169986 1.0377767669842095 -0.8765134317812776 0.1303495042670799
0.00023278136299684083 -1.4989152660508391 -0.07476160469798056 0.05067856184761141 0.1960297529148053 -0.5140406095635021 -0.048562731538706376
0.00023278136299684083 1.2993721596145877 0.6875278648752041 -0.1947674180721177 -0.0689991003493512 0.14044003783126618 -0.04521006637809706
0.00023278136299684083 0.3067815189659759 0.6085159501173434 -0.03623821263864423 -0.824705969567662 0.9774332501850868 -0.41495775599025175
0.00023278136299684083 -1.2506415428503361 1.0477916682402282 -0.5886297999251492 -0.09165456929070656 0.11661536070033213 0.12368712972759656
0.00023278136299684083 -0.9846937345554135 -0.024653438909256253 -0.18586583472668283 -0.12223947590878469 -0.8303276051658802 -0.19799726875273538
0.00023278136299684083 -0.5729590967209436 0.16027832503479353 -0.1404220526797991 -0.3507008509213271 -1.1337430021245374 0.3521420639101335
