0 15 0
0.9311254519873633 -0.0009865268544062217 0.0003740507471595593 9.50248888161556e-06 0.0025337416814436094 -0.00017353175332057903 -0.000649632777586328
0.00023278136299684083 -0.17986938157697369 -1.471492230035059 0.15257842635725663 -0.23816849905599188 -0.8175087125182072 0.11888316122382912
0.00023278136299684083 0.13302251234871343 -0.22889249091607 -0.06598820355440525 -0.853652575519214 1.4771657473853044 0.43022188724656435
0.00023278136299684083 0.9111085024320505 0.719757444622116 0.09348318710527738 -0.42336759550739494 -0.37698277412804565 0.09301357354115761
0.00023278136299684083 -0.013632969774114842 -0.5104858648236552 -0.07649358035247324 -1.3051705464851273 0.7904325921264633 0.0836590587845779
0.00023278136299684083 0.04508882652587427 -0.005572661378391186 -0.02961220117113298 -4.939963120668199 -2.2093995128739223 1.725528285950827
0.00023278136299684083 0.7324046273970447 0.42442713478195515 -0.019935915812902157 -0.6651420651312283 0.27902284708856745 0.06260566358968492
0.00023278136299684083 -2.2898354834807013 -0.39341249806375217 0.2111954641595685 0.25652845371866884 -0.18036645383431144 0.00974981996027683
0.00023278136299684083 -0.148329725305389 -0.09518666348822398 0.04573000149477358 -0.3368873813878509 2.779345121579498 -0.30499848042427824
0.00023278136299684083 1.2099163368714887 0.2478199517699339 0.02350261890648033 0.5953782342993377 -0.023940578589143405 0.09209447591800214
0.00023278136299684083 1.5782810963193084 0.19513608822878858 -0.13919435117162138 0.14699437885979108 -0.09280189384456303 -0.03073092786145547
0.00023278136299684083 0.8069058198779533 -0.16659828747122954 -0.11584179099929547 -0.9399185942967002 -0.2244254806919877 0.03672556683964295
0.00023278136299684083 0.16816001879849124 -0.5143334983716142 -0.06970666406001134 -0.4388108757114637 -0.8241725861628421 -0.0024188678537923193
0.00023278136299684083 1.185592582022092 1.0421625948658024 -0.0834288468150595 0.06754956899324392 0.14243877206643937 -0.042037599864893756
0.00023278136299684083 -0.1927053448323567 -0.7395320083642385 0.03570190038708907 -1.060336107882309 -0.02468007432093583 0.3262354932951681
