0 35 0
0.9311254519873633 -0.0022607118844899547 -0.0017010207441954634 -0.0003826112283480679 -0.0002565330091109768 0.0006740237967558554 0.00016954867862349233
0.00023278136299684083 1.2215219652765612 -0.41612067905933586 0.06498487362836973 -0.46831858468547743 -0.46815968667450114 -0.12588553039567368
0.00023278136299684083 -0.6495198696339151 0.14406830178974933 0.022511556639136576 0.17208285143769447 -0.6409422938822634 0.060449697544765695
0.00023278136299684083 0.4680966457632783 0.022259512123160078 0.07746602792396416 -0.7495808998934944 -0.9349174920661821 -0.3919419656001494
0.00023278136299684083 0.5302030018974953 -0.2527640453217778 -0.14759515330402412 -0.9371732393416254 -0.8356563412409287 0.017069863778538034
0.00023278136299684083 0.30465890099982684 0.5918086634835935 0.06869858569425417 -0.6308084958948564 -1.213834114257161 -0.14179365869201682
0.00023278136299684083 -0.9157225215748049 -0.20472323625288658 -0.21036609664510744 -0.05883335389964314 0.026283024592281788 0.1282431284856397
0.00023278136299684083 0.997211772635396 1.102388311128059 -0.06623054202066325 -0.7610111811320757 -0.1508272933429094 -0.009458997970825401
0.00023278136299684083 0.39597451940175243 -0.2190264994456757 0.04386004028996629 1.0354911348738156 1.3049707869689073 0.3662947190216659
0.00023278136299684083 0.27746906696439194 -0.21761470032710564 -0.03935499172247003 1.7283856375619806 1.0264167891463047 -0.02594452014112796
0.00023278136299684083 -0.16935303260145845 1.05178884310518 0.17066232881132107 -0.3631051934122418 0.585870812314611 0.054830985010925
0.00023278136299684083 1.2602081197639223 -0.5124573530194644 0.09544729652946345 0.32170244734366465 -0.2500044060196462 0.19911309683243644
0.00023278136299684083 -0.3340812595703979 0.08744150499013299 0.027548804737728104 0.6647489199028599 -1.3004339273085894 -0.4336423364367497
0.00023278136299684083 -0.2664853269497794 -1.0312422251670914 -0.0012814585983163967 -0.42012411663691857 -0.8592989282456539 0.028992985436824808
0.00023278136299684083 -0.39344060865445757 0.05162500687253195 -0.0178843308829636 0.6262354811993808 -1.57502251840996 0.08183134659368194
0.00023278136299684083 -0.03140758386162178 -0.08365148006934335 -0.0063538003723063435 -3.47000420224515 2.7291098437902064 0.047590591973269904
0.00023278136299684083 0.5833865095689587 0.5760744440523365 0.10281697459531827 0.03559708078212495 0.5781696659807004 0.23926501714143653
0.00023278136299684083 -0.11309788133243552 0.9958812023591154 -0.0947715735386147 -0.7586466554636683 -0.21615009077896988 -0.08759605195199485
0.00023278136299684083 0.7310455631859902 0.13622849483298094 0.07906227939209605 -0.16262618606626825 -0.5936002774155069 0.22720508406164497
0.00023278136299684083 0.0023854951777171744 -0.19528982900454905 0.016292242209698556 2.411080829149298 0.18261345430794168 -1.1289775098096821
0.00023278136299684083 0.7298644053923137 0.42641364310795127 0.059458049629617385 -0.2846236685388292 -0.10948299169449416 0.18477176321396555
0.00023278136299684083 1.1424857300751523 0.6884194074826844 -0.025925378721709795 0.1826141229766083 -0.28674266202387155 -0.09222356408177401
0.00023278136299684083 0.6515002999660875 -0.08859322543616176 -0.30772296109371666 -0.6792727449663551 -0.5814163035556538 -0.1407088492234171
0.00023278136299684083 0.16156187909610992 0.9702757768614453 0.10478610518623889 -0.8219782390840176 0.022538427647489017 0.05833544567124222
0.00023278136299684083 -0.45992030879152457 -0.220723201581179 0.0456457398530562 1.5464230362530027 0.3636033879100995 -0.1386292114617123
0.00023278136299684083 -0.5447329811031103 -1.3375782836372292 -0.04862821632699524 -0.10901237713412429 0.36752191262431555 -0.015234140457680975
0.00023278136299684083 0.6017449205317936 0.41810527819481996 -0.054797729888041394 0.16420750546984977 0.9107648003575317 0.1266029999007128
0.00023278136299684083 -0.376685070073936 0.3584987832496197 0.1482024977650302 0.6213649269294648 -1.305161510155494 -0.20997935930277217
0.00023278136299684083 -0.8753863343115632 0.2728552772516454 0.16273818987733585 0.20209267986834895 -0.9688597540095601 -0.08604322748205856
0.00023278136299684083 1.3473680311125216 -0.43549699394661934 0.25565456572009604 -0.147184434414243 -0.21561372500356954 0.005552562178133421
0.00023278136299684083 0.7873171102925515 0.7896761937914193 0.18006294412418886 -0.12018524346639445 -0.2776516556101471 0.131346207564567
0.00023278136299684083 2.0678651170430915 2.520310778714087 0.5364794694837275 -0.05830588520105056 -0.030535309978835568 0.0321841746314326
0.00023278136299684083 -0.2988328920155194 0.899723629411606 0.19595853346318082 -0.2456922890996686 -0.5436065803832462 -0.13380807037000725
0.00023278136299684083 -0.10958280283326195 0.26143894316446664 0.03501677937848886 0.9982046061462138 1.9678708608269293 0.2898497394254393
0.00023278136299684083 0.31922695712043864 -0.34591726691695085 0.05800326157494829 1.562387767125693 0.5960889085663876 0.20414287041735138
