0 15 0
0.9311254519873633 -0.0011552985855476344 0.0001266197838314971 0.0001481496172035199 -0.0010367227943132071 0.00015242859424544682 -0.0001327909899227669
0.00023278136299684083 -0.83565910741428 -1.429647781491633 0.04367564987162664 0.22328159082335647 0.489692043943654 -0.016457685063604423
0.00023278136299684083 -0.06506798564920285 -0.19266984993177758 0.2596432228157802 -0.046855327097054415 -0.14227059445473186 0.2066689713680216
0.00023278136299684083 0.5412953417179059 0.919969540030035 -0.2970207004539574 0.23635906981567792 -0.4519084857780339 -0.026977677736474942
0.00023278136299684083 0.3362723307356858 0.004857175939967337 -0.056404220922880964 0.6409897051223639 -1.7784565308282954 -0.1373034547440202
0.00023278136299684083 1.1035669898248535 0.8429632666511614 -0.12739899509613972 -0.3517161487157464 0.18586378690480634 -0.06648835410527401
0.00023278136299684083 1.327324553814164 -0.31365123527947736 0.03377496145470635 0.2582803504395017 0.18095008691766798 -0.014116446805489706
0.00023278136299684083 -0.8406328842934161 -0.48569909138926404 0.06779124517339961 0.9204183204154063 -0.11486250762850046 0.08772585400496039
0.00023278136299684083 0.9664220472367551 0.1102306448898048 -0.02333231432364769 0.4340194861338267 -0.5296598965468508 -0.14155298808610745
0.00023278136299684083 0.7901088184985314 0.017285791451667143 -0.1579149331872696 -0.43762394802295185 -1.0504472921510475 0.05907580843397399
0.00023278136299684083 -0.2634718957473203 -0.024815741136513806 0.059773263180818687 -0.36599195026841685 2.218061170115764 0.12199852672740782
0.00023278136299684083 0.32432978869343926 0.18796332201635152 0.1060475894214744 1.7901147535025383 -0.1414068115238368 0.3236543254455584
0.00023278136299684083 -0.24004144132294958 -0.7351812742816124 -0.14606443800962773 -0.1102539487241751 -0.22778992320006594 -0.10340044037089961
0.00023278136299684083 0.8131421304415192 -0.4164369552101714 -0.1824558225573387 0.5149113967369823 0.3727196789212991 0.07836697833520398
0.00023278136299684083 0.6636056556550655 1.0083530524101607 -0.17271297618104056 0.44095782709151843 0.3798008983263849 0.15997054228781177
