0 35 0
0.9311254519873633 -0.0014522630957729099 -0.002272103212273234 -0.0009702887940387557 -0.0024277794970993384 -0.00022771116300264926 -0.0008119823320587177
0.00023278136299684083 1.2024617478717303 0.7667911277846273 0.29550101039001003 -0.5477570604847875 0.08680648087675966 -0.20818956711457795
0.00023278136299684083 0.07426630070347738 0.4683242916679964 0.3506690615205797 0.9761882954071815 0.7038349128304738 0.38289577880480985
0.00023278136299684083 0.32408535157044305 0.8863565125109423 0.5068801919914626 -0.6692521978676673 0.3035676867080902 0.10638152107739994
0.00023278136299684083 0.1554142731571619 0.30951140468507166 0.020600087074591197 0.4490015950656183 0.8186731985023428 0.1582709655877226
0.00023278136299684083 0.32307174944747635 0.7877580460032644 0.06686542707971542 -0.9705872603134623 0.37812639324496256 0.26051198098831596
0.00023278136299684083 0.1209585875169348 -0.03383496613501905 0.06574958448313933 2.088959955861269 -2.39574370410763 0.6550246809464281
0.00023278136299684083 0.34446096524283604 -1.1252599028846577 -0.36374597517176893 0.6800306601477095 0.27013583418314924 -0.0841147122476305
0.00023278136299684083 -0.3983407770800259 -0.0007170644714047958 0.062240644901915075 -0.7384881663634852 1.4002893489643096 0.4976737187538015
0.00023278136299684083 0.9477595789650641 0.3707483237132568 -0.08858836782176753 0.2948706989577015 -0.24409219361515772 -0.15220320740477372
0.00023278136299684083 0.13716373300968607 -0.07288299702967725 -0.044147457507166706 2.500109493926463 1.5840596073847704 0.9065627557474869
0.00023278136299684083 -0.4433553094274717 0.8778869433514206 -0.34124946924863986 -0.3298765711953295 0.18033052875911693 0.22592609709969247
0.00023278136299684083 -0.0142570208992477 0.5828433393845237 0.05795941697792367 -0.5040663535520493 -0.7404241421227041 -0.4094582004165541
0.00023278136299684083 0.21928301841267972 -1.895174173465459 -0.114988602648893 -0.09794145337530523 0.42307913114343737 -0.01417008726907075
0.00023278136299684083 0.5213001183405294 0.5236476447921421 0.008264702788091497 0.5450516289052512 0.3742178668908854 0.4317228253952299
0.00023278136299684083 0.676137658222733 0.3055913057513146 0.10987328725096267 0.02020834965988585 -0.5620003771707681 0.16756161992130963
0.00023278136299684083 0.43098794290680287 0.7791990083348056 0.49063756687690435 -0.00034799305150598286 0.6318722558799353 -0.1536644072501625
0.00023278136299684083 -0.42885985791682696 0.07241430544626312 0.06627212075356481 -0.15623501318665903 -1.472898858629966 -0.5073718547280451
0.00023278136299684083 -0.005481820499764096 -0.22207911294157978 -0.07914871384714764 2.1558956505664137 0.3569482882519015 -0.7560546078295274
0.00023278136299684083 -0.11668180405476915 0.15092162440039197 0.09768123418685153 0.38302194627263636 2.226171363062287 0.8217611212047466
0.00023278136299684083 -0.06966053533903928 0.5615870960454304 0.037541438643006964 -0.21374571609797327 1.2257246710821665 0.3308194192200419
0.00023278136299684083 0.5520810336966865 0.8608677309756144 0.2117128439541958 -0.479439322653998 -0.4972666501915331 -0.4326990072023634
0.00023278136299684083 -0.10839874824606818 -0.04302206548893117 -0.007051683887073266 3.4070880380930046 -1.5502958114344991 -0.49146909809251255
0.00023278136299684083 0.030915924582978614 0.3150445587605838 0.04401858865638563 -0.21048991685597238 -2.046779499234791 -0.2886358680844277
0.00023278136299684083 0.357858676940294 -1.058494042997307 -0.7699927422392502 -0.021109646276291773 -0.3919631488229793 0.05700494514529658
0.00023278136299684083 0.4861479787203588 -0.35832878494818093 0.11256750522159274 0.9539210105906264 -0.9750823520739392 -0.01287905091556953
0.00023278136299684083 0.049342532309244846 1.818060052588004 0.24544286802157977 -0.09476838206477915 0.1179625212284764 0.17320444809276558
0.00023278136299684083 -2.1411753491482814 0.5573762435386732 0.1019465512973917 -0.05526657189538229 0.27654901327187037 0.14561946828570632
0.00023278136299684083 0.18680507052466105 0.7802755794094556 0.6605929207042935 -0.11046752308810792 -0.7920169463341452 -0.38288265812710104
0.00023278136299684083 -0.546224698975187 -0.49839147366342035 0.5975215885476873 0.21507346163243585 -0.6967805537294005 0.36921470103725623
0.00023278136299684083 0.8859491776303577 1.3341780932292455 0.3479323860645579 -0.2601930687970997 0.15950963029368173 0.25454434048979996
0.00023278136299684083 1.6025961221058613 -0.9899406413141089 -0.21099363204132138 0.38765804786425573 0.23519722414077057 0.17488683618206619
0.00023278136299684083 0.21095682113850525 0.8624239868293059 0.5923345294009004 0.20007289556143718 0.9144772434870753 0.5552702301266739
0.00023278136299684083 -0.34751825174335294 0.25927082846570265 0.31088369061911025 -0.27653995984749036 0.900909766348343 0.3663830808687406
0.00023278136299684083 0.5890021934077885 1.1554600267581114 0.43937257316184813 0.19053843685280833 -0.2922540770566992 0.10048111994189612
