0 15 0
0.9311254519873633 -0.0037439272820303307 0.0004481253784139987 -0.0005122138347940376 -0.0012717403282996981 0.000683561401014009 0.0004901033930116984
0.00023278136299684083 0.5833987674681074 0.743935391721967 -0.03260079132454362 -0.3619897881654594 -0.019618301717940784 0.6180034944360614
0.00023278136299684083 0.6668639487209604 -1.3501839303000764 0.8898091093350693 -0.3595836078989414 -0.31155005530710655 -0.0053749503978674845
0.00023278136299684083 0.7092421054876287 0.7805347872830383 -0.3447664317318104 -0.2165723449548641 -1.0559597588675826 0.054406100251031354
0.00023278136299684083 0.04693216537178587 -0.3457564013661242 -0.1157240577210293 0.18702324652798763 0.41366487573583127 -0.5608588372082669
0.00023278136299684083 1.916386499061199 0.8030629040131315 0.20351831490196487 0.2330551668572062 -0.4025584918756613 0.14153425092457872
0.00023278136299684083 0.6055975651740287 0.20082524230913493 -0.10985950998182696 0.9406802841824518 0.28676828920710523 -0.04228809593874552
0.00023278136299684083 -0.005098964128418924 3.41744208632534e-05 -0.002386545167679974 1.7785030645903324 0.045024651083744774 -0.25823863482354076
0.00023278136299684083 0.23400572444704187 0.24707319491741284 0.032381081907561504 0.6989458171562083 0.3831444326340385 -1.0575559865831605
0.00023278136299684083 -0.07919864212977731 -0.19357925809384938 -0.186703543121589 0.4850704171585323 -1.4507304225781152 -0.7404050548929925
0.00023278136299684083 0.11086623670493324 1.064568477004319 0.05958148429743137 0.8131838112323737 0.609471120317267 -0.3732220942859751
0.00023278136299684083 1.6321504850140494 3.474534060995476 6.6820518957667 0.07721349827724798 -0.04619734283704296 0.14928668041610452
0.00023278136299684083 7.964953471514692 -7.07263894184799 -4.017095750982071 0.020640460603870134 -0.05835806296485037 -0.005914475060013605
0.00023278136299684083 0.7704571835554757 0.3303569196156101 -0.7642803206570409 -0.3718884923181686 -0.45318181852563144 -0.30881586310079745
0.00023278136299684083 -0.18084741823988387 -0.47526813444167676 -0.24506959634650397 1.162679779950013 -0.6741647183600944 0.42902989421679016
