0 30 0
0.9311254519873633 -0.0011990740938981205 -0.0020423890639025277 0.0005595012085350514 0.00022565839334333693 0.0007808886484959964 -0.0001942327950800753
0.00023278136299684083 -0.7371562493835865 -1.297800559536938 -0.2023254812596192 -0.33194110028738816 -0.3137763757454285 -0.05275757611030285
0.00023278136299684083 -0.046239932690768114 1.1318244860025366 -0.20051415897696856 -0.35336850433079564 -0.1720420657252159 0.08809137520434424
0.00023278136299684083 1.0314498197502049 0.613924976129209 0.14975958143656473 -0.026398617608597307 0.22871494870636072 0.1349373045149304
0.00023278136299684083 0.2197526753929011 0.5915703979715836 -0.24474964283041323 -0.7681086078843355 -0.8969761368218623 0.19961474211016675
0.00023278136299684083 -0.14314069462729098 0.6358127069335694 -0.05882781761498761 -0.2500158363140932 1.1642248809120757 -0.17399220591807793
0.00023278136299684083 -0.2726969395953252 1.0948056173749106 0.07182760117099404 -0.26093203901508344 -0.11173596011131344 0.07079234677300593
0.00023278136299684083 0.5252244694574834 -0.6884983958293649 -0.1988851223316713 0.01429031057578915 -0.514090017636563 0.1691292637694547
0.00023278136299684083 -0.19149365191830098 1.1666062985556787 0.10089920684877363 -0.1755069642612534 0.2164367248358524 -0.055048622278304246
0.00023278136299684083 -0.1507637365945094 1.0056576436131146 -0.1777252788818053 -0.1039694529653693 -0.49130759805285235 -0.15970773661009607
0.00023278136299684083 0.5432079946084366 0.20776063935899208 -0.12212256018493008 -1.04519953484753 -0.40005169946951324 0.23608178637894214
0.00023278136299684083 1.1706809131017044 0.0801393052267619 -0.16212307792315553 0.388012193642188 -0.2812800802449846 -0.12134603508807466
0.00023278136299684083 0.13356519518640622 0.43727046695286637 -0.1400178353259652 -0.6908830998300374 -1.346414400943555 -0.2081455978205614
0.00023278136299684083 0.5653387222512415 1.1028631548507493 -0.11447174279192515 0.638730404431791 0.4116211130732789 -0.16606592625926805
0.00023278136299684083 0.6306006995256187 -0.5416318741455433 -0.01813661662660135 0.8838477484962096 0.4272749451190505 -0.006108674710863653
0.00023278136299684083 -0.20698134831694828 0.07021956541732884 -0.02220555450081725 1.0942811732350854 -2.3957855452307193 0.329004066658473
0.00023278136299684083 0.6075200908435298 -0.3914141286829716 -0.09965872418118775 -0.7367139769049238 0.137605175742613 -0.10051867948423353
0.00023278136299684083 0.14889670284140402 0.9475084983679825 -0.08142668843482061 0.29486945792269365 0.3705425062202258 0.021393032422348107
0.00023278136299684083 0.021905250119736097 0.6898351081958697 0.1082208635632256 -0.5269497212234574 -0.8825966887713608 0.22724111766105334
0.00023278136299684083 0.15601145626224758 -0.22109469817899882 -0.07339700151626163 0.4078723401186575 2.2048217549085987 0.5289791914005202
0.00023278136299684083 -0.7023687568018315 -1.0479037398019009 -0.20358579714905678 0.12407403093040201 0.4682144652566713 -0.1587783229384222
0.00023278136299684083 1.323664630470312 -0.08718274529967725 -0.30139741505164885 -0.1584846176428589 -0.1925208538774683 -0.14368069667977515
0.00023278136299684083 -0.7434569886162016 0.7145341786129455 -0.013791590627906372 -0.23924222844835544 0.32057669709173914 -0.0749829032077723
0.00023278136299684083 0.33162140285355907 -0.6517830055592106 0.060545324663999284 -0.1209078681349901 -1.2270480597507236 0.012317697303086822
0.00023278136299684083 -0.08438552371475982 0.6099949246540054 -0.13123960223504064 -0.4995353603835712 -0.8937619870301282 0.32945327116622025
0.00023278136299684083 0.3790495774721612 0.08503246748287803 -0.15560870556877163 1.498832068027256 0.3625272100479124 -0.19028388512027078
0.00023278136299684083 -0.32895774344219597 0.40866025093821595 -0.06128912773509057 0.5074721597510439 -1.4479157385744932 -0.07195791227079595
0.00023278136299684083 -0.06669523475952041 0.614384882143412 0.06485699822939728 0.03770480710043971 1.0985200922756855 0.04821058905536937
0.00023278136299684083 0.8062498458954322 0.49667977887329723 0.04453798453329152 -0.2210703706676214 -0.471510614957872 0.09417287040859804
0.00023278136299684083 -0.12410626997730291 0.3917800549857426 -0.05515285283779064 -0.283392366854637 1.504178714769995 -0.029112700009392794
