0 35 0
0.9311254519873633 -0.00210617959181698 -0.0034067316985171743 -0.0007524470668079553 0.002787277095187274 -0.0016598835024322091 9.64142251308099e-05
0.00023278136299684083 1.4771254292179326 0.6704694147594776 0.5183425265719793 0.4382158489658438 -0.2790346218371533 0.23475852356605517
0.00023278136299684083 -0.09657654584659443 0.37235736121810087 0.11865279316595813 -1.1625088690048009 1.1450130895173654 0.19037076705174016
0.00023278136299684083 -0.08164272326516034 -0.2048215455222932 -0.0403372344380221 -2.3401137603847477 0.6847532044511485 0.5989338247522779
0.00023278136299684083 0.5821138763684423 0.68802864504979 0.039559322012979195 -0.6214807596136332 -0.27765915273779723 -0.3125149383540111
0.00023278136299684083 2.381816488269483 0.9326928110821795 0.36449113162049585 0.14372134810680412 0.2411059031978036 0.06091850995527558
0.00023278136299684083 -0.7698921744206435 0.49961529268984367 0.1758175583165422 0.0732173092211973 0.17831084327851787 -0.19374996180234988
0.00023278136299684083 0.7624095966524032 -0.44062632353218356 -0.018641271710159828 0.4753333791471005 0.73092793202238 0.09634604854589508
0.00023278136299684083 0.11010538545456695 0.7863813791336857 0.17560265484410148 -0.6569283620476924 0.18088725512388037 0.15131937353584007
0.00023278136299684083 -0.3188580713376389 1.2065855857954646 0.14736568749646714 -0.46578711578335386 0.5653884447891225 0.14956879956261224
0.00023278136299684083 0.5281235775204345 0.12052812400771018 0.032231317583260574 0.34819059173544653 1.2550640434481464 0.14051428834938892
0.00023278136299684083 1.1495937243056649 -0.22062995795259366 -0.01407431581776849 -0.4277335517831996 -0.008706299271448736 -0.08161166750209264
0.00023278136299684083 -0.2802347954437926 0.4226080890642572 0.0003151277712909916 -0.5965523021750286 -0.32711160631135805 -0.017367966342148964
0.00023278136299684083 -0.49456565034754635 -0.7616243645052087 0.020667113158556915 0.2135433044003146 0.9965317502694236 0.033786491151960196
0.00023278136299684083 0.11992303540451121 0.484629718822455 -0.02376563275582883 -0.6444101955843291 1.105854985445898 0.18909868139967054
0.00023278136299684083 0.43857836593506366 0.5745328163269408 0.1464299909931339 0.4803472209210402 -0.03523583959164827 -0.26247632834623214
0.00023278136299684083 0.10540426607522074 0.8410510303309909 0.1759919801250672 -0.6042987894662265 0.4186490996848878 0.07677521906572753
0.00023278136299684083 0.40003710185583563 0.2589825357424954 0.20424246124407797 0.24505388688773058 1.3751480837294296 0.43871388048257304
0.00023278136299684083 0.26380651748031836 0.05959354780974051 0.003765551965952054 -2.0094689027969896 -0.4783219959943641 -0.045806219759719144
0.00023278136299684083 -0.8065064934773565 0.5294047348974403 0.19853561829827557 0.020602825957705687 -0.3540537909302143 0.2492014196852016
0.00023278136299684083 0.2925363320617612 1.4132461910633565 0.0799194709980748 0.3064146260371992 -0.06234427829078058 0.03998778621860405
0.00023278136299684083 0.8421804914404608 0.24120086552413636 0.29496888752368744 -0.48222115307337055 -0.6822162045914885 -0.17622234187430566
0.00023278136299684083 -0.6379360622371505 0.3322632695487041 -0.1603043988383665 0.27774441236023784 1.0435649889734948 -0.0024729640897992737
0.00023278136299684083 0.30956836854080727 0.8507714475363234 0.03718481196441565 -0.4280108724248646 0.3139689309350497 0.2280433852512504
0.00023278136299684083 0.05831144706945638 -0.06033627561379702 -0.04488737032720593 -1.17561869986537 -3.2184452912698713 -2.5179484145116624
0.00023278136299684083 -0.34284684615452754 -0.8657465398495613 0.019428695982853718 -0.052573164998539985 0.6346456163902384 -0.2183527354068929
0.00023278136299684083 0.6928315692402373 0.0791243841742932 0.0749011030339996 0.36402234783349624 1.090356768807462 0.27660476106720744
0.00023278136299684083 -1.079792842314477 1.8806800015029792 0.1857538179607777 -0.43900197093077997 0.36800026408714925 0.03356786884882901
0.00023278136299684083 0.3961433184130919 0.01670201776399326 0.009735682841755813 1.0496391977858595 1.579178625889489 0.260323884336175
0.00023278136299684083 0.7550453625873078 -0.25339198247020245 0.023764597352308545 -0.7592137799236832 0.19808058093204414 -0.0975865074292182
0.00023278136299684083 0.49233748631355645 1.0939091597581996 0.09714021943317408 0.4894113859431187 0.6465839098183184 0.1403340537538506
0.00023278136299684083 1.0608396220868288 1.2597814487482104 0.275713231482589 -0.38686308974196376 -0.5231922742740569 -0.1014660526999297
0.00023278136299684083 -0.41764347156871756 0.5677907417120197 -0.060166038322081644 0.06047842528820367 -0.8128197879068689 0.02311537260869494
0.00023278136299684083 0.3168085436273986 -0.2096902516536254 -0.06811041423899145 -1.5118363107513464 -0.9531692941726329 0.03886248036288193
0.00023278136299684083 0.21557413775903927 0.46086342110318546 0.01955358993846847 -1.3704228409904753 -0.10016987388272312 -0.00922622195658846
