0 10 0
0.9311254519873633 0.0003150784840191834 -0.00037965595171587815 0.0003277319262281432 -0.000415087952002011 -0.0003611697445925243 -0.00026706520611994547
0.00023278136299684083 -1.6271680423912935 -2.1366965767557162 0.09816885380851925 0.09797348453469355 0.28284501342949464 -0.0042204991605235805
0.00023278136299684083 -1.104596934400352 0.2702107959317651 -0.30732218243878096 0.29608461072906406 -0.7600512570551822 -0.06173996621131818
0.00023278136299684083 -0.8428931834112994 1.061536941022646 -0.19823269107211886 -0.10924192178924386 -0.4654633024955702 0.04541360653879616
0.00023278136299684083 -0.01908028863076604 -0.27935821328985144 -0.0601363131623616 1.9125649529605862 0.8992188306305878 0.5733751547361385
0.00023278136299684083 1.2509635918650175 1.1339470441623305 -0.0684192117773407 0.06337526514605679 -0.356248615049391 0.057719753622113484
0.00023278136299684083 0.5330105757067868 1.4544615227673998 -0.2955989646396671 -0.30692296749393944 0.5732157393077296 -0.11644020929164209
0.00023278136299684083 0.2982199017421055 -0.06709694333141983 -0.20616649677826157 -1.3610392961070341 0.297622456331035 0.9357385393114777
0.00023278136299684083 0.3612698841580013 0.5534814373409664 -0.3174667102354902 -0.42815200275554294 0.8370441195151695 -0.2648093645750107
0.00023278136299684083 -0.11003944071372287 -0.4718622009850696 0.04424601138293052 1.4957096827834038 0.13649599375622354 -0.09677619049024905
