0 35 0
0.9311254519873633 -0.0029247046976072586 -0.003447969425653921 -0.0009509020329706254 0.002260676735604147 -0.0007799407676758899 -0.00044832031172213085
0.00023278136299684083 1.532701716603773 0.7732907934216047 0.18197695919956922 -0.33876490944503124 -0.23382106510882522 0.03512064578995373
0.00023278136299684083 0.6386750148857726 0.37571560636200335 -0.4716386238958099 0.38111143281888005 0.9436192426259538 -0.027661168373538304
0.00023278136299684083 0.7440933353812119 0.46701894227337604 0.09392845641885787 -0.47118885912593317 0.16423349303980572 0.16735312938842817
0.00023278136299684083 1.0609191567664615 0.35298686888335346 0.052303830948435055 0.2184767792901141 0.14551467136849755 0.018254523378542706
0.00023278136299684083 0.8923488795582839 0.8174404646598691 -0.12586293203645438 -0.5486425935393858 -0.3681231125942855 -0.07316498626348886
0.00023278136299684083 -0.7304669734950421 -0.7137536759994401 -0.3112286761319943 -0.41058286001806865 -0.1069241749093045 0.16570661516144317
0.00023278136299684083 0.17805753714128322 0.44591039827031603 -0.11931642324839364 -1.035790185355735 -1.0100894728801721 -0.010958718683306772
0.00023278136299684083 -0.09239808098742605 -0.03938586862604796 -0.0366366860510229 -3.180834402562841 2.1514562282964893 -0.5555793502226468
0.00023278136299684083 0.17146043198595776 1.1245575754706034 -0.10162202919322942 0.15581864056656614 0.6981694050965324 0.2735399600852925
0.00023278136299684083 0.5119795860141096 0.07610839265207621 0.18999478699619415 1.0881705108650093 0.8532894031887344 0.37725336829138967
0.00023278136299684083 0.7421993236547797 0.18362213302765315 0.1449880840929236 -0.47096176630380265 0.7748825105192112 0.27492315662362027
0.00023278136299684083 0.1911113151290888 0.27717119172696 0.059136239693484006 1.0819231869058077 -1.1535207018556093 -0.5609351366327644
0.00023278136299684083 -0.013701867335696177 -2.2278121852373234 0.021403401921757104 -0.14249889123984957 -0.15975488363661441 0.07781448996377104
0.00023278136299684083 -0.29122755052668 1.1065780896076332 0.5408151946260793 0.010732252744727229 0.5689429297161862 0.12409652879556425
0.00023278136299684083 0.8630807533367725 0.07385670045158678 -0.023683720767751597 -0.16747516091507886 0.7678881894145171 -0.03875931676552313
0.00023278136299684083 -0.08135881171793649 1.176464853022965 0.35770792766379733 -0.07687639700691833 -0.12684929750735563 0.16182907820898257
0.00023278136299684083 0.45609282574250787 1.042801719378772 0.12766084689381452 0.2671904852336449 0.28737593432740793 0.20842001805971538
0.00023278136299684083 0.6346832420858795 0.43818373214665146 0.0775357775413921 -0.5102675853750492 -0.09017124791226795 -0.350998506416543
0.00023278136299684083 -0.3765727661018867 0.4007471289206896 0.2392938766808657 -0.322874289597173 1.1155558062670885 0.5386324818746145
0.00023278136299684083 0.5936970761333361 0.6754512450410474 0.1436156004471851 -0.7223713414898867 0.38134891595536635 0.12700739443253703
0.00023278136299684083 0.9086901978024349 0.3548883110230605 0.2145229065660989 -0.2552942327277199 -0.06581989319502717 0.1973060572425789
0.00023278136299684083 -0.4418681911601421 0.24751466218796836 -0.008391271820772062 -0.8308262658622441 -0.8546683311477415 0.0710962426649179
0.00023278136299684083 0.07505277934300039 0.20708075022699987 0.006357346314552771 -0.8284208063318351 -2.2400992736544874 -0.06736692532274986
0.00023278136299684083 -1.096815698031438 -0.01234640128004044 0.45097670271787205 -0.14278220222018373 0.031148845763647563 -0.09471455892472949
0.00023278136299684083 0.2141677783100298 -1.1993975703409518 0.11621219043359222 -0.028928470156170925 -0.42876312956464596 -0.08906909402236543
0.00023278136299684083 0.385661963557531 0.86506194110091 0.33122167129051144 -0.2001821072447729 -0.2077254838873733 -0.17202632050256053
0.00023278136299684083 -1.2373881132144977 0.3229470849864306 0.12587084338070428 -0.3915364977592677 0.42067096713032714 0.24168696383499397
0.00023278136299684083 0.21940585055916215 1.9850939029158057 0.19157445176294596 -0.30472458603476976 0.01580032895479644 -0.03097126689104049
0.00023278136299684083 0.5951836853685786 -1.2428918991008076 0.03495428895543688 0.2556764314366075 0.1903634768241431 0.06710987247426527
0.00023278136299684083 0.7669358755415476 1.1069640160785101 0.5014214241390994 -0.05475155467497903 -0.32970583655187863 0.02852093979345078
0.00023278136299684083 3.140429291108483 2.5580433363971307 0.30825761990918243 -0.08611447799702326 0.013181016386762402 0.02570353050750038
0.00023278136299684083 -0.5669544218518325 0.9525485531063318 0.3765665949203897 0.003007299172299263 0.6296851792280989 0.30115497095774135
0.00023278136299684083 0.21178451446396473 0.41170705433268595 0.0716604780417103 -1.1973032574929812 -0.40035626105951116 0.018459731084595678
0.00023278136299684083 0.8991591343763577 0.40770985552415606 0.04203099347150312 0.21517973902646167 0.7430286920650903 0.3644968972958811
