0 10 0
0.9311254519873633 0.00022380924254309785 -0.00023482026398340895 0.00018292393733413805 0.0008994691473452018 0.0005335820416618863 -0.0008580883985798768
0.00023278136299684083 -0.8843806986353091 -2.494800858931361 0.2188686936327274 -0.229831198368796 -0.33241252879832783 0.032646504778664945
0.00023278136299684083 0.0004688864348339598 0.0003584354428287751 0.00020570102145913804 -5.8246293591618885 1.3120022187710323 2.678099358183112
0.00023278136299684083 -0.10295114944570836 -0.40198250326387974 0.014555194208208048 1.5859420382121787 -0.3959093848542214 0.509256153077164
0.00023278136299684083 -1.421237964630718 0.7417206336441251 -0.3966062836060023 0.01808858482015607 -0.522339106554769 0.009076633691170554
0.00023278136299684083 0.9885296950367829 0.9251562183456695 -0.07487114668282825 -0.37046849184920544 -0.5639130096597064 0.13771909413217898
0.00023278136299684083 -0.6177982903875587 0.25204785336924485 0.007952704456771044 -0.053045282252104635 -1.201997824676246 0.39420233905610885
0.00023278136299684083 0.8545114697220726 0.9226503076910862 -0.20433811424619572 -0.09210090236286057 -0.25598866998654357 -0.06854950134947416
0.00023278136299684083 -0.10868301475786182 -0.4946031107220262 -0.06052490262708832 1.6415758547579273 -0.3489101365642015 -0.23048116990290007
0.00023278136299684083 0.3963040964895072 1.4887340803564122 -0.23693759549366553 -0.2734078331762175 0.17514027567543936 -0.02961581734651799
