0 30 0
0.9311254519873633 -0.0005909737244581984 -0.0005072215611469864 -7.973000525066656e-05 -0.0015543378228540712 0.0002597552883248995 0.0002869725319955785
0.00023278136299684083 -1.2510644676144265 -1.8494996871297862 0.0762794437143893 -0.08622189339557579 0.026642752715961348 -0.04224798688579721
0.00023278136299684083 -0.48840872582781 -0.1496598079365803 0.04479861786797611 0.8392427764947644 -1.0988059623302138 -0.06759509510480106
0.00023278136299684083 0.8655125567383837 0.6065039375984408 0.0226372366748422 0.2624838366367594 0.1600185456842122 -0.06862084106315446
0.00023278136299684083 -0.11068865799239896 0.2058006253632339 0.012518930032003927 -0.4514315154235703 -2.494337606758184 -0.17264849269152754
0.00023278136299684083 0.4376653317401379 -0.4588558128807811 0.05208104291675778 0.8976925099924672 1.0816272873772863 0.03494950689610628
0.00023278136299684083 0.3512749802923405 0.825903445034858 0.010958569091023856 -0.6319633603242006 0.6518214553039827 0.04117354828475385
0.00023278136299684083 -0.3772011801989556 -0.8410992606271361 0.0280472143781295 -0.3792490668484686 0.3099264883532468 0.14528353533084726
0.00023278136299684083 -0.1523993798047851 0.8008082084590499 -0.027069643493649365 -0.897016562652435 0.12500749164084823 -0.0468175387093942
0.00023278136299684083 -0.28354176163790035 0.7245269646431814 -0.05713930687369214 -0.8540679076872693 -0.12892591118943156 -0.10250982184473349
0.00023278136299684083 -0.08415982332558813 0.4784166379295388 0.024224320762581315 1.4198512113130888 0.5489377242634316 0.0727666439320617
0.00023278136299684083 0.37057753864318066 -0.6173934049407666 0.00033127740112222945 -0.542047044627684 -0.7235990714473558 -0.01843934340421128
0.00023278136299684083 0.674497010427674 0.9721155294437854 -0.09885049789474938 -0.2635261945318803 0.02390251234804646 0.05261319428329322
0.00023278136299684083 1.1148273412777978 0.3735175852398372 0.005616107649519217 0.32974497943498754 -0.5726697521896805 0.010804491528937308
0.00023278136299684083 0.9480063607639365 0.6783467433683746 -0.15330707152151535 0.41124210146384305 0.01746061568739751 -0.15620832547193858
0.00023278136299684083 0.5593413884318486 0.8274821617430415 -0.02919884296639275 -0.3789444600076809 -0.3059728869804955 0.07122401334105993
0.00023278136299684083 0.25805573029091733 0.2260587393304263 -0.017781769230569924 1.7569029029431962 -0.9374333517467075 -0.11482862806613287
0.00023278136299684083 0.4977455688314612 0.9752959743852093 -0.09822351397449151 -0.26712258868837696 0.16374617040114475 -0.07483892123838282
0.00023278136299684083 0.27752563899817356 0.7537628117660492 0.28379014639200145 -0.38064657384789125 -0.7593013881038915 -0.036193311542795904
0.00023278136299684083 -0.10049637438983162 -0.08232321861085036 0.014092732312814977 2.773571505761247 2.2828964150134157 -0.4097706194697544
0.00023278136299684083 -0.8180729295603253 -1.1939553109748444 -0.02151518270761088 0.0017626044277175821 0.1838093153550082 -0.08889708393046594
0.00023278136299684083 -0.3633198130845345 0.010379035024428905 0.06725038169966682 0.5415008627937306 1.6379239718666412 -0.15628712134420197
0.00023278136299684083 -0.954463124856908 -0.10048986506809494 -0.004300673682927494 0.4087201528588555 -0.5211237911191193 -0.058351459816719776
0.00023278136299684083 -0.7017621115739235 -1.3188491089952301 0.041492476974377385 -0.25376391234976015 0.012943362755931723 -0.0429820749888181
0.00023278136299684083 0.6626782940707784 0.7132751692372268 0.07013887073856831 0.055641609190062155 0.446155046905246 -0.11526956504999718
0.00023278136299684083 0.5941528958651779 0.17459419852558367 0.05132029283907854 0.39703552127929165 -0.9721358850963282 0.16848265058979833
0.00023278136299684083 -0.4556751373677709 -0.36416192532833597 0.033892873350903165 1.195463128339298 -0.6635252568743221 -0.10187390374074652
0.00023278136299684083 0.5716461842053644 0.32957117786059686 0.06386209340558868 -0.12624061242583717 1.142089090061095 0.03947521129114856
0.00023278136299684083 0.39326556621174463 -0.3038136473452107 -0.0607591505770234 -1.230471907490121 -0.514055872597688 0.1564881959312636
0.00023278136299684083 -0.07162400172100408 -0.3673716505276845 -0.016266954276055224 1.6692091887877185 -0.16204266259907818 -0.06677098502801086
