0 20 0
0.9311254519873633 -0.0015623253793005832 -0.002746176321648218 0.0001719629572977763 -0.0008128128358621464 0.0007614199361932753 -0.0005168585946056855
0.00023278136299684083 0.995476025711022 0.8384146543999106 -0.2236506269740937 0.2403960123028668 0.21823025771891025 -0.11641730592332172
0.00023278136299684083 -0.2987010088408259 -0.7210252060601244 -0.04763122297312417 -0.5524501547617543 -0.7755107836351329 -0.09675358155352021
0.00023278136299684083 -0.30629534608353387 0.6680990308489799 0.1324316500234011 0.0008783936185224318 -0.9485185150706043 0.2319649029597417
0.00023278136299684083 0.336793054355508 0.9751324134578496 0.019806111573104992 -0.38093384899089533 0.4575820198051468 -0.0629462171956988
0.00023278136299684083 0.7224150692202165 1.217131487619453 -0.030591240649585343 -0.07570855272975024 0.38841253592367964 -0.06834499084294555
0.00023278136299684083 -0.37193488294247257 0.7872366612493434 0.03618016062612251 -0.6098948751164608 0.13791991089869315 0.17002620410741376
0.00023278136299684083 1.315066725195978 0.7417022778260006 0.03986483504936794 -0.07853976134027979 0.04060239185680621 0.07958388758597922
0.00023278136299684083 -0.050348351164391444 -0.10873582907058976 0.006381147835700065 3.6340208846999724 -1.0585855098507981 0.3747398991434983
0.00023278136299684083 -0.22016798943438237 0.2619124983620988 -0.19241445101040247 -0.8302225917750432 -1.717778290066235 0.46491391891672035
0.00023278136299684083 -0.25030852679796084 -0.043936234736008814 0.010029738634233648 1.4751873766658865 -1.2315517838174914 0.045193876312255785
0.00023278136299684083 0.5129895770123142 0.27664805268771275 -0.22189415267968504 -0.3675695461820199 -0.8068028483145101 0.28364845414485873
0.00023278136299684083 -0.13569229496519403 0.5154012873563738 0.19297735595516663 -0.9469907216826372 0.36989073749983387 0.10423645782241128
0.00023278136299684083 2.8279275217027613 2.4755214524868125 -0.41053011393794187 -0.15639288946882107 -0.09821951568784514 0.019716972628882716
0.00023278136299684083 0.8210238401367362 1.545140119507444 -8.667282083174822e-05 0.1749089500994808 0.09522216094321852 0.017978882646494262
0.00023278136299684083 -0.6875468686307518 0.2612213004342823 0.010914978134370583 1.0091758728138613 -0.46219490825475446 0.0843102420597947
0.00023278136299684083 0.3683853370314162 0.5135358465871477 -0.11772068531066157 -0.784097027027949 -1.0875117333936652 0.24858506264605174
0.00023278136299684083 0.12548562136887104 0.3081890301550066 0.06385383791868253 -0.9605878083435428 1.5716452666880754 0.14461472264451153
0.00023278136299684083 0.23259150463421904 0.7004567255906792 -0.0075431489636687945 1.063343774491117 0.795426233737021 -0.0192444414356721
0.00023278136299684083 0.3121425096922758 -0.2273402821090862 0.05177067037874605 1.396727856176028 1.0660626282465486 0.16162743175528582
