0 10 0
0.9311254519873633 0.0010203052523302656 0.001312277120230201 0.0001627494161264096 -0.0005525714328496673 0.00018918042576813768 -3.0397597576290857e-05
0.00023278136299684083 -0.14501711340239534 -3.9998435838619697 0.5448681392815751 -0.12318674961313965 -0.03644985467315753 -0.030730576802643482
0.00023278136299684083 -0.32650331866601584 -0.39166126024000936 -0.021421251207155607 1.0779144323177883 0.6986127986673265 0.3965688943966029
0.00023278136299684083 -0.2570383836166087 0.1440066441169348 -0.37013750328867684 0.21908387706506763 -0.1153407605251524 0.3032676227144139
0.00023278136299684083 -1.4197769565856924 -0.7774627219262268 -0.3634435469471331 0.11117983961152535 -0.6225095727210636 0.06975842330212449
0.00023278136299684083 0.8801383726411549 -0.6424367746216482 0.29466858116910033 0.8841092615598871 0.036381624652822624 0.009771150093770855
0.00023278136299684083 -0.845551993011897 -0.005390084598717304 -0.07903638484785704 0.330713261938048 -1.0483191306095174 0.04804539922754911
0.00023278136299684083 -0.14558255797512792 0.6119982540246979 -0.2704503614049789 -0.13956157914532996 1.068215403460349 -0.30485272632569343
0.00023278136299684083 -1.1816350402971583 0.022685656838733893 -0.14430736800160168 0.271400860380829 -0.42249991025390227 -0.17944848001976604
0.00023278136299684083 -0.640254018408815 -0.2110046106528591 -0.24173796925887361 -0.4213674727160075 -0.31481230107025426 -0.19078931628119478
