0 25 0
0.9311254519873633 -0.002017159985051458 -0.0017145576761441348 0.00010838489351111472 0.0010689671489661375 -0.0012182118208315278 0.00027094869086257507
0.00023278136299684083 0.7328819600299961 0.9612143188277901 -0.1551482090092376 0.418182037644329 0.12836313120403128 -0.11342932741526275
0.00023278136299684083 0.3091178172346639 1.0586516497356986 -0.226417918078397 0.08717537598705667 0.2722832853807001 -0.06898726992232529
0.00023278136299684083 0.640124551842501 0.47481473036471966 0.016583317094440855 -0.5308885769562459 0.5765209524164338 0.03394637519288294
0.00023278136299684083 -0.02776809798508049 0.8113413559001011 -0.13973702930221757 0.587964975327377 0.7816596325666739 -0.253880848371359
0.00023278136299684083 -0.7021689031550213 -0.8534478287100357 0.22758283248881173 0.3179917118241223 0.49036621304886635 0.14464876289318881
0.00023278136299684083 0.670200102422648 0.5804285077646434 -0.16761860102039455 -0.8330615366022049 -0.3532007523716674 0.11616938446226027
0.00023278136299684083 -0.3106747656405288 1.1838221080799374 -0.0680879066094987 -0.55091630700095 -0.5663822828889487 0.051150912402369506
0.00023278136299684083 0.2418277823813558 0.32618673621808786 0.10021623875982522 1.403427091903537 0.9030186884206788 0.08656465386129245
0.00023278136299684083 0.6547948294221283 1.188290714783705 -0.19854080795636306 -0.13899739618716778 -0.18561964523956298 0.004715140158452211
0.00023278136299684083 0.6741364473767414 -0.6126124802352856 0.25627655988785436 -0.4570205672385894 0.6339703848065511 -0.13180873232286439
0.00023278136299684083 -0.5493792387561737 -0.6744494103093869 0.10235782394024906 0.6797882803216642 0.7933423160338219 -0.0967010961428803
0.00023278136299684083 0.11512002560743591 0.8056324802290998 -0.006583332556076553 0.15076637206715177 0.48156418044127286 0.02946199409917034
0.00023278136299684083 1.815944377759475 1.1934633260685164 -0.17783342137451827 0.10754699445436007 -0.20717621903256667 -0.04275539752791287
0.00023278136299684083 -0.2585872349811344 -0.17993026513171537 -0.02224422380309625 -1.235459092138846 1.450497238009294 -0.9402741853499503
0.00023278136299684083 -0.07559908037423617 0.49870580670484665 -0.10668260357726002 0.1398812226675303 -0.9286226401330903 0.19352050326439843
0.00023278136299684083 -0.37782561642442153 0.5868248470297669 -0.09023456172611503 -0.8676327970854848 0.8058838827793869 -0.010705209403794927
0.00023278136299684083 0.5154048258743088 -0.40677019414817006 0.1944725300494149 -0.9286299229003331 0.35476211539090585 0.001040734686179842
0.00023278136299684083 0.5192304689348926 0.8665402380012969 -0.029425735479422028 -0.31414059406013245 -0.4424327352835404 0.14461111926711567
0.00023278136299684083 -0.3609980368006465 0.3424203833226338 0.01730185392313992 -1.0684731906202134 0.971536797659847 0.010558390418747655
0.00023278136299684083 0.9327753705313493 0.21551794889799922 0.10639066137500323 0.02738987247705223 -0.12083893916127125 -0.3330503401001918
0.00023278136299684083 0.7482107393318755 -0.5297411710208083 -0.011013436018320362 -0.5744459204248886 0.0841790296546257 -0.0007712390758986958
0.00023278136299684083 0.8505118157561646 0.0115093404693221 -0.0482535001616064 -0.04682368544175365 -0.7661219549851567 0.012171476691427095
0.00023278136299684083 0.7941958518668166 -0.683153159147746 -0.06679185440753753 0.1656441086654044 -0.08027042111356912 -0.030134639080140226
0.00023278136299684083 0.5171639479524345 -0.30702927911857836 0.059891749516869326 -0.8151370525473293 -0.20443497427760188 0.11014407386479515
