0 40 0
0.9311254519873633 -0.0020536324132194427 -0.0028711665284920284 0.0009657830508526286 -0.0003273021609660589 -0.0016819473510478486 -4.910987931101556e-05
0.00023278136299684083 1.4560300418562242 0.08863119534347194 -0.27817219346477523 -0.1794671776353338 -0.4410635256974316 -0.036868435836814505
0.00023278136299684083 -1.127959482367444 0.3629726951172155 -0.040372622159136944 -0.049884956647600565 -0.18374134554524568 0.004783181783517855
0.00023278136299684083 0.18816861440509813 -0.6884858250103253 0.017606936023901225 -0.33823556395084003 -0.3097464102124763 -0.04300704472056369
0.00023278136299684083 0.6705844511134756 0.5806221275166178 0.012685487918474478 -0.3101879152585103 0.27442975580648693 -0.02342930054146714
0.00023278136299684083 0.7723320116389384 0.1067765413883129 -0.026924777254457397 0.16978654523080203 0.04581192273302612 -0.027456797051925757
0.00023278136299684083 -0.007420431266725081 0.41112163403585766 -0.4209180016242195 0.5270116724045103 1.0827788896067896 -0.2505484427558961
0.00023278136299684083 -0.010826069829965522 1.5271239560520986 0.01908620925824813 -0.2799008760155005 -0.06254447175410072 0.06301252759788456
0.00023278136299684083 0.5802623728722333 0.24766177518315619 -0.08516935546534102 0.8406768179530464 0.5629988683080612 0.1241436928644373
0.00023278136299684083 0.19178875595098638 1.1115420659935424 0.04967604237809108 -0.020597871285527602 0.12381082533803352 -0.015111915820761709
0.00023278136299684083 1.187938359138989 0.22019715463541284 -0.12375808929218134 -0.28132208987854346 -0.35922366445836956 -0.08164428311440475
0.00023278136299684083 0.6778944715090784 -0.055486011290611016 -0.19660060227185755 -0.8675007177906431 -0.4355108454817312 0.07282876829073677
0.00023278136299684083 0.6422621658588832 0.31105511992311624 -0.11888958445474841 0.6353916333851864 0.03788597144880047 0.055436345016234484
0.00023278136299684083 -0.7082925138894284 1.2722269065107739 0.011863701061706372 -0.3944322450088003 -0.48066366086614054 0.012247127191984486
0.00023278136299684083 -0.32211467135838806 0.6411506304057693 -0.05841310495887704 -0.757324300369301 0.3645763846778639 -0.0028304566273116933
0.00023278136299684083 0.9260858604858418 -0.02409830780248088 -0.15282403464766442 0.335862397354117 -0.23499783417805703 0.030957944131167956
0.00023278136299684083 0.5710958355783154 0.2758460531042439 -0.07743541176714472 0.6438964823343408 1.3947894079089063 -0.1823670087804892
0.00023278136299684083 -0.7437644006210901 0.35559692452784886 0.05093651783987358 -0.5268089365111339 -0.008037812190381823 -0.08524196286029546
0.00023278136299684083 0.09069463679749683 0.9670846397067012 0.23409259614203803 -0.37850485524162164 -0.1468108956195789 -0.059970421132527575
0.00023278136299684083 1.0072019567162185 0.04825407882249151 -0.295646400453192 -0.3370555772701707 -0.24893377561208396 -0.21416460243791183
0.00023278136299684083 0.8550051460112391 0.3158221795290564 -0.12949803627550668 0.6140951464273259 0.7690289877360023 -0.1696143955936694
0.00023278136299684083 0.6251283265033115 0.8539611830942216 -0.1384000693055335 0.02810988857873401 -0.3125076894886195 -0.0072500322388337245
0.00023278136299684083 -0.23243054117352327 0.6063396144785392 -0.022633242362647205 0.0180357639444341 -0.6271965155772491 -0.09423292484707525
0.00023278136299684083 0.654144701437267 0.013816537003197148 -0.08116747304961147 -1.0370215908642206 -0.3554850363712346 0.20447359636870988
0.00023278136299684083 0.03987102964510175 0.7619145559426493 0.049870299446157056 -0.5621252789939127 -0.031919248915331024 0.32125502907757914
0.00023278136299684083 0.13931413895013767 0.08877541007488762 -0.23154755167284757 -0.4814355790564 -0.32481578804448863 0.7923556090979751
0.00023278136299684083 0.1537692279379707 0.22747508133488606 0.039753471479580735 0.08740159050898447 2.130013985622418 0.029867998507930163
0.00023278136299684083 0.6122292412153649 1.075987047721188 -0.13828834570604395 -0.1483378102712244 0.8059490509527449 -0.12593807986672031
0.00023278136299684083 -1.6416729278147992 -2.0085773932787485 -0.16297623021135735 -0.10954603153859935 -0.08722092205690789 -0.03475570361261973
0.00023278136299684083 0.3473175838219002 -0.2609403439720233 -0.2938995407887093 -1.332229285855608 0.299654203512102 0.3993375387855251
0.00023278136299684083 0.5723181593423797 0.41713248906601297 0.06946705554520842 0.7471066799496358 0.914705137744285 -0.0643535250867969
0.00023278136299684083 0.5778485794510927 1.4564405109626468 -0.28804174213183875 -0.4597925067502015 -0.33663843583805775 0.04663667025169747
0.00023278136299684083 0.5346385518024865 0.8751721225068898 -0.35511888731796964 -0.35473926370389786 0.24869336808114648 0.12443285662127436
0.00023278136299684083 0.40448052196628903 0.9158774936772249 -0.5807366687780273 -0.0632121245629496 -0.4882876331067764 0.09287538960270574
0.00023278136299684083 -1.2569300193053583 -0.9518985255567064 -0.03592607244701622 0.04409636763918539 0.09848117845814597 0.012648098215434054
0.00023278136299684083 -0.4534235928138815 -1.7220625661168398 0.14236855967560025 -0.14602899256163743 0.4785934104382352 -0.11971737574574377
0.00023278136299684083 -0.223970541074309 -0.15572698665262605 -0.061087862641240116 2.349655525836438 0.48964536718557705 0.31946893574176194
0.00023278136299684083 0.1322761096116884 0.5421354091118079 -0.04922263684125334 1.0744395337873998 1.0672117163199766 -0.15092024604349435
0.00023278136299684083 0.07122247951588075 0.4839958890235653 -0.05049584374046076 1.3000899921104527 0.92390934820778 -0.31530304332866904
0.00023278136299684083 0.26143151325663044 0.18923305185516345 -0.06637469909572767 1.309244153441816 0.09016713511926464 -0.40559579385850236
