0 35 0
0.9311254519873633 -0.002293559655032534 -0.00273346948186442 -0.0007133120545467349 -0.00026103453143795435 0.00034302195023423743 -0.00017849780920461896
0.00023278136299684083 1.2875521162017731 -0.44252476550445835 -0.05140325157243424 0.2987475354193915 -0.2940412579570246 0.12921293323049168
0.00023278136299684083 0.17146894913401167 0.5161746989815564 0.049230003056498266 -0.45242099885325326 1.1468829514991976 0.058756395781785445
0.00023278136299684083 0.805705171285433 0.34086938242876424 -0.02622770455481569 -0.19539464186946287 -0.47680544411752696 -0.07991454224934628
0.00023278136299684083 0.79583270112544 0.7268817067577511 -0.10428413462963597 0.18720434338617153 -0.35617941592649527 -0.0004197112690338434
0.00023278136299684083 1.7846954795521257 0.950756988938534 0.18841154353304984 -0.08820386114331753 0.07416597243120651 -0.07761894448949602
0.00023278136299684083 -1.0212432144919663 -0.26779680410798495 0.09595807942199079 0.119222647730608 0.08537064709117687 0.12125705969849888
0.00023278136299684083 0.8699392054327608 0.757221673415781 0.0020687422780234933 -0.7311512507386582 0.15157006272901605 0.06411083276903674
0.00023278136299684083 -0.39645189633776123 0.15558093657317174 0.04193153796375684 0.929680944375213 -1.0421944452848144 -0.17870643934079503
0.00023278136299684083 -0.5327841674532023 0.0845513657137685 0.013185813023086553 0.22137934919859723 -1.379929847867577 -0.09220396489490008
0.00023278136299684083 -0.6426313674203821 0.35922237736996604 0.03537889108419208 0.45488992883706014 -1.0009006869331045 -0.18840542552714998
0.00023278136299684083 1.0437091049250207 -0.7530370051712184 0.21421567743522527 -0.5757319583614242 -0.10190804655540109 -0.1500440986795537
0.00023278136299684083 0.004745529479950227 0.5417253464136585 0.006198996168770561 -0.7053072352697982 0.7099768662159793 0.49192502692172946
0.00023278136299684083 0.5816280754216534 -0.823402766676499 0.4418317524785781 0.0367492452296255 -0.735687785728421 0.1947730893109992
0.00023278136299684083 -0.28256547248296565 0.47320393915922077 -0.013105788835410163 -0.6206456561604552 -0.3329482981502218 -0.19748901377400496
0.00023278136299684083 -0.126817660051747 0.6920163906820136 0.3161330177033146 0.6167169777225441 0.8256463634672525 0.19908669381909544
0.00023278136299684083 0.4537004607831756 0.6544426187377563 -0.10993883323092592 -0.23537316741473222 0.9197919613893708 0.0038135570344071004
0.00023278136299684083 -0.3959489290072145 0.23658910143231368 0.0019201668378552742 0.18603690820862517 -1.7831567291983996 -0.21158701021139154
0.00023278136299684083 -0.20037238430425924 0.3385878864961623 0.01603287882435087 0.6852692784173517 1.1391170668066426 -0.06066146889321193
0.00023278136299684083 0.4086751615077117 0.8956659011881821 0.09558939314417084 -0.22981236212001943 0.6358300753288361 -0.1263752961388013
0.00023278136299684083 0.9373168564218114 0.1453477466493501 0.21051833864268865 0.1572021920402387 0.01093855581570035 0.03936603945161032
0.00023278136299684083 1.2233039623865756 0.9910452017685988 0.33155368910071426 0.3591526863789905 -0.1812076369970468 0.047778040531114646
0.00023278136299684083 0.7393442378140707 0.2883522225590004 -0.07741442733468788 0.3916201313631995 -0.5359214794575116 0.07754561981518637
0.00023278136299684083 0.32317095458466105 -0.0451154742798372 -0.049017680928240576 1.423257331782773 1.4432733291787105 -0.09658491570762476
0.00023278136299684083 -1.6324737002450227 -0.5192060514880767 0.14204624207470537 -0.07568886404928 -0.07198134642710566 -0.020030830006689457
0.00023278136299684083 -0.22804530402954504 -0.8232984028922962 0.14111417560598083 -0.4524788655782657 -0.9462572763296455 0.19779566123446427
0.00023278136299684083 0.2679572016630989 0.9628512204465807 0.2726024125889282 -0.43160412623634375 -0.006755425586894026 0.19248632520338352
0.00023278136299684083 -0.470671324573052 0.7648850283402203 0.1895936193528184 -0.45964135754564545 -0.10665371497529426 0.0833829193348492
0.00023278136299684083 0.470466301388337 1.4842537426318057 0.16902582390599993 -0.43387084192092984 0.41335256253175906 0.18784919529330543
0.00023278136299684083 0.7695959723301549 0.20872241114345508 -0.0957787006690578 0.9803596691915278 -0.1730410835727197 0.26127117428379765
0.00023278136299684083 0.1287703407386784 0.11865150036972857 -0.011181982893358231 -2.206595408116791 -2.023110939390489 0.1662140294570518
0.00023278136299684083 1.4203172714362968 1.012805403874285 0.4085315837490773 0.5551475067094667 0.38832026674496695 0.11300378736613693
0.00023278136299684083 -0.16637121953721323 0.4572261718000244 -0.07255184490755677 -0.9470067279511559 1.1449915623040035 -0.010718688439842602
0.00023278136299684083 0.4132441184016016 0.5261148398810307 0.1357001933266915 0.7178906260858955 0.05457025276719565 -0.26560691849231327
0.00023278136299684083 0.3694760880469475 -0.07548660617674763 -0.05462000355739184 1.564538147004063 1.0327945632177231 -0.1592698756043135
