0 20 0
0.9311254519873633 -0.0002939522979139339 -0.00018960097970991576 0.0001112102205308571 0.0010064520092623356 0.0007580701424439085 -8.186701420351268e-05
0.00023278136299684083 0.6997760729045541 -0.9802498487823869 -0.1396724211545074 -0.677000788997205 -0.3204298042819885 0.03700925695533436
0.00023278136299684083 -0.7715439130300441 -0.8684290268732728 0.06280879887287642 0.1009968597114118 0.45267732569926555 -0.05812786341266674
0.00023278136299684083 0.22345125349485062 0.7607264668299222 0.004184657644899183 -0.9960771122250742 0.24445679571468604 -0.002138869718208202
0.00023278136299684083 -0.13722891404295287 -0.20277005721176547 -0.006588788585582567 2.0697961130741835 -0.9138189645904724 -0.24930157232262704
0.00023278136299684083 -1.005728901541525 0.24421206300778742 -0.2769003274010108 -0.30516843917558134 -0.6537150097743926 -0.07709147664208967
0.00023278136299684083 0.21132983484616868 -0.475052580195201 0.03188817826314584 1.1847464290862457 0.3953311157839223 0.013170150907444068
0.00023278136299684083 0.7346770050581892 -1.1472821529003603 0.02713776441143061 -0.5743613176613906 -0.346837181178466 0.04395779638417595
0.00023278136299684083 -0.10874212514028794 0.4426788457386135 -0.03556778453459024 -1.2778145276171464 0.3329099077481634 -0.05669541985138999
0.00023278136299684083 0.5847393637372363 0.7737346509485301 -0.12807573588000634 -0.575995023158571 -0.43051308099386093 0.01520867394266888
0.00023278136299684083 -0.2149277508578289 0.476887872653913 -0.026479929283984006 -0.8003571318842594 -0.881218747731652 0.06411960601058522
0.00023278136299684083 0.40297241747640045 0.34048378086007036 0.0955639826525536 0.9117165533915316 -0.7265426549464132 -0.028740493687484027
0.00023278136299684083 0.1145214189327315 0.3623988717877539 0.029053162534010184 -1.2742072565357883 1.0887647438635417 0.14842884398049888
0.00023278136299684083 1.1294092039582697 0.434837332128683 0.05081245039987466 -0.6720655210805548 -0.461791356521276 -0.0034437138714202924
0.00023278136299684083 0.2175042421143705 0.9543365044485644 -0.020282930048938084 -0.4330524704295849 -0.3602474207470587 0.08336127186385682
0.00023278136299684083 -1.2052077433476385 -0.45458117284747857 0.09609563275081853 0.3255282457318623 -0.23804986028854433 -0.03461789193625202
0.00023278136299684083 0.3565498878840321 0.43941999125552444 -0.20342261986952825 -0.6304694639195165 -0.7800350505665888 0.3646019241324255
0.00023278136299684083 -0.7497609544983791 0.4783437505952538 0.0033889720972549117 -0.23511940571538145 -0.8803807551003076 0.04676160377513772
0.00023278136299684083 0.2146680070104405 -0.6804932029934225 -0.07251384605424685 -1.1160426261047636 0.30566553838921107 0.02489551886632187
0.00023278136299684083 0.47935078669747994 -0.14079816961091243 0.06372990106210043 0.9491388464602355 1.1414938897465934 -0.003889288562260549
