0 10 0
0.9311254519873633 7.837628433026572e-05 0.00048503418372624756 0.00012601570678809137 -1.3736155757329335e-05 -0.000904435412402884 -0.00039957020395318325
0.00023278136299684083 -3.5284972319892 -6.354243432041098 -0.3727017828002847 -0.13843411746468265 -0.19021794980273318 -0.001992452520210646
0.00023278136299684083 -0.06531464912636059 0.48489904986068283 0.19056427682211094 -1.1391277661642527 0.6770836992807087 -0.07477948245666742
0.00023278136299684083 -0.15186676697447465 -0.0954976650614092 -0.1428153856668464 1.5743877028407582 0.97918025679844 1.4649603117333627
0.00023278136299684083 0.7256368399898244 0.20420835845923732 0.04519118888714195 0.33330042020814676 1.1879628315612791 -0.04355883834389622
0.00023278136299684083 1.7345994282058121 1.691452745540748 0.10458624531171433 0.10884310068829611 -0.02041403587430134 0.09857119101300539
0.00023278136299684083 0.8548978036747602 0.8458329881368691 -0.013721195938540182 0.17998326270267806 0.5678172965525696 0.006773669945188161
0.00023278136299684083 1.0467002403848626 0.5173799976530727 -0.08675825692263202 -0.036757270956194375 0.5322898184914231 -0.044469719860708044
0.00023278136299684083 -0.11256461539372754 0.4047396904052459 -0.19849872294989818 -1.2481663612280447 0.7858284796809101 0.04386920240875097
0.00023278136299684083 -0.8170961860929021 0.36109153214133194 -0.02990919389514378 0.4209156524026129 -0.9017887470767619 0.14890693389390844
