0 35 0
0.9311254519873633 -0.0015016781820267012 -0.0034346691355499675 -0.0014587324176112688 -0.00010652419350720868 0.00117284595334733 -0.0002824086213544464
0.00023278136299684083 0.5056431312352809 -1.275115567770917 0.2384235691808891 0.3608037109021929 0.44255767823477243 -0.27393907161325626
0.00023278136299684083 0.8085209379017706 0.6501036445608127 0.3139372567599415 0.04765739070656078 0.2915992704637124 -0.15708496305145234
0.00023278136299684083 0.7970748675732489 0.6492022680239261 0.5913171422332377 0.4177435989528873 0.48752024915317105 0.216336108239329
0.00023278136299684083 -0.19263713679303798 0.6164413470970359 0.26959454199072924 -0.03141530766818186 -0.3787633534019831 -0.29741207607380904
0.00023278136299684083 -0.0004758283057731691 0.9207409645140907 -0.08021998305785606 -0.5629723466059684 0.366706613648957 0.3278600287725598
0.00023278136299684083 0.3441826887910097 -0.3614560370880145 -0.4519031908012013 0.26700157274017455 -0.5590673929900157 0.1445627018455841
0.00023278136299684083 -0.5464672826841571 0.9792337068692035 0.3654951096551973 -0.6104183387697503 -0.32568930629597853 0.3211612161514463
0.00023278136299684083 0.5557318740209731 0.5609628508859168 -0.06574816613455353 0.05989081583236361 0.009480229946426676 0.4089913395295316
0.00023278136299684083 0.5887304967603328 0.8937058904195586 0.06313328892424672 -0.25245622729182166 0.12742253459394412 -0.2003545463853976
0.00023278136299684083 0.7734010600574672 0.09402161329353416 -0.14420035073746182 -0.5261708757321715 -0.8397552052985565 -0.33193183885562394
0.00023278136299684083 1.2425756910993109 1.0565889966384134 0.111491329241212 -0.6183205433813881 -0.2808392129378106 -0.10816217167724038
0.00023278136299684083 0.20673470907643188 0.9690477451885042 0.5391114368203891 0.16484722693198411 0.42290818218336773 -0.01601516179569194
0.00023278136299684083 0.5321550150083837 -1.4397079785513687 -0.8707266006167796 0.16643459010107936 -0.39519764350155057 -0.023459178842531285
0.00023278136299684083 -0.6038949818599487 0.30539962198116294 0.2592615497312721 0.2269638178114881 -1.1177211026715024 -0.5524580607806632
0.00023278136299684083 -0.1567677539301807 -0.163441961435116 0.002955477318888277 2.302841002818375 -0.9996543494703097 -0.03358304832918733
0.00023278136299684083 0.12194624706439922 -1.1577232515055638 -0.32340172720332794 0.8634263572558802 -0.08918671298951122 -0.08936602385791653
0.00023278136299684083 0.3410874017905939 1.3245429672596902 0.37181532908751325 0.22413993701483517 0.1139293396483542 0.1849978228323729
0.00023278136299684083 -0.26664344326895867 0.4125725032106743 0.3782707696724612 0.4127507163033778 -0.07774020658930249 0.0729122838334256
0.00023278136299684083 0.6080935522245392 -0.3626872946095782 0.026604314886417228 0.23777081731022956 -0.6471123713315362 0.17707896333644854
0.00023278136299684083 0.37395788670036656 1.5032752702080066 0.345019768123676 0.00979316212518428 0.013257977519218917 -0.24471194024487977
0.00023278136299684083 -0.42771941617144366 0.3696246790283033 0.30021393545132224 0.23136033976603543 -0.8356986248153121 -0.2542911909735257
0.00023278136299684083 -0.3155322277084806 0.6007329821776238 0.5034333890966038 -0.2286981704090112 -0.5610328832153534 -0.12940845306635868
0.00023278136299684083 1.369223639952263 1.9182013340437258 0.7951211078887097 -0.13593569887279636 0.19101053336032045 0.06695031007459852
0.00023278136299684083 0.08844282040732702 -0.0740182088672477 0.1156406531122013 -2.893121806479393 0.751387627111004 0.8604222408615348
0.00023278136299684083 -0.25955228679705716 0.013167796153730654 0.6882566383106099 -0.033309923937648374 -0.2363982611008039 1.1546517024334866
0.00023278136299684083 0.2561765257623476 0.7363221210903746 0.03497955341794363 0.18504311578957452 -0.13597792568538566 -0.48806706185386406
0.00023278136299684083 0.510875182539425 -0.585648971974568 -0.32480614829447085 -0.1914179099625657 -0.8755426411735989 -0.22369129442748098
0.00023278136299684083 -1.1455089734325132 1.6408677220037724 1.0453734088908302 -0.03645095786518342 -0.4658683593048841 -0.15108650176530772
0.00023278136299684083 -0.37257934277882776 0.4785445418094953 0.08852300985022955 -0.16914493797634203 0.7471371906070637 0.7061717719183482
0.00023278136299684083 -0.3333878120521519 -0.1005049136800394 0.21611438143960182 0.8000676870785942 -1.0770233262978115 -0.8538500475842116
0.00023278136299684083 0.8768376711907939 1.0242918725139099 0.33472975720577297 -0.8043598788667089 -0.6394424110091719 -0.05894561583646667
0.00023278136299684083 0.21548924332943512 0.8412323222445379 -0.11928686776015464 0.26860135151306025 0.8134942017568876 0.21990916782495995
0.00023278136299684083 -0.31595109342994165 0.4176803166547826 -0.1687576106362676 0.20015026212321635 -0.27390213537643854 0.10801913829177193
0.00023278136299684083 -0.17305033516685314 0.28247564979833983 0.38516359739733297 0.07300222477066588 1.3418179838402835 0.6474279364872525
