0 25 0
0.9311254519873633 -0.0022664646212909915 -0.0009428834271144524 0.0001964633278028597 -0.0001470919798523538 0.001007738178448119 6.693583094631841e-05
0.00023278136299684083 0.8840168752498445 0.1928989553875982 -0.12390296885931569 0.7241288426761407 -0.07535944687444457 0.00041541769022113254
0.00023278136299684083 -0.027662287414526508 0.2515720991106421 -0.030711721710249943 -0.33146679799201006 2.14592627118964 -0.010471277860222316
0.00023278136299684083 0.5629737113525962 -0.37694737446546833 0.02724670245299429 1.114709167155179 0.15985605559836283 -0.1955465462063263
0.00023278136299684083 0.35558901876302684 -0.1448546994490416 0.012875399665947305 -1.6155791771153714 -0.8533427428978128 -0.17757605681778524
0.00023278136299684083 -0.7573220507795126 -0.8013210312544148 -0.11326945450124355 -0.12689997764669003 -0.3222585683834538 0.20827030392544343
0.00023278136299684083 0.9242695731886241 0.4976547795967891 -0.22196764285424173 -0.40007703197715455 -0.1138875479355579 -0.029576942216593457
0.00023278136299684083 -0.30742157826421307 0.36182310742556995 -0.030245334895603687 0.054192800125887085 -1.7159576290561334 0.1352704541724518
0.00023278136299684083 1.0662714403579974 -0.10123537039931148 0.28141407266061363 -0.3653477435732377 -0.1120703543487454 0.13707600718996651
0.00023278136299684083 0.33213783050105977 0.8111295736034018 -0.05034133192011765 0.15897400386976673 0.04208119123511665 -0.11289951066216364
0.00023278136299684083 0.8585767856916844 -0.8393175176299728 0.14203739924822645 -0.2801459089710598 0.18020602752883885 -0.22059826400810664
0.00023278136299684083 -1.0464915603007459 -1.3399422694181011 0.14346377690083656 -0.14837419885559955 -0.05077922184216515 0.03410397025416221
0.00023278136299684083 -0.0260592768299116 0.4461663603147396 0.1393983400281284 0.07256491690785839 -1.3266721697040242 -0.40944965492626273
0.00023278136299684083 1.106015752525226 0.56944567979409 -0.22334242858467518 -0.2008979278110972 -0.6304560890403044 0.06267208890021417
0.00023278136299684083 0.6994150914247868 0.2609453184293226 -0.2621895869494486 0.04268019158235975 -0.7352354280029805 0.26578642262394564
0.00023278136299684083 0.573745865433376 0.3893920091035365 -0.11004424395321569 0.5986869030598779 0.6834584723872037 -0.1377477669815483
0.00023278136299684083 -1.7553744594785503 1.459875179302052 -0.05008889519588417 -0.17682832080308475 -0.10882616073517708 0.03066108752976769
0.00023278136299684083 2.9701911361248636 0.10200417950976487 0.20925007289443784 0.0038554893765667952 -0.15985177500046535 -0.042671977875268795
0.00023278136299684083 0.16274629409885366 1.3571394899612723 -0.25509665722149305 -0.3194968308521596 -0.5420694514061137 0.0011636302601450643
0.00023278136299684083 -0.4171922841856954 0.3490447001889784 0.07617178783106611 0.8972366494328303 -0.9457982826747189 -0.029283628198672786
0.00023278136299684083 0.23672647602604432 0.4647868646278927 -0.11233172041098795 1.325416294285373 0.581369597418074 0.18794057188726054
0.00023278136299684083 0.4788658179946162 -0.7278034618219547 -0.049773216282186804 -0.10479261025887265 -0.019004823396765645 0.1665855005295913
0.00023278136299684083 0.5620794475145571 0.5923171556830341 -0.1323209372800495 0.7563549234953592 -0.3752092686404839 -0.33580933406709873
0.00023278136299684083 0.5804369318405755 -0.023034333065093972 -0.1271193411980469 -0.916840854447612 0.005716423777317369 0.1964805942077734
0.00023278136299684083 1.0493239343263985 0.01979431392304031 0.07503461892307259 -0.17368488225383671 0.2572122070123143 0.00746158686383241
