0 35 0
0.9311254519873633 -0.0005630860698576798 -0.0026943181192171095 -0.0011848556330989227 -0.0004789521665373491 0.0010794541365654045 -0.0002549098085988009
0.00023278136299684083 1.4768713928296253 0.8340597098596435 0.31091397144364163 -0.1041399818782512 0.14478950551622302 0.05489277940255954
0.00023278136299684083 0.3968200067403842 0.6699090911748542 -0.15057166740664096 0.03240069921778549 0.9360162722561084 0.0527815101258588
0.00023278136299684083 0.3198707592407031 0.06660121762027946 0.01049861743311004 -1.8551911445932423 -0.3951304722213886 -0.061579281052358735
0.00023278136299684083 0.7455540182496156 0.995019779048873 0.21304226071316512 0.04997770892337863 -0.13021226256048005 0.22553001956485955
0.00023278136299684083 -0.30241654751944 -0.4827726486171624 0.09629652498953598 0.9066774027824825 -0.9591243738483741 0.5053606882625503
0.00023278136299684083 -0.8440952327174193 -0.7476766142965807 -0.04008718125800571 -0.5036957624619034 0.05412726848863881 0.055762397528059233
0.00023278136299684083 -0.8555379921635081 0.6865401256384996 0.17868742811959534 -0.40756330061496354 -0.6099365171002559 0.057927705669431985
0.00023278136299684083 0.32457038531674814 0.20168299803067583 0.05057529503973263 0.4787639043575545 -1.688354315462168 -0.25369522409623874
0.00023278136299684083 -0.01745077993504498 0.9605877807785301 0.11811957103470636 -0.19946226305507342 -0.3191782066777175 -0.19005893504070911
0.00023278136299684083 -0.4194091395506095 1.1803438623263285 0.5818465878307624 -0.05600957211496951 -0.6395111203498277 -0.16616646932702983
0.00023278136299684083 1.1670429786607013 -0.8650902009976442 0.15741033884252398 0.643172414871577 -0.17708003000405692 0.13746105196666134
0.00023278136299684083 -0.2074472100677921 0.18481348878650525 0.004811086677523833 -1.1799220258595926 1.408315200217707 0.40674718472169813
0.00023278136299684083 0.034708866735967854 -2.3112138233570563 -0.08080182138163843 -0.1395648112298553 -0.5703293725003032 -0.0073969628586170386
0.00023278136299684083 -0.519579680024083 0.666797174173608 -0.042153041517394296 0.0607130676293299 0.5702393193725978 -0.11537032732366603
0.00023278136299684083 0.39412122452842413 0.16286336220428568 0.1198695658494171 -0.9086403976648186 -1.0483912085640874 -0.1732535925117423
0.00023278136299684083 0.11299385302281063 0.6579649222397524 0.24687271698824376 -0.42715653443055296 0.0689297605218601 0.06751351155589351
0.00023278136299684083 -0.4854024405593073 0.8535920931132807 0.3081029617737694 0.3322436720583383 0.06889823427327468 -0.19319994587984318
0.00023278136299684083 0.531569047528871 0.7223058111092949 0.356130758073092 -0.1001505891989693 -0.39933591946693037 -0.14163098765448237
0.00023278136299684083 -0.2619995201627925 0.9667785966576818 0.12618591602253235 0.026833652263394427 -0.1710612693474432 0.235050384011078
0.00023278136299684083 0.4479277232561628 0.24906017289547636 0.19765784759828517 0.5090321814361666 1.124494587883308 0.13852401362390981
0.00023278136299684083 0.45667733248313674 0.8553121809244446 0.4018040402597265 0.3432507830149768 -0.1511680782220631 0.026695531340080007
0.00023278136299684083 0.32107639617437717 1.0418331709083033 0.3197896146359721 0.36653437380695186 0.16386676295806465 0.028199222004512626
0.00023278136299684083 -0.48104718730659857 1.779407841249632 0.20068011289335988 0.020334106912496416 -0.25819800398899934 -0.053998266592811525
0.00023278136299684083 -0.3504467410109864 -0.07023966619606688 0.041229167337163836 1.3828166214385715 1.4453634721528361 0.08941433483949608
0.00023278136299684083 0.27462358833189887 -1.0177780562514667 0.0905840860893129 -0.3745191556821068 0.4711803744665233 -0.16914479547375463
0.00023278136299684083 -0.5371019604305483 1.0893010639389709 0.2579257866346797 -0.17840606095753025 -0.7109427866415754 -0.02516690538966243
0.00023278136299684083 -0.40313964276342085 0.6575033932684038 0.3792690555410354 0.25790534980477975 -0.7487744568739259 -0.05315777770045481
0.00023278136299684083 0.7250853400814621 0.28009119014905304 0.16223151093921703 -0.0908133493130759 1.0635616478948662 0.20385840696091198
0.00023278136299684083 -0.22821770126063928 -0.3399956690847378 -0.10853631419305508 0.49394616504239025 -1.329186111888795 -0.048704136955754
0.00023278136299684083 0.4261269787888913 0.6300085937229138 0.0853642805553967 -0.85153955467333 0.5571332842619161 0.2871463945973228
0.00023278136299684083 0.4016215602727798 0.3881828396858152 0.00883524307316096 -1.15633566762758 -1.1566355037173388 -0.12121158547300077
0.00023278136299684083 0.18023697694092236 -0.29584356586255556 -0.04986249229473051 1.8929605437924804 0.3810185697287175 0.1973948444197401
0.00023278136299684083 0.12775660907282127 -0.1889006239147168 -0.013899469982762508 2.2818741697677365 -0.253322250793548 0.29551243632687646
0.00023278136299684083 -0.6996189833592313 0.3162228859405138 0.20060017404125782 0.36948202038481054 -1.0598785460249762 -0.27239798919617103
