0 10 0
0.9311254519873633 0.0005649531935979261 -0.0005658387578664939 0.00019400320834175308 0.001014798466035517 0.002237121266574083 0.0005639485896449031
0.00023278136299684083 -1.2812360474361733 -1.9998758342577303 0.005060326043813375 0.11049938367846052 0.41408773224512874 -0.005164356993532836
0.00023278136299684083 -0.03151941217028905 0.13670497030534284 0.06410392141800572 -2.2929870809656694 2.094949149576762 0.607165005137772
0.00023278136299684083 -0.7074382777641963 0.6370299744838299 -0.010051388445312379 -0.4190529406822743 -0.543671829675139 -0.053961882559672714
0.00023278136299684083 0.29922054283189786 0.29727028516684484 -0.013577310448847834 -1.164930564867356 1.3364609275130208 -0.23397905417515
0.00023278136299684083 0.000780512483401685 -0.0009433727674499028 -6.433633970066429e-05 -0.7765199000958283 -12.68866327664833 -2.5050647093681455
0.00023278136299684083 0.415468254472379 -0.03221528236262605 -0.058078378649829246 0.4950623630376623 1.5891601030019105 -0.3803476010570283
0.00023278136299684083 0.9762654867892508 1.4265440871467698 -0.24513691120063524 -0.07189756760510681 -0.2745278949952658 0.012541559625055878
0.00023278136299684083 -1.1739413812946655 0.34073642928623615 -0.37538092984506055 0.36624313907231054 -0.6095203489560792 0.18726373113898534
0.00023278136299684083 -0.7574124523012185 1.4581037744659195 -0.1428878258994293 -0.3056106957142679 -0.26675962835834 0.11575294967210348
