0 10 0
0.9311254519873633 -8.754178046195722e-05 -0.0004803543090478289 0.00024435006128729745 0.0006010810937294743 4.1628322933937046e-05 0.00037217513158288584
0.00023278136299684083 -0.4924904047874105 -2.8019717924746455 0.2661482317924863 -0.1799501043700881 -0.2746384894788469 0.009653005858962515
0.00023278136299684083 -0.6890158587157161 0.7142661399915301 -0.3722659164015599 -0.07303270675719419 -0.9430494239575045 0.05764696817305654
0.00023278136299684083 -0.6729826012426922 -0.026002762617476603 -0.26248646986049046 -0.38570846631195227 -0.5034019221873475 -0.09954705657234
0.00023278136299684083 0.45817500500017316 -0.07615108996596863 0.08542266870566831 0.8503163424804099 1.4253777287556828 0.09525699217456385
0.00023278136299684083 0.38607059918246117 0.48137937286031784 0.0662704055135766 -1.1023971788039235 0.46610337314975914 0.026141101625795422
0.00023278136299684083 -0.11694597945963345 0.20911202892563371 0.39953396134705643 0.32759102168262866 -0.5930233918444379 -1.114335060536144
0.00023278136299684083 0.7834385588807122 1.1912062802015178 -0.39966600139457387 -0.09194143975424843 0.49829993531984373 -0.0011805716724127204
0.00023278136299684083 0.9192489824755982 2.508592842632954 -0.7740291229066514 -0.20520627070381864 0.3556904222265502 -0.06232721213915426
0.00023278136299684083 -0.22533117947630538 -0.27901378336255295 0.013671998055234984 -1.5439955723797125 -0.5978715237194492 -0.40000869324387034
