0 10 0
0.9311254519873633 -0.0010259891618924174 0.0004919783963458198 0.0005886236932025924 -0.0003080534533393799 -0.0005353521061970702 -0.0011348711340223813
0.00023278136299684083 -0.6411826529865913 -0.7711232228664491 -0.3620137132884022 0.40817452595204634 -0.29184752497477556 0.8194127066981206
0.00023278136299684083 0.628839489002664 -0.6391813762846776 -0.5076155697581685 0.17489848905367644 0.41117157254612535 -0.2433071077784619
0.00023278136299684083 -0.33481666160557877 0.16784341198022762 -0.5950413587127625 0.43807950926541317 -0.21981390051180186 0.7896118462349226
0.00023278136299684083 0.09935166806959533 0.017627389782862476 0.1724094138381563 0.6210488249089412 0.6914337050260703 2.294455651870366
0.00023278136299684083 0.04302684682813221 -0.325150569082807 -0.7208940546062009 -0.29036213164991725 -0.6221369072314532 -0.7930468848581735
0.00023278136299684083 1.330031058260573 -0.19849224740871135 0.5676631635141594 0.601238519791277 0.22295710619484005 -0.4763380165536268
0.00023278136299684083 0.34671900630830954 0.23001097391348385 0.005448045591316396 -0.5784359269995237 0.5521137775799949 1.6495174507199692
0.00023278136299684083 1.3481673337638906 0.21156046241525547 -0.31326664444802343 0.1387470107939282 0.7291244838694587 0.15316512267640353
0.00023278136299684083 1.283820559938273 -0.6610084078287388 -0.601184054941019 -0.28117500775832155 0.6684061122898216 0.3460137670800056
