0 25 0
0.9311254519873633 -0.0019855717385773167 -0.0013995999669734285 0.0002509776597186163 0.0007133709714227604 0.00021465614116626433 0.00040247648997352744
0.00023278136299684083 1.0975095171230966 0.6399632370961031 0.003241765433817077 0.001878176173927404 -0.49247881151244133 0.19799795123050778
0.00023278136299684083 -0.24743681200338666 0.29244951748789993 0.17526649771115438 0.06687693830586283 1.3341590690131875 0.01366284482193773
0.00023278136299684083 0.1935682833104062 -0.0021527454740546985 0.10143793401141425 -2.4598167260155797 -0.8586447158358953 -0.26828247022478163
0.00023278136299684083 0.758126185149626 0.4780812260978836 -0.10426086786431588 0.2315465764429391 -0.8466994755781875 -0.13532360757765083
0.00023278136299684083 -0.48141412875346 0.01249175049084744 -0.45889058319045384 -0.8710858688779234 -0.3752264593965556 -0.43866923790431084
0.00023278136299684083 0.13466243241612547 -0.20578154726759507 0.03988930976922212 2.324012855015066 -0.727595593211857 -0.12831755561218686
0.00023278136299684083 0.5275704728162111 -0.0781947740397304 0.07387834722137666 1.480645412964544 0.5845681713877314 -0.07586542370626265
0.00023278136299684083 0.36794929080447286 -0.14918688013132755 0.11850432369340026 -1.2768814790976464 0.5149801629594563 -0.407373064612045
0.00023278136299684083 0.28579582511888063 0.6428720545580396 -0.2142153048131298 -0.9329408091870094 -0.6786058287994685 0.008831393420151606
0.00023278136299684083 0.9153084551579462 -0.7246340623290538 -0.13814436785898807 0.3329235360165975 -0.0559866810021573 0.017023439052188602
0.00023278136299684083 -0.7857512362190188 -0.6654244350955684 -0.5256468064603087 -0.2018013282288206 -0.14642159783649641 -0.13850198101612823
0.00023278136299684083 0.19203510013494854 0.8911546463756623 -0.08217065019801523 0.1288443926495078 0.3264036837476423 0.2935947578487884
0.00023278136299684083 1.363011429054337 0.7113554364369106 -0.463023457243817 -0.3869383164309576 -0.37783134639321114 0.06724507268649356
0.00023278136299684083 0.700368665428035 -0.16748791261771043 0.2380956169081987 -0.5400104621347775 -0.7586863401748783 0.2960800366353242
0.00023278136299684083 0.37658574311034454 1.0201633338453364 -0.11839723931541347 0.38829224290897457 0.5005385370110215 -0.028534652313315867
0.00023278136299684083 -0.858345144696315 1.387301934081923 0.13095832461906415 -0.14436454632541273 0.1311489340795505 0.05333375854325858
0.00023278136299684083 0.9536486425430849 -0.8759882445776856 -0.062230879673201935 0.1641939004556795 -0.12526821443831027 -0.11509985999110539
0.00023278136299684083 0.3863872241053838 0.7360651263962767 -0.07579458552662437 0.03563240549074952 -0.6658083936135214 -0.14487062214080176
0.00023278136299684083 -0.6690830533282625 0.7556948924653545 -0.09709479711585443 0.5077891322260246 -0.2297222082792269 0.04833459241729896
0.00023278136299684083 1.0948447126396998 0.3395631034398683 -0.0008796241830150194 -0.3905351198192329 0.03819259390445603 -0.2112885643003669
0.00023278136299684083 0.13976708051401476 -0.14919468382464135 0.03723323796546953 -2.18262213311168 1.2776562470971167 -0.2835930125732543
0.00023278136299684083 -0.04909479785025898 1.208405105015873 0.07609544276900389 0.526468319968489 0.27707816127909346 -0.27715322160210054
0.00023278136299684083 0.864339077374359 -0.07072994741580868 0.22612366392694652 0.3384971537542761 0.6360896666558615 -0.13268225529049657
0.00023278136299684083 0.6819339903529216 -0.42838626312214023 0.11611406053966247 0.005911861165350143 -0.14046412572796424 0.17954572231474836
