0 25 0
0.9311254519873633 -0.0010009144641078419 -0.001749478061011536 0.00018012717484734283 7.155735655504796e-05 0.0004261751541818962 0.0009325221959304638
0.00023278136299684083 0.13610578559204872 -0.005968339993753467 -0.4766808865898832 0.32836121717380345 -1.2684643462439917 0.2625638066785216
0.00023278136299684083 -0.5239224784587697 -0.006253627487000389 0.09984407246586377 -0.20440443005951112 0.02187054453528343 -0.7750648913468017
0.00023278136299684083 0.4299398280052594 0.3450600813190595 -0.8151689043716649 -0.3022160595474178 -0.11546142004175865 0.19222659670158343
0.00023278136299684083 -0.4601646109040197 -0.33951909482390563 0.008786252331146015 -0.5424590723476348 0.8489476222790011 -0.21479910226543542
0.00023278136299684083 0.4450742608864311 0.2993048217077423 -0.0739304253336468 -1.1560347498387538 -0.7775992903786637 0.19758132765828548
0.00023278136299684083 0.25967045498333324 0.27305591835247905 0.28210376927864855 -1.4181199735112615 -0.5390219025346951 0.48741298908982805
0.00023278136299684083 0.2886292979993716 -0.6140572808495823 0.1401366967953099 1.2467902730697844 -0.30819279355932244 -0.0011594155060657828
0.00023278136299684083 0.7101400628571419 -0.07191287318350227 -0.8603407457211361 0.15956715427365248 -0.2542832316497878 -0.10210152945620687
0.00023278136299684083 0.24178745558751316 0.7763969976591348 0.3423411624500342 0.8865414893606505 -0.4307047100829193 0.39083031774180066
0.00023278136299684083 -0.05006227006818302 -0.3178852564318818 -0.1594944654028866 -0.41842414442068954 0.961700112517392 -1.5271205349619081
0.00023278136299684083 0.15199804762569333 -0.8507768788480998 0.032757957770792906 0.3306537735292633 -0.4300855576452906 0.07421677254831305
0.00023278136299684083 0.7623633086949747 0.7601015301548963 -0.07581971986842735 0.017713092025576218 -0.371498963707539 -0.40422233246507444
0.00023278136299684083 1.0805749126576862 1.0012284723243636 0.47106665542696485 0.575673698341817 0.0061350502726883836 0.09378912234037393
0.00023278136299684083 -0.4624104753317413 -0.2802382026805299 0.03266842122486854 -0.8524796089421842 0.43097321247184983 0.3017029528331726
0.00023278136299684083 1.320281209925313 -0.0902081109003282 -0.16811231940949112 -0.0536685066275733 -0.5557071704596256 -0.05663589672128781
0.00023278136299684083 0.2113376465066473 0.6164991511126896 -1.1958119264438003 -0.46081273944564094 -0.2090826576872304 0.017305142284274135
0.00023278136299684083 0.8268665598835307 0.3372654801450639 0.10536690971198431 0.14226695335478096 0.5404095499586367 0.4029400536740768
0.00023278136299684083 -0.7383366992459326 0.43285985969978896 0.6309881805175767 0.47849776699384905 0.7635800764401152 0.2591912180014281
0.00023278136299684083 -0.13562240452457186 0.5109632614136865 -0.01998916907395298 -1.1272304384123548 -0.6522997297357259 -0.2104596943686373
0.00023278136299684083 0.08363530968215477 0.6810124227538872 0.0009490499629745302 0.563721882491444 0.8553640272018763 -0.8343388081775828
0.00023278136299684083 0.7506119977778393 1.3795260682410555 1.5802062755940791 0.01526103542542168 0.2326035290221094 0.04217205881399815
0.00023278136299684083 -0.3823835245150403 -0.2132344431571785 -0.1330539696094052 0.1567755010670273 0.8351242253539923 -1.2920493746304311
0.00023278136299684083 -0.008403764187234219 -0.24968233693306857 0.03309923693241014 1.4863062949598953 -1.2293636697357602 -1.0798784119685365
0.00023278136299684083 -0.9340520549913467 2.6243746244337607 -0.5024208080275768 -0.13850983513413803 -0.05964312331822139 0.04580884978045524
