0 15 0
0.9311254519873633 0.00024191052057550227 0.00100434895159663 0.0012856773576471808 0.00012701147425406395 -0.000356916952948419 -0.00018141122533543854
0.00023278136299684083 -0.4458087760389185 -0.3491720471853501 -0.7056708680923889 -0.1667288623875755 -0.9789895457084822 -0.03608362438965779
0.00023278136299684083 0.13253147613146338 0.5361474009967119 -0.14115379042274523 -0.05472901101762396 0.43534593858659376 0.7866952200341234
0.00023278136299684083 0.3999552209442758 -0.4975013460516044 -0.5496749235768436 0.5070723332799446 -0.31522392441894825 -0.4701442890259734
0.00023278136299684083 -0.540359167632898 -0.8740034618500687 0.20603029858753338 -0.40682952873449535 -0.4088580927170886 -0.26286587716354287
0.00023278136299684083 -1.2021452088387483 -0.7013728817191899 -0.6319120578169003 -0.37657671031586426 0.509941926286019 -0.03433373363607601
0.00023278136299684083 -0.6972943103446442 0.07014438769194141 -0.9349181223060674 -0.18556945532820845 -0.5047572701053626 -0.07525742379916234
0.00023278136299684083 0.4645150237718191 -0.4296400704367782 0.06278090543059978 -0.8093991980917664 0.7519357769478937 -0.10444982138252695
0.00023278136299684083 -0.015545444140609203 -1.0804156990326792 -0.45599250335754116 -0.4630998579976927 -0.35519948407970786 -0.05851824074967151
0.00023278136299684083 -0.4164602547018494 -0.2939657099983056 -0.21688692139486526 0.143402689417733 1.3564303083873914 0.5406686143490244
0.00023278136299684083 0.26881751094902295 0.08411362749790072 0.16707022365662358 0.8763253834997653 0.3353473847626462 -1.2417231845395877
0.00023278136299684083 0.3873688904102533 -0.09180852901772443 -0.6003962425889567 0.3831512011569944 -0.8617573798584279 -0.20444750959839453
0.00023278136299684083 -0.2514393223952176 -0.2079697618174258 -0.3858021590194593 -0.35671272202832444 0.9808665909052544 0.11275448373339098
0.00023278136299684083 0.5899346962627069 -0.22114874218976643 -0.8154104971378361 -0.4279339208164545 -0.30283552347063575 0.8348505040412662
0.00023278136299684083 0.35828758328953364 0.03919702668692573 -0.1407727725499895 0.8295817623473081 0.7854211062765292 0.9384997834685421
