0 10 0
0.9311254519873633 -0.0001574854272601426 3.939699889565781e-05 4.1557936313302006e-05 -0.0010708675432680784 0.0007865803381110338 -0.000427900788265785
0.00023278136299684083 0.1311746131985296 -0.983776175816092 0.2098632069276551 -0.565646493393069 0.703967315490932 0.00129906036260347
0.00023278136299684083 0.5719033517446553 1.0702712837813648 0.30768338530653266 -0.4314539349142966 0.4999930174184133 -0.06131532510740123
0.00023278136299684083 -0.19200736790365988 0.9296933671977622 -0.9373013452293195 -0.5531012485981689 0.1129892157504124 0.3075621443618074
0.00023278136299684083 -0.11797725168805495 0.05298924244681374 -0.04867862557145449 3.0310444152371416 -1.3759289543870867 1.2392515841890932
0.00023278136299684083 0.8873265750282865 1.0913413459618075 0.14033883877454104 -0.6212184481210463 -0.16257809246556146 -0.17569246701400834
0.00023278136299684083 -0.587933002605107 -0.5024960729202353 -0.26576922123734964 0.9907937197572008 -0.6728274671936949 -0.1294086299323049
0.00023278136299684083 -0.08039732937506468 -1.8092594631806196 0.37744072926924926 0.5588980159484104 0.2229717315677621 -0.08247105945653681
0.00023278136299684083 0.20210585542572548 0.14926252698953416 -0.034580592640043775 -0.3726901102622116 -1.9806345517864072 0.7404519616818455
0.00023278136299684083 -0.1842537347881706 -0.15561405004010473 0.08477187914691821 2.246844257418353 -0.4942735668389056 -0.1280741160219586
