0 35 0
0.9311254519873633 -0.0025795064331862604 -0.003002925238825146 -0.0005256168799906352 9.596286834987943e-05 -0.0018992138069975025 -0.0012662881894945426
0.00023278136299684083 0.6500912610650252 0.9301532476145897 -0.14359649446019307 -0.17860825449200146 0.4140466763502999 0.3310279226899245
0.00023278136299684083 0.4059541476913234 0.2564202658316402 0.16314984548803527 -0.7901453870261266 -0.8251323185732978 0.4616297782585791
0.00023278136299684083 0.4254212497337239 0.06267723631806714 0.07281004413332015 -0.08162243040214445 -1.3025302480341596 -0.36665915501669133
0.00023278136299684083 0.37937475120394865 0.6330826609828003 0.05410910424869832 1.2785963727121217 0.06891002853166862 0.1463342344414455
0.00023278136299684083 0.015689047082821518 1.1055039118141095 0.32377327176699133 0.05192182844401897 -0.1567784120710019 -0.5950469557967034
0.00023278136299684083 -1.0434769617734097 0.5578369852055435 -0.5540204898364982 0.2834981718701243 -0.20812092406456112 -0.1470685634665755
0.00023278136299684083 -0.19310972394996967 0.2577850026682359 0.4790315320013829 -0.22055425916719273 -1.271672648239378 -0.102391797334269
0.00023278136299684083 -0.362620146180604 0.4555295564388044 0.06145107632756926 -0.519051567970193 -0.16387517380115046 0.4555241617282703
0.00023278136299684083 0.15123785972226986 0.5330106432840129 0.01844583255509617 -1.2271768969299994 0.22234649340912233 -0.17629694562911497
0.00023278136299684083 0.3066114805271808 1.1746275345867285 -0.021799005299345742 -0.17782686079659168 0.3873504787077402 0.2932871179838666
0.00023278136299684083 0.058450751002740636 0.24465352025408788 0.24116826545708736 0.29608487083173574 1.7552541608307004 0.5167730244574837
0.00023278136299684083 0.9991915998396766 -0.33153966180874866 -0.2510495112481747 -0.5002159919661674 -0.3539507620392862 0.10134752469459507
0.00023278136299684083 0.7992097722723046 -0.8746519645170103 0.05642450037156535 -0.599848458925309 0.827082296429207 0.22150801333494372
0.00023278136299684083 0.4650883550983673 0.08624362343167337 0.010055386329202625 -1.1555015840811895 -0.2269508292675629 -0.03426502800989864
0.00023278136299684083 0.01588193772943098 0.7351296627495236 0.40261421832653405 0.7064126772658847 0.28841430152647785 0.2763696443931592
0.00023278136299684083 0.2273541865957952 0.23908347355684667 -0.04723973489693921 -1.5545642831815754 -0.9251920046095123 -0.264638782113175
0.00023278136299684083 1.1492619887393352 1.3481685247588044 0.3870111404469212 -0.5623359063349198 -0.00959842291137082 0.14542547754596208
0.00023278136299684083 0.2911474440058525 -0.2652174246801711 0.1298586163053512 1.7778479934252795 0.14012521301286832 0.4970206965202408
0.00023278136299684083 0.0716884471340547 0.38269347935236814 -0.29990835366543034 0.6100087197229114 1.2481583604296644 0.4401980996920817
0.00023278136299684083 0.08329068800822917 0.2961935801394603 -0.23748795489749164 1.5905510221789092 0.4274119594624949 -0.6769097400457003
0.00023278136299684083 -0.01722976785116578 0.4634901741428552 0.34147662794278194 0.9345612079975706 1.020880438479297 0.1723956894736029
0.00023278136299684083 0.28040836990347945 -0.10026732477234686 0.1579135167143075 1.232927188395833 0.9123234242416418 0.5393055938815267
0.00023278136299684083 0.4355893046245993 0.4855648092288083 0.1141930689789206 -0.7276967656203124 -0.11395278553504111 0.013010899428727124
0.00023278136299684083 0.5549210982210945 0.6302188217966662 -0.06094693437298743 0.19892542117677917 1.0922220604585453 0.19623382412148277
0.00023278136299684083 -1.1511141379255412 -0.25585032092710824 0.3157451415009215 0.4433946216342861 0.10236440617352358 0.5561277794933505
0.00023278136299684083 0.2738839486579142 0.2897153338063139 -0.0347403062547861 -0.19863362223844047 1.5462497922127187 0.6576673576337679
0.00023278136299684083 -0.8499681850218225 -0.30783427823870174 -0.42226301719887854 -0.6312543433701543 -0.2718779897082167 0.458918108006217
0.00023278136299684083 1.7487306855000513 -0.9348671065339643 -0.9521992389084174 0.3177548124471482 0.33336189979472686 0.14818289640123905
0.00023278136299684083 0.47882716783142243 -0.5500342523406931 0.03859951627853362 -0.6915080746677027 0.7517962405671542 0.06631164054731417
0.00023278136299684083 0.23767541813349372 0.9601304338744245 0.49734993258253024 -0.09142569450615388 0.11036506505296238 -0.25791102113900805
0.00023278136299684083 2.081745046530219 3.3868661211269266 1.414086404391847 0.13199503928746253 0.2604943724472788 0.05218466560434296
0.00023278136299684083 0.4262450525680736 -1.1280637049120934 -0.2553876729995544 0.8772573901309988 0.23340291289764384 -0.19871194272836593
0.00023278136299684083 -0.1312591667226214 0.2553614194045843 0.039900941918851594 -0.48823293762181447 1.3269112094247257 1.1403164111178794
0.00023278136299684083 1.0538327627426176 0.9898869716556734 0.06393824993482401 -0.7193854916226095 -0.04298404359591502 -0.0020478721923289237
