0 20 0
0.9311254519873633 -0.00046801123401944266 -0.00043434119012339596 6.711540846652786e-05 -0.00015831126333278086 0.0007164970131779472 -0.00014416238647089506
0.00023278136299684083 1.1141447464281666 -0.22567473492114673 -0.041152549796296296 0.014083896445453579 -0.7746263290939935 -0.05419638733360378
0.00023278136299684083 -0.4671335846903707 -1.0707359248209345 -0.0044918805459937105 -0.40273088222358755 -0.09982797410828839 -0.05575476763876121
0.00023278136299684083 -0.646706244624988 0.5471673342711596 -0.07456275937952087 -0.3772680374985381 -0.976964560758667 0.021577528551082973
0.00023278136299684083 0.03336394323675061 0.4861311188141933 0.023334483014706926 -1.3760356202840471 -0.09197973611671843 -0.16331737848918734
0.00023278136299684083 -0.27068152948694996 -0.4085517667694392 0.01612495639943293 1.4911878541135077 -0.17208949864405973 0.09094012608081564
0.00023278136299684083 0.18794298977282586 0.5686347093542526 -0.029957996739774263 -0.7732566208145556 0.4237374946220276 0.06642431776663202
0.00023278136299684083 0.34935072139350715 0.7121426320181302 -0.02800235056456012 1.158492793583183 -0.16892433544277505 -0.09059056506194768
0.00023278136299684083 0.026191760105605186 -0.47648854736821394 -0.020035369129386214 1.3675279724065093 0.6619366908825985 0.08215496862961386
0.00023278136299684083 0.054327339749126055 0.2579486000640343 -0.06873231406182534 -1.2136387550364947 -2.044242020077208 0.3269122184010794
0.00023278136299684083 0.21255168977957556 -0.26493120552911187 -0.02949719921625083 1.6018613503831547 0.8860524383067695 -0.20166485773682308
0.00023278136299684083 -0.09873273401660532 0.40042258591645336 0.04363293944857897 1.355334043840892 0.7775091593832534 0.3241835325588432
0.00023278136299684083 -0.3256727721108734 -0.1778080513737273 -0.039778001331225186 1.1646323127367 -1.1043409364055392 0.19219915361909568
0.00023278136299684083 0.42019171759124374 0.01803380471205781 0.025916233919553285 -1.7841707201708679 -0.6838864326422024 -0.03953992517352614
0.00023278136299684083 0.3308797712747259 1.1086402099293537 -0.10228089041958698 -0.3613881982434028 0.04014833807590098 0.044998105416052106
0.00023278136299684083 -1.0752376124901686 -0.49564273825895755 0.037629379622050436 0.5609641593531196 -0.0964980371936834 0.0188267338766918
0.00023278136299684083 0.352726295742546 0.5613076374334177 -0.017710296402602216 -0.765220295310268 -1.070641183330184 0.08983079972893847
0.00023278136299684083 0.36002180444384296 0.6409808927272638 0.03222817138980111 -0.5659211705174071 0.8689557275033508 -0.05341345949264818
0.00023278136299684083 0.7771283599231562 -0.48840460471080693 -0.037346330039016905 -0.5594044475199893 -0.5838422370455961 0.03621744408112601
0.00023278136299684083 0.5373882740565217 0.044192809005758525 0.046220139965803944 0.09819541808775807 1.3435353793732239 -0.059138041899893405
