0 30 0
0.9311254519873633 -0.0017088298028754374 -0.002207360176074919 0.0006606728137200337 0.0004921434534678507 0.0010112527473963454 -0.0002462786230815286
0.00023278136299684083 -1.367658379151355 -1.3323169579719027 -0.2259023072503851 0.24384148959187327 0.33947249248453576 0.003286932878977662
0.00023278136299684083 0.09645782851783123 1.2608616857381365 -0.13924839715585943 -0.12139056846248124 -0.05048046359780545 -0.03337490918696856
0.00023278136299684083 0.879873662735582 0.6318187037899616 -0.004269423694664826 -0.19342040395164709 -0.17524171591623633 0.04942168701474967
0.00023278136299684083 0.2163020261494792 0.8020277484184556 -0.06914982545329747 -0.3427972718555958 -0.35018249748432584 0.12804581972207216
0.00023278136299684083 0.44987239869563916 1.1555824611640895 0.03439322805826538 -0.33433058618499184 0.5506519585749958 0.03681113447727531
0.00023278136299684083 -0.4911467071608612 0.8773380639260162 -0.023473375482508385 -0.4119569025861826 0.019766869129849915 0.11753662242598115
0.00023278136299684083 0.05511929001978743 -0.7476065273379482 0.10749218231193493 -0.5130380901494691 0.7839963441411764 -0.07686952248231384
0.00023278136299684083 0.0643976199576153 0.9041637097907609 0.11456467672905062 -0.05270152219512137 0.2782782182537001 -0.31544352118034075
0.00023278136299684083 0.02150278395351575 0.8685699274747324 -0.20273992875766947 0.02422558233814862 -0.020202416030767854 -0.05902670708035271
0.00023278136299684083 1.0046838844507913 0.153067945438877 0.07019157122758418 0.11672918475341088 -0.4650917217558339 0.15090429922816154
0.00023278136299684083 0.877009736737081 -0.07922742901401089 -0.27584122145691503 0.501829625426686 -0.11461128039169735 0.09496478273953357
0.00023278136299684083 -0.18257226634768814 0.02842889414459002 -0.06252554678496611 0.4311904844630846 -2.5362385615312277 1.0927746104890825
0.00023278136299684083 0.44316291535260244 -0.23200509866630642 -0.08102641772404343 1.520602440938933 0.2302444841860349 -0.00812569131296962
0.00023278136299684083 0.8317676553125016 0.7234080074757835 -0.3259898092918471 0.6930593574545372 0.2769314348327181 -0.12234558449724976
0.00023278136299684083 1.4937401646348667 1.190404777698133 -0.3243990128381476 -0.10508858336116038 0.05856507383686468 -0.03744582624980531
0.00023278136299684083 0.9649045630858607 -0.11598046259908801 -0.08366915523235444 0.5588092883297017 -0.29959244512352423 -0.19341839531411856
0.00023278136299684083 0.5409341917776632 0.9739408788633487 0.04301592697551991 -0.02055947730238821 -0.39601048763515956 0.13374873786227026
0.00023278136299684083 0.6565627770105975 0.9729008146005081 0.02478080916216075 -0.5135716216873472 -0.16789356411726317 -0.056161337999739824
0.00023278136299684083 -0.9940173992663033 -1.2098929118971946 -0.18380453933547272 -0.13800970152842423 -0.08634274978134725 -0.03776453931912129
0.00023278136299684083 -1.1114998949005899 -1.1683398527830984 -0.243144963567372 -0.05587814250787166 -0.10900100832534362 -0.0029606734552912986
0.00023278136299684083 0.3979720295181869 -0.3458127758967217 -0.31093867211886106 -1.147038121200591 0.08606717294184082 0.09973340522611247
0.00023278136299684083 -0.7691090959429806 0.9023723200104712 0.009255879450497759 0.05941826745212042 -0.11095174020667706 -0.040232300153787655
0.00023278136299684083 0.02065473983655658 -0.583748761173767 -0.052894616804248736 -0.43098550065509283 -1.1353935687974352 -0.07906985531555487
0.00023278136299684083 0.40091132569021387 0.991247838302639 -0.25317723260347286 -0.18794369534968228 -0.42879407252881985 0.04643211576542982
0.00023278136299684083 0.7659276709962554 0.161755087065684 0.03746771906543635 -0.1612417606846442 -0.34967644561038075 0.2073665136437948
0.00023278136299684083 1.0534889469068813 0.42441478363746027 -0.12134843584621355 0.1683312977952197 0.7952793276110184 -0.03570469065146864
0.00023278136299684083 0.07684885805884017 0.7827061449779378 -0.04185479240043646 -0.2190738626770531 0.6921057872464428 -0.19031156987187642
0.00023278136299684083 0.49626527053163394 0.1265252141808923 0.012041148895331444 -1.4146370533053663 -0.3488392187210355 0.014336695554128412
0.00023278136299684083 -0.05703738566010836 0.7128364749400441 -0.07049672295718432 0.07705203322999955 -1.0118261952696699 0.09800625936950444
