0 35 0
0.9311254519873633 -0.00035361871915256 -0.0006112080154926766 -0.0002999744116697707 -8.186416257776123e-05 -0.0014532677583130866 -0.0002824040175885901
0.00023278136299684083 1.6253709217891308 -0.9555651887803823 0.13943999373686805 0.025388442366111912 -0.5083791350664765 0.08273883675294229
0.00023278136299684083 0.5358686960927858 -0.14868380512377213 0.025089384758341795 0.23464822852766315 1.1235235229067844 0.19516272861282916
0.00023278136299684083 0.27268099825388803 0.7187612490995567 -0.03709327016668432 0.707028170200864 -0.2569759878860123 0.08774568830240906
0.00023278136299684083 -0.2994866266778748 -0.35005211871968284 -0.029299009782287614 -1.2913524503986153 0.9144588426982907 -0.09508200150995356
0.00023278136299684083 1.352934810348112 1.2051858811455307 0.333784522171642 0.06340005812755933 -0.02296993894180158 -0.014050439710618845
0.00023278136299684083 -0.7465454832382735 0.240851837790982 -0.0200374273026903 -0.892414830672013 -0.1615220549478019 0.058553697631527554
0.00023278136299684083 0.6954137160637602 1.3284217269054621 0.1826733016525083 -0.41553642125721535 -0.1354704595413959 -0.06437773285252583
0.00023278136299684083 0.26018923158249335 -0.274108735508126 0.001105366203876302 1.090377166175398 1.1744495227014862 0.07612001635978236
0.00023278136299684083 0.0825031007479479 0.7515827732519028 0.09649236490090499 -0.8369447982574542 0.6534506128205376 0.20349785326084024
0.00023278136299684083 -0.6340422402107017 0.6170027296782732 -0.08758983307926059 -0.23910208650437234 -0.5591566756136662 -0.07527692176498439
0.00023278136299684083 -0.2836540783446362 -0.2807799565109129 -0.05521448303996821 -0.044445835879548784 1.826219550423483 0.17978698647686514
0.00023278136299684083 -0.19703551066406533 -0.26646724183491327 0.026420856340329837 1.8977933328902654 -0.3230593576787535 -0.0810183526690231
0.00023278136299684083 -1.5923143309562664 -1.791520540610103 -0.043855562300338186 0.01150059843594958 0.19264207538689024 -0.005709971002496726
0.00023278136299684083 -0.16609522198908153 0.47600749782084356 -0.04697259160035883 -1.4059016171641967 -0.30682615611844943 -0.08414783547978694
0.00023278136299684083 -0.19068265233806272 0.2736846271362784 -0.01838817039878696 0.901735867568607 1.6730541957566691 0.07186927531833008
0.00023278136299684083 -0.6222549825334667 0.12453232043233416 0.001919902147351057 0.1295379569985696 -1.178583324053889 0.017863344091032872
0.00023278136299684083 0.619485628532464 -0.12835873732532624 -0.010114837838051128 0.5755341680395593 1.4636613724252079 -0.0405668279192693
0.00023278136299684083 0.4055810257599772 -0.028405983416044587 0.10930850133817012 -0.44559017944817125 -1.5283921828979337 -0.05964375536364673
0.00023278136299684083 0.010803336449745172 -0.3050695560032687 -0.000490590100740384 1.7684244503480093 0.49592394036629817 0.6296858084910963
0.00023278136299684083 0.7719464713717084 0.46936020828202724 0.016041902518486806 0.855070359076045 -0.35372775865435213 -0.10082885456799183
0.00023278136299684083 -0.19840519805758833 -0.5518909923037698 -0.08406653653189637 -1.0956182786584012 0.8619342193138768 -0.18052024220419527
0.00023278136299684083 -0.37725119603496554 0.08277493338594401 -0.1632549065784455 -0.0849126023859959 1.5980646323688794 0.2280794715824972
0.00023278136299684083 0.48874772248137627 0.7701558070738568 0.2261976222824087 -0.5444559696307266 0.7286924732531554 0.1676338096867689
0.00023278136299684083 -1.0188615081875476 -0.4704388725761883 0.09570291791328768 0.24353295421146837 -0.08157823622715599 -0.0044111474627860905
0.00023278136299684083 -0.6572237792815638 -1.2130827406778886 0.09690067446231458 -0.3111160113268097 -0.22859627218332257 -0.04032875841915278
0.00023278136299684083 0.35457499816580373 1.0742203032248212 0.19547664116195385 -0.6187278717199328 0.48615704693659856 0.004486590070909844
0.00023278136299684083 -1.2393200863362623 -0.04200236208385327 0.05633322420730961 0.5398485743166883 -0.3591656334366591 0.006534264761934464
0.00023278136299684083 -0.5712073945126485 -0.24350712810596176 0.040422833114754 0.89923695167578 -1.0501635470006723 -0.22990964447341428
0.00023278136299684083 0.41844208140717043 -0.7279362384974044 0.09472581450075127 -0.5511301896911119 -0.04143362677965385 -0.024351184360874613
0.00023278136299684083 0.5045348128545089 0.48542313785355595 -0.05254182036365447 -0.8131450225475427 -0.7843382404956256 0.08458342447102822
0.00023278136299684083 2.026304437988519 2.285936606917796 0.10077246840917492 -0.08337922899394772 -0.08258891169742485 0.025068915359057593
0.00023278136299684083 -0.43209352173954463 0.04989369435211354 0.006839037038802191 -0.005338216306091158 -1.1502223826871911 0.14142810960379426
0.00023278136299684083 -0.312439641149709 -0.17780913090854075 0.00495685099154883 -0.8537702050958472 1.3209452964079709 0.02622862366199418
0.00023278136299684083 0.5280063389724586 -0.5532839433952794 -0.0017874940885359652 0.9172811872904847 0.4130436113944462 -0.057227704380558804
