0 10 0
0.9311254519873633 0.0009059978692085548 -0.00015940223510771225 -0.00020048964870054278 -0.00042021957277480913 0.002994481938998088 0.0007547358411951129
0.00023278136299684083 1.9914438670479202 -1.371822658343501 0.979986493030383 -0.20308418112840265 -0.10429492802583538 -0.1281415943345031
0.00023278136299684083 0.07849489887424498 2.0715143416525916 -0.12276840061761517 -0.4321675518593409 -0.21928248605079545 0.06071247268013401
0.00023278136299684083 -0.6496038573032274 0.21301965938204123 0.2112914395896372 -0.39450772025633 -0.4529006781201577 -0.2893495553609433
0.00023278136299684083 0.0015109207153109526 -0.0005194201055958522 -0.0003357256909365036 1.668760217063576 -7.309690245677475 -3.2860552722519345
0.00023278136299684083 -2.2241854682228386 -0.29106325160105145 0.2154460285496258 0.22228934774520426 -0.0022645848934915846 0.04542799199480664
0.00023278136299684083 -1.0350003204732288 1.4929899813076863 0.37294064048503706 -0.3253824884404803 -0.34945044598430225 0.23441176169272168
0.00023278136299684083 -1.1758021465623623 -2.229854445054797 -0.3036295062126279 0.2617637705710744 -0.21699707843669885 0.09297823493868686
0.00023278136299684083 -0.19407670496650162 -0.06322282172622476 -0.09470352019632067 0.8213692691269241 -2.361799029813059 0.31419072707136286
0.00023278136299684083 -0.41677266595105017 0.8165675549147706 -0.45626885413502627 0.061837628277013404 -0.9612482789905352 -0.06311813121078481
