0 40 0
0.9311254519873633 -0.0007904373189682437 -0.001906055395954893 0.001862350952023801 -0.0004372266896052632 -0.001897745256621241 -0.000250111273489304
0.00023278136299684083 1.9925866258827258 2.934834525170634 -1.5119025590707946 0.06060601460403864 -0.14200997759588568 0.0170242133984989
0.00023278136299684083 0.45746563354160363 -1.5814760215490176 0.6552473577951309 -0.3016011421192557 -0.22230374463948963 0.22645531082113873
0.00023278136299684083 -0.3964933192734631 -0.22570227208671523 0.041272619158010906 1.071181518781772 0.23393899527950757 -0.5287261350237376
0.00023278136299684083 -0.5688358052368155 0.40461861778545277 -0.07546439163581323 0.37219582399930207 0.7496445017965531 -0.22627290694722066
0.00023278136299684083 -0.034736534015595594 0.6639459695125114 0.0889388012687882 1.0388482098264895 0.023492535805513068 -0.06961465065913372
0.00023278136299684083 0.3030675058450644 1.2470880755705056 -0.579558170502382 0.4573695773961999 0.13506374651139702 -0.17954936835154003
0.00023278136299684083 0.6336849944771898 0.4225267552818001 -0.34194667874119633 -0.5892772819380088 0.46324894465676525 0.12942714459544702
0.00023278136299684083 -0.2882120149553628 0.6048226146461325 -0.17022566647981874 0.0967891484880723 0.7259361239172247 -0.13563800486828131
0.00023278136299684083 0.7895104357254886 -0.8918664916806494 0.4226343126625074 -0.7701545520267233 -0.2091632251625816 0.021715939078477273
0.00023278136299684083 -0.54512254660435 0.7983864716624861 0.06334413108814137 0.08214750656508628 -0.6503555089922503 0.24928941145105857
0.00023278136299684083 0.019774662194822552 1.101489609480698 -0.4057136383707404 0.1649880722240362 -0.18497969179687399 0.15245365812279466
0.00023278136299684083 -0.054739180727186004 0.5656462135520083 -0.45046538710989326 -0.05007825108564499 -0.7904794147402856 0.17659197147256558
0.00023278136299684083 0.7427994161093908 1.628575863361348 -0.9712167797682463 -0.18041105162211848 0.35368618914037697 -0.20128613589999975
0.00023278136299684083 -0.1535260377659562 0.08987706025304679 -0.007677804428428438 1.7324318331518678 2.461037643748907 0.469801371319729
0.00023278136299684083 0.037239155243821126 0.0011802533432720675 -0.10088811450238327 -1.267012427929119 -0.12321396471253312 3.397164529371868
0.00023278136299684083 0.27582241351213793 1.1206769458719565 -0.3995005883172427 -0.04737248147978877 0.09762301722463358 0.02502718156722077
0.00023278136299684083 0.369318066870906 -0.3983341879487689 -0.08158041030077265 0.12911546150531075 1.007416279163453 0.21054562218707765
0.00023278136299684083 0.1071735966278512 0.5546172720712607 -0.39279094908155604 -0.028076733501920054 0.23898696553504473 -0.01664281316271904
0.00023278136299684083 0.2539165462601125 0.12750644158803992 -0.1648246709189194 -0.8782794847572009 -1.091983888229374 0.7842270273198058
0.00023278136299684083 0.27138456709662734 -0.9226370849473143 0.4579957789873766 0.7872107179333468 0.3382423255942732 -0.08012691476240776
0.00023278136299684083 -0.5387619814337286 0.9727271155033946 -0.30216335099951963 -0.44063806364137786 -0.3387202694897823 -0.21995101193925834
0.00023278136299684083 -1.1426736274079585 0.5954523228569011 -0.14070061448107102 -0.011836232150616225 -0.3187898603630645 0.09629151046998585
0.00023278136299684083 -0.3674031430838605 1.0611956167336811 -0.3726012558806785 -0.2377622936866922 0.2727822474123974 -0.132193524346659
0.00023278136299684083 -0.2877971766427479 0.43625348834079897 -0.03345768850903312 -0.5761619814199832 -0.6525702993249568 -0.1521844948789268
0.00023278136299684083 0.5913297392463118 0.4547671420504617 -0.10416660575351018 -0.21485827459362036 0.4881462538880307 -0.3925803574213701
0.00023278136299684083 -0.023763506119793647 0.9997766766635405 -0.03295367254770904 -0.363628153625487 0.2374741644160173 -0.046365372977042296
0.00023278136299684083 1.3849013175945704 0.30979835831206326 -0.43750840102535565 0.4711205727637088 0.5730968995339656 -0.3783938265169164
0.00023278136299684083 -2.0792490981957163 -1.0195431049026118 -0.010457963524742332 0.024373070646260275 0.007394560034809234 -0.015131222790551999
0.00023278136299684083 0.10815844170303253 0.37111511309681605 -0.04009546633718905 0.688674453079769 0.883280872631874 -0.6149098790033322
0.00023278136299684083 0.20432791549900403 0.003013107705334543 -0.16996825880631017 0.6171852621669316 1.7503195373726343 -0.8152135931507792
0.00023278136299684083 0.09238735126785949 2.3694289986828383 -0.9817720798857414 -0.22227139366018103 -0.4155223302525125 0.12235658849483846
0.00023278136299684083 -0.33148930256301956 0.044850239438643684 -0.048436405929057194 -0.6499635811818426 1.7823650043079935 -0.6141072130093219
0.00023278136299684083 0.6429408092386302 0.0410669429949221 -0.27142079351709236 -0.3790094984735388 1.0503622288840326 -0.21826252942341026
0.00023278136299684083 0.3325130200160871 -1.1489310964658457 -0.9436188117941037 0.09412415787097493 -0.6580647661081581 -0.26275513460507677
0.00023278136299684083 1.4964079105962722 -1.4517449538238527 1.208051103890188 -0.07505371906846658 0.007609356922590703 -0.24910717774341504
0.00023278136299684083 -0.5901420081745047 -3.5023916124459715 -0.3838608975770326 -0.04521560115016456 0.21530075990483694 0.08613448651426271
0.00023278136299684083 0.10506092512777498 -1.3157500343478379 -0.10421088888758367 0.6330331017602371 0.4864904406923727 -0.03464412971576654
0.00023278136299684083 -0.8782809438925664 -0.18140171277523162 -0.008630560531403124 -0.6158008021882481 -0.9563642750943793 0.14324458921958846
0.00023278136299684083 0.23120445227927933 0.33876234527852545 -0.3471083877298949 1.17197525695765 -0.23743735138812147 0.2763509357497262
