0 30 0
0.9311254519873633 -0.0008534737769612444 -0.0010074439140147764 0.001104685576996832 0.0012407046087044387 0.0009111939388531412 -0.0010451958512928065
0.00023278136299684083 -1.5123451073333745 -2.4833177411052265 -0.3285399188832438 0.024844828364186465 0.1361352109869107 0.05994529122537138
0.00023278136299684083 -0.07128215453280208 0.2749827732126813 -0.06072737918210228 0.9472692253091838 1.7851345825392653 -0.5487198470714788
0.00023278136299684083 -0.04017002034432456 0.9549703065967887 -0.4244763560135942 -0.45487037875988184 -0.4488458720373858 -0.025465973194856533
0.00023278136299684083 0.2232392337950849 0.7891856288272994 -0.09410657254912437 -0.6419649940866341 -0.07484069879122665 0.29368953141288007
0.00023278136299684083 -0.4403771422480031 0.8939687518274076 -0.25223320944711486 -0.03581621492056257 -0.817358083571308 0.21680309376355147
0.00023278136299684083 -0.24138799589593363 1.20002346426035 -0.10046494046045755 0.15483381622281264 0.5343241249816528 -0.20851148596926147
0.00023278136299684083 0.7549825242369876 -0.7687622498395872 -0.17266764583173602 -0.2822938676855008 0.44017932513514224 0.07440539515690782
0.00023278136299684083 -0.05390656487672897 -0.19919976760294336 -0.012847847901943175 -2.4185575043596135 0.29191715219803915 0.9851657645532319
0.00023278136299684083 -0.40905091087632506 0.9487134613465269 -0.3434013784909667 0.6173968724161278 0.05201506510579373 0.14578509216561122
0.00023278136299684083 0.8181188710077135 0.18640623914746857 -0.03625217292583315 -0.15994005451789356 0.4624283034981287 -0.3012211318400417
0.00023278136299684083 0.701639516338105 -0.42884684621924457 -0.17639915248255528 0.013473705518355155 0.6848950578467745 -0.012323994241796895
0.00023278136299684083 -0.2742275159763505 0.36185909120145276 0.036790307285994736 -0.8230521937904538 -1.3709539991288548 0.025233482041643388
0.00023278136299684083 0.5984298308562458 0.7477136694178613 -0.5744456898020982 -0.29367476753413374 -0.6795816234587936 0.22413760608148645
0.00023278136299684083 0.8037957215451627 -0.2577754653266566 -0.0913599433682976 0.1816265491036164 0.9912304776373314 -0.22818959452876267
0.00023278136299684083 0.6366332381023181 0.09757385167521866 -0.12050667930662015 0.021986089151597846 1.125054243067318 -0.05930325664491179
0.00023278136299684083 1.9775051420735879 -0.8265479030640512 -1.037126331276799 0.4999301496334606 -0.21591615672808034 -0.17753736939028525
0.00023278136299684083 0.39218645735216695 0.29044276388519713 -0.24337332806852371 -0.3279492833307394 -1.232712120924445 0.13547596518272448
0.00023278136299684083 0.059818921805524825 0.5364103837445289 -0.11345330811312845 -0.1520383663818462 -1.3479056520092378 0.28846030936603734
0.00023278136299684083 -1.0629417754528243 -0.19342468762765885 0.24388545212569884 -0.2901516165870231 -0.25946148896907134 -0.11758761745261834
0.00023278136299684083 0.037726595007093716 -0.062320852597048344 0.23246735480934103 -0.08969407205684642 -1.9645932546421452 1.6533550480771473
0.00023278136299684083 0.44800078685479716 0.09895604050115464 -0.010716925212860376 -1.093211264643954 0.7080471700816281 0.11294777158148375
0.00023278136299684083 -0.47132070910848634 0.32329661176031055 -0.09362499264110045 1.2622833694884432 0.324199172304188 -0.11113889231544337
0.00023278136299684083 0.41435786225453997 -1.1478098952870215 -0.052819422997104924 -0.1847380346307408 0.1366254940247291 0.11208578230529365
0.00023278136299684083 0.420759515078119 0.12327543583247129 -0.09329690725283253 -0.7238048834041824 -1.307815663555066 0.48760882902870495
0.00023278136299684083 -0.23378896318655398 0.08814048157514245 -0.2022578670084957 -1.086199222668547 -1.3841639721673453 1.0429940690320627
0.00023278136299684083 -0.1350379109368456 0.8095784451282488 -0.12013391330513688 0.29578317113753794 0.08629958358564035 -0.08043881839030549
0.00023278136299684083 0.5414331191758175 0.64292982042515 -0.06726019348773273 0.4604584300685861 -0.3647237581380521 0.014660390843015412
0.00023278136299684083 0.23525570413365754 0.5448576118873405 -0.0007236370668079067 -0.6858702241373829 -0.7370305164652786 0.3744356330777643
0.00023278136299684083 -0.7041511609993454 0.4844962324741382 -0.10866970913215379 0.30112230226426984 0.8026421421811817 -0.19596766868392904
