0 10 0
0.9311254519873633 0.0004356350523593001 -0.0006630562281627997 -7.127449216283214e-06 0.0012851183106706847 -0.00015046884318340305 0.00015076684502455718
0.00023278136299684083 -1.3452863345742294 -2.5595928442923332 0.06883742380770434 -0.127757809595332 -0.01795385884910436 0.01203585403581874
0.00023278136299684083 -0.2584156154381278 1.3972536070467843 0.08359398618686027 -0.3559199240336015 0.13820350564915534 0.009645689155435339
0.00023278136299684083 0.11377614655712612 0.004319958725237589 -0.001133024010538683 0.7817889029440133 3.6530194906887337 -0.6534845822633383
0.00023278136299684083 -0.2768483690855186 0.5164339666516703 0.030454323636886896 -1.2093894382130503 -0.02776846310221395 0.2702131777644819
0.00023278136299684083 0.18031204468406584 0.11943403075973143 0.012778112921095451 -2.1870364206003408 -1.4697238626433076 -0.15779079088717674
0.00023278136299684083 -0.6981461102455282 1.0332320765074232 -0.10146319685873402 -0.4665428399895406 -0.4471337367385555 0.1362187921125419
0.00023278136299684083 1.203444804987107 0.137241395034512 0.13230604550432393 -0.5809662513795865 -0.5714063634312637 0.022922313596882116
0.00023278136299684083 -0.19022228081241738 0.7497328840211348 -0.14267480156455392 -0.5120772042886678 -0.27162277389213313 -0.18817027742323597
0.00023278136299684083 -0.4711544955128057 1.2541698381988131 -0.05418907275789809 -0.4825722575266342 -0.38373856494769826 -0.05465755618963787
