0 10 0
0.9311254519873633 -0.00010743323965469863 0.0010808417660018146 0.0003634058960726831 -0.006756050966075505 0.0031514340551614477 -0.0075043045304624915
0.00023278136299684083 0.8934870267598432 0.16918315668266806 -0.37467781419760793 -0.6125924755688222 0.5684067850764762 -0.521464982948102
0.00023278136299684083 -0.30384659048305485 0.6131198650159035 -1.4758320698943947 -0.08334848548051699 -0.21884816021014006 -0.1468908844772127
0.00023278136299684083 -0.09890590770417317 0.42664815075475826 0.17924959150342734 -1.7435030706258272 -0.5893719793182911 -0.01127179181558523
0.00023278136299684083 -0.4627430837947769 -1.1132243847530556 -0.16539375300867984 0.5573669191651729 0.022385880290005662 -0.21486866671883412
0.00023278136299684083 0.6041861149729887 -1.3662461378066542 -0.09868928324585347 -0.2507626559044345 -0.4112264837630937 0.22500689653260197
0.00023278136299684083 -0.3604214981923256 -1.3780689189790278 0.22699632439902437 0.2900980206314039 0.5372865649580605 0.02759111011537821
0.00023278136299684083 -0.00024396934984005186 0.0011707622141303954 0.0003277094083259235 27.695699514461694 -13.965973450621313 31.11108465740346
0.00023278136299684083 0.15720001192951288 -0.41055861404445365 0.09976384316693357 0.7175370692075195 1.1092173975722317 -0.059411088069540305
0.00023278136299684083 0.0010208544489311731 -1.2653909431043815 0.15463186757800784 0.4537090284158346 0.34238722537027266 -0.39255712817219784
