0 20 0
0.9311254519873633 2.144693511963707e-05 -0.0007149760952357744 -0.00041653894314841217 -0.00030156996652674775 0.0016305562110065662 0.000996997530428199
0.00023278136299684083 -0.7107747703461633 1.2342845323560265 0.09291706274605399 -0.026812272812082576 0.6252175989006684 0.20504065938930002
0.00023278136299684083 0.7919497667358322 -0.3371273879438061 0.09184502171090136 0.2998581402096506 -0.19838858853089988 0.21667950501103286
0.00023278136299684083 -0.6686870076365949 0.6134699979160015 -0.004894925571037119 0.27376781922348203 0.16396725669768508 -0.23682044591586957
0.00023278136299684083 0.6770691030586047 0.910574260900372 0.13887355054715955 -0.12230584777138886 0.699092969489468 0.06896089821481255
0.00023278136299684083 0.03823809118653221 -0.11149082388838367 0.036593366604338234 1.924219905711656 0.6630221740169937 -2.9919701722578793
0.00023278136299684083 -0.5627747276935933 0.05926028556039818 -0.013668465226139091 0.6135822088805963 -1.1752148286104973 -0.04537787721551095
0.00023278136299684083 1.0185311782186897 0.1426887954100293 0.1743150466330123 -0.5229888916374571 0.6276891343619565 -0.16030836143757554
0.00023278136299684083 0.1529207465093195 0.4414164154456576 -0.059476070082678245 -0.9304100856802188 -0.7044108076279115 -0.33380260654228655
0.00023278136299684083 0.39545480209405987 0.1887240468231663 0.07269973563289002 0.06334240043214981 -1.7365636673535572 -0.43382183254156065
0.00023278136299684083 -0.4174476158050893 0.32652213710541333 0.15557569585117487 0.8622998020635896 -0.7585999812364226 0.23796419577597622
0.00023278136299684083 0.16704667538399273 0.41963406944494724 -0.1917867174391488 -1.3719840559662775 -0.09341004359963506 0.17169133647703266
0.00023278136299684083 0.2373418806876205 -0.1210387427322525 -0.0806486053304326 -0.9405484459439926 -1.7027134567284068 0.833145297261086
0.00023278136299684083 0.09726753465323448 -0.05518022666724355 0.340844036199076 -0.13667854807059238 0.06759195126900618 -0.45314366398436706
0.00023278136299684083 -0.15722611783069865 0.19242301419984134 0.05415033231793341 -0.6288673972656375 -2.170386412806379 -0.44823255895097797
0.00023278136299684083 -0.23384810248671004 -0.24187567026703513 0.10337258444563642 -0.34419257395379604 1.796470993782595 -0.6552949807011716
0.00023278136299684083 -0.507478936066163 -0.6437714157399217 0.1299414492696083 0.5383265112642467 -0.9378147486453418 -0.024054790961546866
0.00023278136299684083 -0.6105370858995028 0.4065865605387821 0.23549432074900598 -0.19781492663336686 -0.893432501298379 -0.18600556062799853
0.00023278136299684083 0.7185293638828639 -0.7340568049821918 0.4084016380019873 0.7201941394007157 0.07527876578722013 0.2934369036022278
0.00023278136299684083 -0.5113625191295751 0.1688613374681239 -0.018393284465696283 1.1332919846557095 -0.8696206518944328 -0.04607606630752002
