0 30 0
0.9311254519873633 -0.0007627397046045366 -0.0013201473491826312 0.00042325622773980363 -0.00024293693996349085 0.0022019934718161462 -0.00031244964550899344
0.00023278136299684083 -1.2535523141514924 -2.160855442157782 -0.0558920327478886 -0.12545611415903693 -0.03757500893415506 0.07042053735384296
0.00023278136299684083 0.055285057250514066 0.8835521374814368 -0.19981108309168127 0.0072292842915573354 0.43931735022114554 -0.0950346749225815
0.00023278136299684083 -0.054247067479390794 0.5170915083951746 -0.0392816399709908 -1.1467678092086502 -0.6302558440231651 -0.04984182471483619
0.00023278136299684083 0.5360649229019593 0.0631472677502709 -0.047500817768842137 -0.7475381495000459 -1.103727823483361 -0.0287471869672631
0.00023278136299684083 -0.5316123888090352 1.3507274714791602 -0.09475713119175425 -0.20171373295990586 -0.41176888461321365 0.005122261959475193
0.00023278136299684083 -0.2643652684081633 0.8483548890594621 -0.13632436542841328 -0.020268059226084382 0.3003468846924126 -0.0846487712525249
0.00023278136299684083 0.4959405532293112 -0.46280022358143746 0.015225585552216111 0.3723376004944737 -1.0242432871515217 0.09835003708391621
0.00023278136299684083 -0.3899904805529571 1.125589437864133 -0.30926371699047317 -0.19680217527663676 -0.6800679053525441 0.1183305159011094
0.00023278136299684083 -0.09943529006904264 0.28761112386683657 -0.15759652495328041 0.5310269507630355 -1.5714641509750555 0.4241070664801739
0.00023278136299684083 0.7356468760690272 -0.07566945435943642 0.16666781995372948 0.8189960563267533 0.2507223426536222 0.03936309454398023
0.00023278136299684083 1.3296275898817451 0.10550668674402178 -0.1412415885475632 -0.031356850601605056 -0.278964406546524 -0.008603705327078286
0.00023278136299684083 0.4149992831466437 0.6772665166299507 -0.13588402955569903 -0.22352871669793778 0.4405416791831629 0.09104863195669004
0.00023278136299684083 0.6385276283737483 0.2428442110246429 0.12924053194900784 -0.9155380978461554 -0.7737772194571527 0.08542830618575652
0.00023278136299684083 0.21932527489320233 -0.20396494205394117 -0.11610833737536008 2.093678984262698 0.02602140404718526 -0.1427080499801301
0.00023278136299684083 0.863551407274591 0.8947452368135055 -0.14553818922302328 0.23700271513383306 0.5254487144511436 -0.15605494112967838
0.00023278136299684083 1.1973210067301123 -0.07936491388129462 -0.19874643185105936 0.45662295953498266 -0.14208517187951047 0.013387212434729083
0.00023278136299684083 -0.07546323679948931 0.3112797943352534 -0.0231576754499602 0.6472678432087682 1.9342503115948366 0.17354907431294891
0.00023278136299684083 0.13129111178872846 0.07804472926058173 -0.10919246675024367 -1.772924231887918 -2.099498664510412 0.7255068698932263
0.00023278136299684083 -1.194511213864534 -0.38910432380240983 0.189612735684531 -0.33515698592438814 -0.4433686419953102 -0.09982381435149124
0.00023278136299684083 -0.736724893784068 -1.1102763307582346 -0.17863063323355527 0.09526512546047174 0.632341663077491 0.06759714517954135
0.00023278136299684083 0.6631373404571691 -0.2520955110269833 0.07024759530364925 0.9837679774988245 -0.28615663720464063 -0.15207476108047
0.00023278136299684083 -0.43840388118822865 0.3778127436921882 0.03316974218294043 1.0118230024669115 -0.8789588673259953 -0.07093585609364192
0.00023278136299684083 -0.3431381019548791 -1.5012042963866183 0.08781899713877057 -0.18259093806969875 -0.0991174020793816 -0.07111359906679506
0.00023278136299684083 0.15564736258774647 0.900541725863593 -0.24693919281854465 -0.5980276139279856 -0.3633692689722766 -0.18411257635086786
0.00023278136299684083 0.7506985659077298 0.3614173312792612 0.05102262232377052 -0.6858543810267016 -0.5907400414291851 0.06534223404892717
0.00023278136299684083 -0.05945069434414621 1.3179491880610874 0.014537169354152482 -0.4741912598323952 -0.18044585578793568 -0.0727170525047264
0.00023278136299684083 -0.1614278874847663 0.33359938968324254 0.05222377524787062 -0.3361658090109838 -1.8072461875507888 0.18966957640907325
0.00023278136299684083 0.29260937589922176 0.19252858922524277 -0.07248607030556066 1.5100849763349915 0.8099414937828967 0.016283913440427622
0.00023278136299684083 0.17360818091692237 0.6463148562276879 -0.09443955839595852 0.20052520923279196 -0.7640744616963754 0.2827089185942412
