0 20 0
0.9311254519873633 0.0005308762213692807 -0.0016252145087066754 0.0004586017601926766 0.00022434615853391017 0.0010280890961998819 -0.00048045902228367694
0.00023278136299684083 -0.06661164586944497 0.9623336471719547 -0.34330325953621194 -0.3979424086871869 -0.6360156164399452 0.24661155291524336
0.00023278136299684083 -0.10293922169214154 -0.019535159609585483 -0.47797483770881505 0.02841918706569359 0.10295816044616159 -1.3994125906272108
0.00023278136299684083 -0.17586303450752144 0.6709224295669319 -0.16659305948960615 0.0945567820147829 -0.029028383306160362 -0.14801431666647177
0.00023278136299684083 -0.862896485758405 0.07439095916630771 -0.0706952370971711 0.21721614165317663 -0.4727617198342261 0.24888799218574345
0.00023278136299684083 0.4329948408418167 -0.25954080431656773 -0.06767412078706624 -0.9438043555039722 -1.0855672796024596 0.04869888185973277
0.00023278136299684083 0.6046317959274463 0.5377246657071202 -0.11009087464372845 -0.2614205706217213 1.0332525661783292 0.05781102756578995
0.00023278136299684083 0.07078009936538172 0.1227932981279212 -0.019842305114222133 -1.6913491974297905 -2.9925350150257057 0.5010973186022538
0.00023278136299684083 -0.6424205750218825 1.4765742516816778 -0.33715881075926807 0.3016306880228096 -0.4603580629109838 0.17089532223687343
0.00023278136299684083 -0.7328173665007771 0.280630887072392 -0.06961668036113992 -0.025466850343553338 -1.1664788576961116 0.0131588241961985
0.00023278136299684083 -0.37169368092782684 -0.23904109876419027 0.20542206086284756 1.3585006094858456 -0.7844823680070033 -0.18257097813805773
0.00023278136299684083 -0.6132547813778478 0.5447602317724827 -0.03203391993552004 -0.41000802217501064 -0.6686804790262714 0.09444089566406645
0.00023278136299684083 -0.2605051830016249 0.44439126801188955 0.05470036651727841 0.6367994215014615 0.04963475197716537 0.44453030066415006
0.00023278136299684083 2.9669571810013706 0.8963952249245593 0.03624865528380772 -0.311107119978811 0.05201236865428275 -0.09436462589384269
0.00023278136299684083 0.17447180525667194 -0.11766403002643785 0.11955500781766001 0.1943804460979146 2.442021072935327 -0.3907883409409777
0.00023278136299684083 -0.6421364061860376 -0.4747541928405796 -0.06050598577049128 -0.19977212725904436 1.1332487603191572 -0.12921697245089817
0.00023278136299684083 -0.7241531319262509 1.5161957421788244 -0.36502044785067783 0.3465837102903354 -0.2258381740660155 -0.12379277434816091
0.00023278136299684083 -0.6715622123859047 -0.16547087045278236 -0.09004886076291206 0.613974969016704 -0.8023974835856476 0.15132422962593983
0.00023278136299684083 0.18073477625220893 0.04179702655754245 0.020966887276084995 -0.42183192239624767 1.1837724851282851 2.433866902971051
0.00023278136299684083 -0.6872216589561374 0.2079545588954193 -0.06074161871159331 -0.026744014889028795 -0.7851131109377057 -0.021326560286714716
