0 30 0
0.9311254519873633 -0.0007876893926906027 -0.0014331117801602074 0.001184717174264258 -8.043616565405796e-05 -0.001539309035034018 0.0005909473488194411
0.00023278136299684083 -0.6636808838703863 0.3654004194380402 0.6844420269120493 -0.6476878741797343 0.1989862761900847 0.4730042080069968
0.00023278136299684083 0.16200647761503564 0.50546775068598 -0.0414264654595168 -0.7953055423277209 0.33252883654603244 -0.8849016143439316
0.00023278136299684083 0.4055947032610966 0.21640879983950226 -0.172582641837595 0.4386284523638413 0.728217388551843 -0.5794659460224004
0.00023278136299684083 0.1990890073656202 -0.12106242560283292 -0.002447096119972683 2.4752362019730088 -0.13310598133278856 -0.4205666079282495
0.00023278136299684083 1.107586053021976 -0.07676874748507997 -0.6072142223878262 0.4124311506145352 0.4134237936186071 0.005591711398057344
0.00023278136299684083 -0.6760931058854615 -0.06472054446660687 0.23273929888844389 -0.6028109586929549 0.9043278164683031 -0.5321671689538423
0.00023278136299684083 -0.01844921733929229 -0.2876864143362074 0.05551199049155426 -0.2046483367380117 1.9282380473685643 -0.5094585583061357
0.00023278136299684083 -0.5304908971033426 1.0498894093373967 -0.273797771078543 -0.4911293379637807 -0.2763010276077841 0.282174580328209
0.00023278136299684083 -0.20614296948433544 -0.649178131419475 -0.6623264954827356 0.7205792198790708 -0.5932182960568012 -0.40426267017202977
0.00023278136299684083 0.02454517328239326 0.394232770559299 -0.7385994176263447 0.9244612425336775 0.28061173644990445 -0.3112615441541044
0.00023278136299684083 -0.09872093438071705 0.5181329830603905 -0.5595479563336991 -0.8977811154809513 -0.32684400669750663 0.12029765157104988
0.00023278136299684083 -0.4964753797904923 0.019514113991951264 -0.23140662533352663 0.042947782290577836 0.8298927519455878 -1.2492658723894048
0.00023278136299684083 -0.2955044421872031 0.1559521332501195 0.28605202372191096 0.23384211860094611 0.9763279226011127 -1.4088289435667793
0.00023278136299684083 0.453754645187032 -0.6777246819204938 0.013442496488711743 -0.6705476872107012 -0.042280163607229394 -0.4665628276132077
0.00023278136299684083 1.3629103049370752 0.40134398746079064 -0.49418577585620893 -0.09086372170370809 -0.15714215729598502 -0.3034186244907904
0.00023278136299684083 -0.2088191173241032 -0.1299830388126735 0.09937953760212469 0.21423033677405817 0.14671755302919393 -0.10250032594977548
0.00023278136299684083 0.03133734502606559 0.3106631245144928 -0.3129344909018158 0.4848958975186286 -0.34064698502795726 0.6491528318294919
0.00023278136299684083 -0.5440668622197091 -0.3619064086770312 0.6835557933797907 -0.2335621178939486 0.8874197986931984 0.15611920899797935
0.00023278136299684083 0.14336470089686273 -0.34896405423998755 0.734897611214652 0.1604077625571169 -0.1242870113432339 1.1186992695243823
0.00023278136299684083 -0.13051545519727076 0.4724230367808954 0.5183135184021329 0.4854791293797817 0.39930535330933836 1.0370646822331888
0.00023278136299684083 0.11983485916253739 0.22177434590316839 -0.13651612455608303 -1.3454745639576968 -1.4564296347058088 0.6977617772603101
0.00023278136299684083 -1.8055924103845664 0.7873961565641827 -0.23515498302468005 -0.07121186398804653 -0.22426650875611065 0.1004735724876025
0.00023278136299684083 -0.2819138161876241 -0.44656547899299753 -0.5824411780067382 -0.11063365609542798 0.8279478643338674 0.3725053321927596
0.00023278136299684083 0.7793353290810978 0.52210600759371 -0.488471532143186 -0.08094144277259596 0.3887626754986803 0.5201943146330394
0.00023278136299684083 1.1020508803398055 0.30755463982793 -0.2406908690510912 0.5686988559321366 0.29886531876024935 0.09498946476186562
0.00023278136299684083 0.673704370188497 0.3291393845783269 -0.4629077200404572 -0.9443365540424973 0.07730260737217592 -0.34774979860063904
0.00023278136299684083 0.07829216792316682 0.7522704200754563 -0.41244469173028414 0.6746502789171511 0.5473247722071047 -0.27937330376931946
0.00023278136299684083 1.6678621924569301 1.116800140060595 -0.8997809646415671 -0.0732557687978545 0.09499499332118333 0.04160318208519704
0.00023278136299684083 0.7959548523538911 0.4505374230926061 -0.4923259725465015 -0.2545532248726695 -0.42943759369775575 -0.23363737632728543
