0 20 0
0.9311254519873633 -0.0014705464972875567 -0.001022727890615943 6.404543360345917e-05 -0.0007696122405108949 -0.002279076862880107 -8.340383811902359e-05
0.00023278136299684083 -0.7633751656196436 0.5026175531248039 0.04290927699289791 0.6721286366989053 0.8507145802985798 0.07674728464057926
0.00023278136299684083 -0.06481930719668898 0.05116288320605684 -0.00471203167229389 4.5136605733925785 0.9279130253680263 0.12417240296103192
0.00023278136299684083 0.4448567776159807 0.3598902281421127 0.06176310876957687 -0.7602156783796858 0.9044710067406502 -0.09925229394603682
0.00023278136299684083 0.7566517544214238 0.35892336102885336 0.03564003874102517 -0.3535972714457744 0.8756208445169631 -0.06146275663461628
0.00023278136299684083 -0.027758538872661373 0.46280446009979465 -0.016697065802453896 -1.462392892825978 0.6789382558676283 0.009205919197844557
0.00023278136299684083 0.35704123040414903 -0.20147594925828885 0.14116415766559215 0.811842657963079 1.1779403665650587 0.3889897568640442
0.00023278136299684083 1.063954230758422 -0.1765094852811516 0.02401284426483625 -0.04449984130031153 -0.687164056460978 -0.018592325621914214
0.00023278136299684083 0.28937925808333 0.0437871889852928 -0.02881285240725961 0.25207088576725434 2.0302058489588752 0.03367046288608643
0.00023278136299684083 1.0600174125891453 0.8919679119409812 -0.18915912066916682 0.2326955871871415 0.423134222623885 -0.08300944657153904
0.00023278136299684083 0.45899762047197784 0.10488770423893655 -0.039964715981964584 0.26189717596504036 1.3858561752632998 -0.02128695447543539
0.00023278136299684083 0.3382704490781051 -0.389265255155624 -0.03827677081968403 -1.1061427446723955 -0.5396551768295109 -0.2158359286125188
0.00023278136299684083 0.31858246111100996 -0.15350855301864 -0.00923039057015632 0.780338149961667 1.6585874387153363 0.04293870300038377
0.00023278136299684083 1.6439649820467226 1.1951804307827354 -0.015242588998167952 0.37389297916907244 0.10360788649414496 0.01225657486165283
0.00023278136299684083 0.3953937672047015 0.14231511888953916 -0.03199098558423032 0.9637661399005515 1.3707773524889335 -0.20879063292676034
0.00023278136299684083 -1.5776884182255704 -0.15453849319365418 3.723828351274405e-05 0.24398984454833414 -0.28401677429628785 0.01594197246892623
0.00023278136299684083 0.09857525683650259 0.46166024354081625 -0.0851247979415315 -0.3329896702806862 -1.565423383717023 0.2834413916568749
0.00023278136299684083 0.2036578774209536 0.4209768029190776 -0.025060491077520557 -1.0078857197767577 1.1440219829036282 0.10003660856030973
0.00023278136299684083 1.049779368515145 -0.25275083391230957 -0.033370838024319886 0.07233925160238765 -0.7007313613936271 0.09297072756513011
0.00023278136299684083 -0.16329502749239222 0.42278624538475856 -0.04406574958252667 -1.0324491014308423 -0.6384907825871505 -0.13852611339794849
