0 20 0
0.9311254519873633 -0.0009556121880974725 -0.0022175653789853534 0.00031500240350243843 -0.0009530451372081341 0.00015143022767784506 -8.74356589190109e-05
0.00023278136299684083 -0.09614084093966195 1.1175771303291782 -0.1599829132704464 0.5784651929887475 0.7208551953150474 -0.02821934167321017
0.00023278136299684083 0.23074182512255242 -1.0764134251400532 0.12031159956737654 -0.20624142341975052 -0.0568733130298976 -0.1669928780363921
0.00023278136299684083 -0.06041131098921011 0.07344825711138406 -0.12072540400391134 1.9026834030100974 -2.1995288851775423 1.1152681891420724
0.00023278136299684083 0.20460383786582864 0.8834660947718743 -0.08721629915431076 -0.4334730580558298 -0.569938270287837 0.13057851744738178
0.00023278136299684083 -0.32253917884814515 0.5961526373332334 0.010486233052396819 0.9790567823208725 -0.29985671097325295 0.024259333039533395
0.00023278136299684083 1.373165252450096 0.5249884211419054 -0.236974245664744 0.17185549283483098 0.6998500992494467 -0.11828978218884638
0.00023278136299684083 -0.17807523787840726 -0.7626136796462962 -0.05428331736511236 0.8993501901739636 -0.5489184922485478 0.01657079323875436
0.00023278136299684083 -0.16586697204460144 0.6552640762036552 -0.22161522519942736 -0.7047883920746649 -0.7718054445253291 0.11514846778413511
0.00023278136299684083 0.9683095217578068 0.9979015009468736 0.32176773532457187 -0.30815741912172834 -0.06990115167661287 0.20732045830940765
0.00023278136299684083 -0.6271942187320145 0.30542642073431603 -0.20879557660773362 -0.12513975320982834 0.20481135877805837 -0.061118824064258205
0.00023278136299684083 0.13129367051363214 0.3807545994349999 -0.18708507826109436 -1.2823590532312463 -0.6705500855803671 -0.20478307857354883
0.00023278136299684083 -0.47563290104954503 -0.04452106924008503 -0.2887395011089207 0.274584834134929 0.026874917892717926 0.16156670072314375
0.00023278136299684083 1.4468337734026533 1.4200853892911107 0.5664487976829236 0.12768674932152155 0.22963355028136076 -0.16652800645504579
0.00023278136299684083 0.28030949044700143 0.6544552186893312 0.07394048281946895 -0.9483763286811222 0.5443527193395125 -0.021819584377088128
0.00023278136299684083 -0.30492134127276527 0.9301742412164271 -0.23108324221694873 -0.29099167611663 0.16735132541122255 0.06530039455209584
0.00023278136299684083 0.14126665211978276 1.5436826765149003 -0.33190076205950875 0.40501772939151615 -0.32625040013137324 0.03621701844014366
0.00023278136299684083 0.8354644879756008 0.5273193212744026 -0.12585969607480155 0.012988791908370387 0.6638387543748993 -0.07704021302225776
0.00023278136299684083 0.1348171379654289 -0.11841266281761659 -0.04112088893404343 2.947484938944042 0.021499419770392762 -0.3856735092059957
0.00023278136299684083 0.3064251045213885 0.26152636779162464 -0.057582312535465724 -0.1874664522855561 1.628834502506724 -0.2920220194039811
