0 35 0
0.9311254519873633 -0.0012804280310553468 -0.00208171540104057 -0.0007462996095417369 -0.0003150915572421273 -0.0009060403046796363 4.883281292108696e-05
0.00023278136299684083 0.33840192520383566 0.7368550914384381 0.3060190989655465 0.9284998398429933 0.0024849829663275277 0.12019028611318062
0.00023278136299684083 -0.02227756107593208 0.4016327837512223 0.07346507159839495 -1.3427530871520814 0.23538705809425597 -0.09752407799886809
0.00023278136299684083 0.14379844529129643 -0.2038075152198771 -0.0709578251899536 -1.9512423349511998 -0.9430851631982966 0.1810104192459356
0.00023278136299684083 0.6139506334345939 0.49136223708333426 0.08058165214279844 0.3249198015368951 -0.21330816628837693 -0.2866600031291538
0.00023278136299684083 1.1535521993906708 1.0727573344295496 -0.029049750357690366 -0.07389414604589434 -0.08870631463957165 -0.10448980280500908
0.00023278136299684083 -1.0864940959803202 -0.4673947184114748 0.10225949153287259 0.18197230049262497 0.06893864686918584 0.05435410573646058
0.00023278136299684083 0.080760291569979 -0.2651522848243637 -0.028057095867024602 2.3033581346189567 -0.7155811336496081 0.20455774821375
0.00023278136299684083 0.23384267160458172 0.5010030591167212 0.059413534808467484 -0.8381063275532863 0.848548467982073 -0.157911928195758
0.00023278136299684083 -0.47015702214146154 0.6938551749371251 0.17345559547590783 -0.5787352783055238 -0.7780307420589709 -0.10382198413821019
0.00023278136299684083 -0.6923234314629585 0.8270361631746584 0.20450091120024175 -0.10713667758280906 -0.583016417984429 -0.06419751101883658
0.00023278136299684083 -0.10942606482426909 0.050077731091953855 -0.011698083282600635 1.5643475979836368 3.2830469613533495 -0.9361864117502677
0.00023278136299684083 -0.40280512947193703 0.6415002064771411 0.04609669231249479 -0.632917234873705 -0.06117271381048869 0.12085964036071292
0.00023278136299684083 0.6484548135687926 -1.1703234615314733 0.27100606430816954 -0.05351281128346853 -0.6455996376244513 0.12975877239201664
0.00023278136299684083 -0.5772933041569412 0.06566718517156138 0.13252354576924563 0.12383261924661326 -0.9589913294203147 -0.2630218629502821
0.00023278136299684083 0.7026561103487803 0.18147577409807128 0.12725346049660005 -0.22430997395860466 -0.906737916119275 -0.19711846078278208
0.00023278136299684083 0.9401998352801413 0.5885164501800586 0.20273380720373 -0.3825326784016239 0.6493831617404024 0.22449910086665972
0.00023278136299684083 0.38307276788078753 -0.002081485837882048 0.04534137073933855 0.8536128512058535 1.4938276959769192 0.3395012480527317
0.00023278136299684083 -0.38005612183757975 0.28500405025760983 0.06968468569510007 0.43033680711190486 1.1256182908105465 0.4473863013994574
0.00023278136299684083 -0.3394729604798507 0.13977712730715333 0.05727464460771248 0.04646509169474281 -1.4163682238789226 -0.10875016245645393
0.00023278136299684083 0.7492062770023143 0.464521124507171 0.18398023728398574 0.2738646687241573 -0.5430180844204313 0.13796940664978888
0.00023278136299684083 0.5839973381260972 -0.4370930248969351 0.030642912734611328 -0.9183709459588467 -0.6334939564676053 -0.1786963402583613
0.00023278136299684083 -0.483187247129825 0.026123522769508748 0.10932303258813027 0.08056339609954317 1.4270520955097952 0.26913753935733065
0.00023278136299684083 0.6830700650990862 -0.03547923993216954 -0.16408718769914252 0.6052328597880136 0.9493234729874923 0.05857468840732686
0.00023278136299684083 -0.5238646236844952 -0.42000440556130475 -0.01513256637982204 0.9204415348318911 0.7313095011183893 0.023770228625434226
0.00023278136299684083 -0.9564682998992994 -0.8640967183436079 0.08756275609220512 0.33439832769209576 0.5463028186027066 0.040457414108700525
0.00023278136299684083 0.5802887877991849 0.7849283145203033 -0.09503156227026358 -0.47605628838331404 0.7623740515445369 0.24251255238554253
0.00023278136299684083 0.2307113949384446 0.7148666087626494 0.14247311013582845 -0.4228390901142523 1.1215229185725393 0.23976789594066278
0.00023278136299684083 -0.13752459181245832 1.3996359791157653 0.21002890411736508 -0.5929571286921608 0.012949531027263556 -0.04855037844826241
0.00023278136299684083 0.845622226448803 -0.23429405249623175 0.0929681465138569 0.562567449480089 -0.3933206491904061 0.02078707831382118
0.00023278136299684083 1.0237532584278433 1.1580619463724724 0.09483610943822676 0.26152887439838124 0.16858357232683543 0.0028068554338784423
0.00023278136299684083 1.6841120723717602 1.3669714833315205 0.3302155331552315 0.12520752369591437 0.1663348963572367 0.1078129003685733
0.00023278136299684083 -0.4161769214214893 -0.49314818999535814 0.0014283559464068573 1.2455403355864625 -0.3192590077049313 -0.3124977620260005
0.00023278136299684083 0.5791148095998953 -0.5595005897087534 -0.08413100956844602 -0.7752496428019906 -0.49762946016094844 -0.20512390419113163
0.00023278136299684083 -0.47932642378710666 0.8876079430255626 0.24827479391944868 -0.5357101390035006 -0.27150798850428837 -0.09649484350693514
