0 35 0
0.9311254519873633 -0.001789809996631497 -0.003920795539323396 -0.0009192600097370706 -0.0009491706651773119 -0.0013230507782397583 -0.00016199502587591524
0.00023278136299684083 0.4278809711477698 0.6499043876306844 -0.01231558312007696 0.8807097015654574 0.5881726041016763 0.06606988569370557
0.00023278136299684083 0.142996522016253 0.9040685089835508 0.01636938399891676 -0.8753025071652533 0.2899983313363031 -0.013482594570064227
0.00023278136299684083 -0.12932724059138975 -0.2648823538997776 -0.12014976452755749 -1.6476714116748459 1.108611498523583 0.38106703539778086
0.00023278136299684083 0.30189725814958135 0.0455119415837475 0.05076060964067824 1.830215071413327 0.37403075722916085 0.08603847344420558
0.00023278136299684083 1.3695094595746067 1.3057487179297433 0.09886518290900526 -0.14665803026214028 -0.08474289670924984 -0.07549626523411343
0.00023278136299684083 -0.17083940903996112 0.004042780416102139 0.029058095656722287 2.9301202370605366 -0.14801746948082597 -0.5178085616278045
0.00023278136299684083 0.8092221250011918 -0.2653763421153141 -0.01531566954557621 0.4493919043671455 0.8587591313716639 0.1383964101754195
0.00023278136299684083 -0.28897799029462395 1.4797699285879684 0.14501507597828256 -0.4820555993333096 -0.22537737577790815 -0.10574398287435675
0.00023278136299684083 0.158744984520365 0.4462020262900666 -0.05713066870993722 -0.21237907519324092 1.2148951189029253 0.20332910237015964
0.00023278136299684083 -0.8465751811216999 0.8792458297452094 0.21725190851101095 -0.6439487933909543 0.3900846613519105 0.12501402285598984
0.00023278136299684083 1.2339005036296777 0.18982364663571327 0.21682420371000338 0.46775134397221263 -0.05925536833381634 -0.10381700996545032
0.00023278136299684083 -1.4433990985847331 2.3073826546516085 0.19258657280602412 -0.02696781759198668 -0.29480137856156424 -0.04311140802787419
0.00023278136299684083 -0.6802997261122884 -2.3289477697043552 0.06176238762767411 -0.04897037964703858 0.3092448805775943 -0.004844022357197971
0.00023278136299684083 -0.3071883683082675 0.09201564392200337 -0.013533017130229216 1.0690711085646627 -1.4425528851365226 -0.4410168817116596
0.00023278136299684083 0.9151181670679307 0.5143331466965605 0.1674539582043834 0.5488952079961864 -0.44795232083743997 -0.16310373731441064
0.00023278136299684083 0.28397992923834037 0.6359013860083308 0.0546110012001307 -0.11874226614113745 0.5638210410416531 0.14540749607653794
0.00023278136299684083 0.4999228259363173 1.0383347437265948 0.37860140399849807 -0.7454917624965289 0.1878726001408948 0.012180709107461468
0.00023278136299684083 0.4530750316583321 1.0694137723214259 0.1937410416278354 0.5370115076328846 -0.4724113574639721 -0.00551928339318879
0.00023278136299684083 0.3734623474380433 0.7935855058821653 0.1201673268871409 -0.4347127480428162 0.003306171189670818 0.2341078297609556
0.00023278136299684083 -0.04541677101931044 0.2098348219852205 0.12549300804465263 0.9605318332918443 2.1136983662659845 0.7409307557963196
0.00023278136299684083 0.07818533992975917 -0.14878628628019755 -0.014636402758519417 -2.9364163396528484 0.6957468684642913 -0.2477586303179373
0.00023278136299684083 0.3754416287458914 0.6468236912098851 -0.2711498658953617 0.8730084709944603 0.04819432201900914 0.13902872436997932
0.00023278136299684083 -0.06409954308564252 0.3489433887644946 0.0656537500736127 -1.0679770175038923 0.9922901755822033 0.04915185660683427
0.00023278136299684083 -1.252732036734906 -0.3621927888309387 0.22112668204867322 0.18459160174743627 0.24105855336086265 -0.015492093875800134
0.00023278136299684083 0.1311778589661589 -1.189498591439564 0.5349461620715468 -0.15994597171034958 -0.3114202749523474 -0.027318495522656836
0.00023278136299684083 -0.15530656034218743 -0.07453403534157718 -0.01921075533209275 1.81970210747722 -2.3840540284493796 -0.10265671246879023
0.00023278136299684083 -0.3456065063055746 1.3625726881071294 -0.10516902675336552 -0.3081359337542 0.5732994925196561 0.07469515165013339
0.00023278136299684083 0.328122500508702 0.9753631285538924 0.028492408593802733 -0.7340555797510045 0.030947291950557454 -0.11107976109014682
0.00023278136299684083 0.624242262097811 -0.23466802351880078 -0.11965142526484951 -0.6609205025110853 0.5967110423185018 -0.12743507921120595
0.00023278136299684083 0.6120745262505607 1.0789063573173974 0.2767165136654137 0.273799474830054 -0.012497671470144573 0.08180702905433639
0.00023278136299684083 2.820524326880891 3.3986199639295087 1.2285920742056855 -0.13267305562897108 -0.18499397285801839 -0.060032382617729536
0.00023278136299684083 -0.41929819789193157 0.10179271135745482 0.0032134059166585797 0.3005733673348568 -1.1293816194195225 -0.17632323856069287
0.00023278136299684083 0.3432849457848441 0.1873481237912923 0.047411343436432205 1.5966412223626223 0.4944696738068888 0.2828400682065515
0.00023278136299684083 1.0255431014127712 -0.11342114760518782 -0.04941128282688917 0.4576932915499511 0.8144491503547518 0.2299556936783707
