0 25 0
0.9311254519873633 -0.001282513317052495 -0.0014936447220005185 -0.00010397164880159592 0.0014534107279731065 0.0006604579989271411 0.00023481926045120215
0.00023278136299684083 0.8305823498378146 -0.5947255358950237 0.16141496553186832 -0.12388285779327467 -0.4213729585087253 0.08357890886928242
0.00023278136299684083 -0.070438990341172 1.0288671944081593 -0.05481271297421243 -0.24324489536659538 -0.6685283146498324 -0.013904594647946186
0.00023278136299684083 0.40383308864224915 0.14747662949423304 0.03813302944708976 -1.3369722558102237 -0.7080512315057725 0.00815238489259511
0.00023278136299684083 0.5751285372359363 0.9907119521616591 0.2475563783929506 0.4703642822152901 0.2733154011514035 -0.18891897736507177
0.00023278136299684083 -0.8400582242124135 -1.0102167842727336 -0.15497788116562858 -0.039480001587473744 -0.10092798114961918 0.23763517227238573
0.00023278136299684083 0.927903720457547 0.5601275061786468 0.16665930072652002 -0.4599667797755295 -0.15309373660493733 -0.09902960703249274
0.00023278136299684083 1.2050949146687726 0.9783466881658464 -0.053609358422091 -0.22879394902077807 0.5687468413089887 -0.008578510282525867
0.00023278136299684083 0.8239969683889864 0.4875164525625644 -0.058270229442846086 0.6478376357992641 -0.23712273392541622 -0.11125868654535878
0.00023278136299684083 0.3599587781177244 1.0353240054312915 -0.046601086013172116 -0.1561131252232484 -0.08099943078483156 -0.12631082439859131
0.00023278136299684083 0.3309415712761664 -0.7662960783698639 0.13913301220087582 -0.7434065093383582 0.6132287532162586 -0.018492929630269696
0.00023278136299684083 -0.5980884600496617 -1.2621653351372457 0.06116638189903142 -0.3451008126937548 -0.4898903828940578 -0.04077852252528707
0.00023278136299684083 -0.1356277118519134 0.5871825046389128 -0.08451273536917647 -0.34800475737766223 -0.8257278070979412 0.05370137840905871
0.00023278136299684083 0.6122552223375829 0.29602038707523476 0.011100740213739864 -0.9869550708569338 -0.8164487327374091 0.004245008198427676
0.00023278136299684083 0.6438944761345363 0.7473318956323577 0.023355115322384698 0.28117060963140966 -0.3646201805941762 -0.010438273615214393
0.00023278136299684083 0.044823660918974204 0.5888029779394193 -0.02420319816385037 -0.5880379707328398 0.5225751718329018 -0.008213231507683083
0.00023278136299684083 -1.1331096367851328 0.9901770861456921 -0.17440148411122294 -0.33950112963565976 -0.054032448718266984 0.06651531436371075
0.00023278136299684083 0.19588023214980893 -0.3962413664566852 0.04181023614648995 -0.6385488038435775 1.264910295270826 -0.13579498651319227
0.00023278136299684083 0.19759320626430124 0.9217884122711355 0.06447738063322886 -0.5393993508906623 -0.5463487775247343 0.007717093055248238
0.00023278136299684083 -0.7325832713135885 0.2141591068310206 0.13205650520713402 0.6538869616381766 -0.6115419663050667 0.030496678414599538
0.00023278136299684083 -0.14316975194756681 -0.26165386419851094 0.10440740047050681 -1.4218294257355815 1.2526118778900555 -0.9813038139084369
0.00023278136299684083 0.2943297335230714 0.2529629705910569 0.013890868137804336 1.6868558659995554 -0.4950340177655593 0.021750542785274024
0.00023278136299684083 0.13676329751881686 1.0260689463374426 -0.11845319572291173 0.5455745531914041 0.15002036624898676 0.06454646192818371
0.00023278136299684083 0.3967084507482836 -0.2721114468138683 -0.02472540974968662 -1.3101665889872027 -0.19837702796669476 0.020537209877640177
0.00023278136299684083 0.8034411064909333 -0.3148754167200171 0.005292572011561318 -0.2499285356981717 -0.5151229738949512 0.20486976310085564
