0 15 0
0.9311254519873633 -0.0005708524839860013 0.0004583639628163318 4.5602323496435517e-07 -0.001145380037894411 0.0010760816951818403 0.0010328710083556886
0.00023278136299684083 -1.0098342873676618 -1.689387266516436 0.8050120037526889 0.10850414938303882 -0.02177618811662711 -0.03205772132040947
0.00023278136299684083 0.49196696168567106 -0.8632064046743052 0.010750288143097784 0.541086269131755 -0.43744495215950613 -0.014506595704715302
0.00023278136299684083 -0.25877455623589163 0.4549095964363707 0.08538466038163292 1.2462489196760567 -0.07611210508147408 -0.1527974631547488
0.00023278136299684083 0.12980770011570603 0.007557604395392871 0.001527125707627884 -3.2957715277807043 -0.18243159298937278 -0.04193698028649254
0.00023278136299684083 0.015029486410822553 -0.027752224186564357 -0.04030924217302249 1.3812831098003038 -5.174223979838296 -2.0520754682208007
0.00023278136299684083 1.0839567641494803 -0.7062052087341918 -0.2877446839285774 -0.38743910443306506 -0.09127686333696393 -0.004578243017621114
0.00023278136299684083 -0.8401060765116403 1.7264102436436428 -0.09944828212267648 -0.3788388415454963 0.1571064166075259 0.06069228808498281
0.00023278136299684083 0.6782588748101737 -0.30345100821650395 0.09757478306942152 0.3439219581568565 -0.8125426410441954 0.11065397750163768
0.00023278136299684083 0.9391170376211238 -1.1153811818969268 -0.1563986034071492 -0.2341055302910671 -0.16671704248568173 0.019953123054634685
0.00023278136299684083 0.13149111775151887 0.10921491152452106 -0.08313097060943345 2.768143902901884 -0.2863428871107855 -1.004734254316817
0.00023278136299684083 0.6367185506984513 -0.27311474239144007 -0.09997664049066954 0.3879451052691604 -1.0263528895602019 -0.3012336029522151
0.00023278136299684083 0.02898568601978691 -0.0677639629090499 -0.017584901753388754 -0.45146160293970383 4.511977170099455 0.17810157712377497
0.00023278136299684083 0.17504955589391366 0.6566793245708535 -0.21207588759002613 0.8934700845129493 0.7300818587403931 -0.3217779102982931
0.00023278136299684083 0.08174312089802722 0.2580344676844464 -0.0054037419193440454 1.6585332597356774 -1.428271084451633 -0.5751867599156725
