0 10 0
0.9311254519873633 0.0013145906062444587 -0.0021715895163157486 0.00019316083323101102 -0.0006717472197420026 0.00038320080979943654 -0.00035030241721281197
0.00023278136299684083 -0.8779454565623902 -2.550832541061574 0.2395889903077818 -0.14442495461995924 -0.06734397212601548 0.004663682297012896
0.00023278136299684083 -0.37381924731411537 1.0824557994496715 0.24356765923323817 -0.2173447559727927 -0.40749846217706326 -0.015295611771472185
0.00023278136299684083 0.5053480418975285 0.1795792955637838 0.5328587884118521 0.3220639984536826 0.34329036783243505 0.06814217076710356
0.00023278136299684083 -0.6730021583962859 0.8529701946695217 -0.19783720512159986 0.06088467049078926 -0.20315344334804847 0.3490576092031533
0.00023278136299684083 0.30905478004887205 0.5379712175745939 -0.23874423422477545 -0.5850764448688036 -1.0199164599066284 0.4486783953332175
0.00023278136299684083 -0.1474105427543995 -0.1012148324985322 0.0013553181508422067 2.8189708252946475 -0.2228874549823418 0.44867916557043375
0.00023278136299684083 -0.3317953380815637 0.45912811570892237 -0.049093488410549634 -0.80140507337712 -1.0456417333129127 -0.06909688118414987
0.00023278136299684083 0.3587356661003282 -0.3092976372584596 -0.023874708885916373 1.3786721344199038 0.9314851980218116 0.19719369505119233
0.00023278136299684083 -4.027528169917238 8.535598453112488 -1.2804644523849644 -0.1453515208523353 0.15886272080101746 -0.030812556415243258
