0 35 0
0.9311254519873633 -0.0010468323973055087 -0.0035638395070594943 -0.0007995981721134517 0.0004654635006361443 -0.0017903510356607338 -0.0006253546882400879
0.00023278136299684083 0.3403623629063155 0.8439133780529398 -0.02866148203353332 0.811242506296987 0.47097816144099325 0.1333585932368761
0.00023278136299684083 -0.021850937274920025 0.6855527552567446 0.16754475645526662 -0.6882107504911856 0.376612525407501 -0.08378928204140879
0.00023278136299684083 -0.09211803261142035 0.6400517811371531 0.04071948223766959 0.73070219649863 0.14727956216327842 0.21878520903497942
0.00023278136299684083 0.30110364974642023 0.5475387112204174 0.010192286936134328 0.6157170578921737 0.25263969972443795 0.31816413533783056
0.00023278136299684083 0.5275132217281379 0.7301985275842242 0.13357245705444667 -0.8986598103326755 -0.1576950199259528 -0.1400778086201034
0.00023278136299684083 -1.4358719872329124 -0.36444698975635514 0.26357056915341825 0.47582602913904176 -0.06806581399268456 0.08121804028488555
0.00023278136299684083 1.1036125242749533 -0.21576657697027454 0.13017689817228756 0.6930024115291101 0.5395141612807997 0.11844647372392154
0.00023278136299684083 -0.5287071885921607 0.3045662425559974 0.15144546051429023 -0.02810846151533716 -0.7575260222360384 -0.051154583546024965
0.00023278136299684083 0.18824870847341854 0.10121166587493195 0.059876122974089674 0.2527324846659774 2.424672670760506 0.8961614152625306
0.00023278136299684083 0.6972584208411912 0.1930765323619505 0.18343363481145575 0.37513140967095787 0.9561213531906603 -0.05258534333917414
0.00023278136299684083 1.3404327652728387 -0.3165869853261278 0.10219006752101037 0.4792635674645367 -0.466646811171244 0.12217896788387467
0.00023278136299684083 0.11819249034223409 1.3589562413815386 0.030743380935779184 -0.3910859660229725 -0.33281449882364483 -0.06042509104868281
0.00023278136299684083 -0.7285455265737459 -1.1557207969450187 -0.03477219933304076 0.22707132285053958 0.7686909771562309 0.03205617876611565
0.00023278136299684083 -0.4595033416166875 0.5360748602584383 0.026466144069742313 -0.4198492989949495 -0.0633756485749974 0.11826522192310732
0.00023278136299684083 -0.38069017099144575 0.5414011023455098 0.2718894792353113 0.41267962722805807 1.0576354651069422 0.3821988656013904
0.00023278136299684083 -0.15704477649753001 0.5162804500419489 0.05042549048526814 -0.9540204911318652 0.6122527931435446 -0.05487599771351416
0.00023278136299684083 -0.5584217663859541 0.386150628914583 0.10900682523703979 -0.16929548255317334 -0.20624209357409212 0.18103943855662116
0.00023278136299684083 0.8691103637641646 0.19071875105366895 0.003279934615141243 -0.2823154767683973 -0.7600106748436487 -0.10226700764001995
0.00023278136299684083 -0.17917989485736668 0.6647446733364893 0.11961019081149125 -0.42346205123870884 0.7090103137693282 0.04261855043350057
0.00023278136299684083 0.5697900322664305 0.26852359264029707 0.21481639946920958 1.0703475563286917 0.5307745439682386 0.28111718974626065
0.00023278136299684083 0.7628559448776974 0.45191849471499107 0.1817316745719024 -0.3196045797563296 -0.41137662478966575 0.19190007605691842
0.00023278136299684083 0.15840705119963447 0.9509943106362916 0.21567794158082793 0.5703796663831672 -0.059197464761816906 0.16186698018574966
0.00023278136299684083 -0.3079954886782927 0.45149024379078057 0.0073732925043463 -0.33412397821748696 -1.2427747164978262 -0.10793525806600397
0.00023278136299684083 -0.5125694118758299 -0.18910693328649902 -0.06481758693152113 -1.2457822152460656 0.0355959771651144 -0.1959991403030171
0.00023278136299684083 -0.3904228187406393 -0.4288832772533786 0.0076930797762225535 0.43846962351423935 1.2264074508468972 -0.272306391631146
0.00023278136299684083 -0.33928406723977395 0.9549885966713584 0.18753299549253144 -0.34884239957842167 -0.6045337407497328 -0.14740924588244148
0.00023278136299684083 -0.19217389990821465 0.38229087558218533 0.015700020259710894 -1.5703833692594895 1.0601886731768282 0.20869528916427826
0.00023278136299684083 0.14847211753992587 2.853516986296539 0.4456808875096399 -0.20098146956700622 0.08974921150113296 0.024374791953673838
0.00023278136299684083 0.4284703761731028 -0.5165265510671777 -0.046156653824767774 -0.6171776510453993 0.743687676050638 0.06519981375594634
0.00023278136299684083 0.8959610251809067 0.9795860554953033 0.23488297723113 -0.29886211137124685 -0.28924815947854954 -0.08766153990528588
0.00023278136299684083 0.8297695441374349 0.8015781742224414 0.12097615860944387 -0.3404492396084065 -0.6517426904550421 -0.06831137038622768
0.00023278136299684083 -0.17587489690365316 0.5510811782730665 -0.10167029890018445 -0.9059663574089408 0.024617001149232057 0.03219736194981214
0.00023278136299684083 0.8279871122760545 0.6268644978620677 0.08457787100323305 0.37368414101426417 -0.02854149532930325 0.1375741365990007
0.00023278136299684083 0.5400360842002722 -0.07087316871859754 -0.09631556975115904 1.0490775570870996 1.234767400844867 0.17880008362612934
