0 10 0
0.9311254519873633 0.0004912724937705768 -9.995571048295528e-05 0.0001233809694419151 -0.0005877646862871646 0.00016381510290217744 0.00034799498525703304
0.00023278136299684083 -1.956480649773808 -2.3893488965227707 -0.023413463478846683 0.1601806784899776 0.3221732437966608 0.01308735279349678
0.00023278136299684083 -0.43246397448324664 -0.2621140410378945 0.08492274629062761 1.3970109580321295 -0.2882261371682462 -0.013949191824641135
0.00023278136299684083 0.10035782402994478 0.7729224526821971 0.04990756103230579 -0.7691202109723134 0.397121781839053 -0.17051166218807354
0.00023278136299684083 -0.5187438684987966 0.9476318122828062 -0.19051896970229423 -0.5946678356934397 -0.4985342071704731 0.047342240046796255
0.00023278136299684083 0.13062618558960779 0.12368233760877667 0.09000422442657544 -1.8132297159288695 -1.7102110719529102 -1.2399120904807275
0.00023278136299684083 0.016859160691347765 -0.3277242333887813 0.007906945157140195 2.1603593840812536 -0.049169456002986965 0.13320985478041658
0.00023278136299684083 0.519020845131566 0.769941224990407 -0.08399644466041743 0.7064128036214486 0.7412592910953331 -0.015490247796682472
0.00023278136299684083 0.6360312695598154 0.48172397130003164 -0.20609661528873247 0.06858756911112303 0.9972466850574684 -0.14657726832958906
0.00023278136299684083 -0.46029676732913544 0.2831082140135881 -0.22223986154403408 1.0355251144073507 -0.5669205411026061 0.0008210719708718951
