0 30 0
0.9311254519873633 -0.00030653241698509395 -0.0029054768730317564 0.00045724865967820805 0.00029456205121618304 -0.002274789987226729 -5.514502250317011e-06
0.00023278136299684083 1.295155186876219 -1.469802190566796 -0.20598581325659143 -0.5543960921583608 0.3307194741958638 0.01078923512579276
0.00023278136299684083 0.17336905232683758 0.6807279243369352 -0.4421648743921791 -0.3914029125564452 0.4686106025777944 0.042931828521505684
0.00023278136299684083 0.20061948294075646 1.1571827890911666 -0.3346198280624187 0.40532400510645555 0.15416475105838165 0.288901381808507
0.00023278136299684083 0.2167436113612381 0.37127243798035203 -0.29633834753775634 -0.44707165832164686 -0.7710059600883719 0.6057134332747732
0.00023278136299684083 0.7383641694600817 0.9512267114736902 -0.0011265223172733474 -0.5399451430320211 0.07529862969448925 0.12425810034735588
0.00023278136299684083 -0.09450674743950434 0.9661583549914938 0.09637455108653518 -0.3141756028991121 -0.7684342752105829 0.04529808686687714
0.00023278136299684083 0.10153546703196785 0.29794068660950357 -0.6885921613074005 -0.5554034248723738 0.527739453255778 0.23969829323633704
0.00023278136299684083 -0.48532816711582943 1.4132808645559352 0.7132916179559617 -0.4209590839099626 0.02754020070940468 0.10677370198414414
0.00023278136299684083 -0.09245119250108101 0.4351937157323987 -0.15768566824356325 -0.38511249428133104 1.0132590885473107 -0.568195217212794
0.00023278136299684083 0.48532203583209227 0.7901206599375347 -0.23299915386675904 0.2122769976513447 0.8974204209922456 -0.10681108136249834
0.00023278136299684083 -0.29835482747771563 0.9851954122409747 -0.2248825244621016 0.3833562289501672 0.0009809008963011876 0.034901383861920765
0.00023278136299684083 0.02143448608274997 0.8067661930098834 -0.09453494361039035 -0.5766017846891128 -0.053113934463802324 -0.20043100617090462
0.00023278136299684083 -0.7501924310370013 0.9394998378957355 -0.15988691883733894 0.7731632117534244 0.21923178988826475 0.05539486735413877
0.00023278136299684083 0.6983471332783908 0.5275023987022787 -0.14637259515880174 -0.07332506793142693 -0.5650081217058623 -0.49916130687638477
0.00023278136299684083 0.06699422331809307 -0.5074058976464404 0.010825370579500247 1.5744353604690466 -0.2321786010505554 0.026756209443663657
0.00023278136299684083 -0.5411756919489493 0.30040679660702113 0.31833074130020184 -0.26088408368618693 1.1109508128283192 0.2658911213882868
0.00023278136299684083 0.5378189680410878 0.7554707114485444 -0.1776286387097904 -0.19733772017403858 -0.23141316482265314 -0.2148706222224109
0.00023278136299684083 0.20618902399847364 0.12316493589675179 0.03497887778320414 0.852803061507667 2.3137269102621763 0.25237512139389456
0.00023278136299684083 -1.4630559109812094 0.21758771640857344 0.10177801381870272 0.4307926583915914 -0.13918617836733208 -0.27478152383117055
0.00023278136299684083 -0.7440875829384005 -0.4553315121986945 0.3793835187384254 -0.6800622552568908 -0.04060901788173552 -0.11760108238089885
0.00023278136299684083 -0.7958557481900052 0.4730967054604381 -0.1255115962608066 -1.0197267337621434 0.3134437106205245 -0.035219528684165384
0.00023278136299684083 0.3513175254335212 0.14320956993529696 -0.035917536792917884 -1.5855779250748292 0.7563653566939256 -0.17091055270686362
0.00023278136299684083 0.1185852685193768 -0.6107602374465825 -0.21025661624798964 -0.27924428587907907 0.9746484201641732 0.8545901375352871
0.00023278136299684083 0.41093185094259804 0.37917951680002904 -0.12238207035197544 0.09709421370232658 0.22944900275171062 -0.3105924308060521
0.00023278136299684083 0.3769990996885361 0.3945268721065955 -0.15255090216799047 -0.6299976464676501 0.22416290274926412 -0.21928512637179134
0.00023278136299684083 -0.33943313145052495 0.4048419416100832 0.16366831690545833 0.12257224779807847 1.3034121735073532 -0.41193232961894927
0.00023278136299684083 0.14032779744222734 0.10828932788723059 0.048725909161661876 2.2993558001752263 1.7884671073249785 0.1217657549398639
0.00023278136299684083 -0.7422245448968295 0.5052387014917122 -0.21143018242329292 0.5314808575294727 -0.3743729238855387 -0.05190447791683997
0.00023278136299684083 1.4327412613354058 0.5381265477868091 0.324515337964899 0.05032106705306773 -0.45510958233490517 0.12771563808064282
