0 20 0
0.9311254519873633 0.0002851355457192482 -0.0020083081840279976 5.969044799508263e-05 -0.0008789741816582552 0.0013156816718474483 -0.00011361920695470408
0.00023278136299684083 -0.269266920353095 -0.767164822921462 -0.2848829056782578 0.5208873043182639 -0.7634004296449037 -0.07261817229967357
0.00023278136299684083 0.3065651914511046 -0.29946469958569955 0.25242070064714933 0.7973474344154958 -1.2024940017389079 0.29740017332557495
0.00023278136299684083 -0.8897639084897071 0.5000320024497534 0.28281267897248774 0.40466654014448655 -0.20641898127302544 0.28714145769463845
0.00023278136299684083 0.194465291612632 0.5093463014306935 -0.027171449946583093 -0.6273802196577034 0.6757865106375642 0.2861101083564253
0.00023278136299684083 -0.031600779768387814 0.7364183226395036 -0.2569058744964005 -0.16208798916956524 -0.2710570785730227 -0.3226400395241839
0.00023278136299684083 -0.2072399126332661 0.32682918464090527 0.20205404428956752 1.2537818332253314 -0.7638799804886188 0.18830216581302356
0.00023278136299684083 0.9432037244545917 0.11948298119044044 0.12647681602914723 -0.6824610622893904 0.7400619822054351 -0.11290962609883319
0.00023278136299684083 -0.30590148983298404 0.5430059139075474 -0.05121236992606579 0.9847968620144084 -0.6196221203991541 0.04782572422802266
0.00023278136299684083 -0.3331397348458214 -0.26693501168446715 -0.06519181700630292 1.6743569565429817 -0.39305715333572916 0.1793038376751547
0.00023278136299684083 -0.7184609808425593 0.4164018348522359 -0.27164698862362846 0.20427619485118553 -0.8755534673686409 -0.1235259958412846
0.00023278136299684083 -1.4809603268776586 0.08252687982421879 -0.24048641588787167 0.09339074376592203 0.03751300291032296 0.09454734382264597
0.00023278136299684083 -0.011607084873911083 0.18917626316755307 0.08161261305395878 0.14088439045947204 -2.1399133819561813 -0.9030487654737694
0.00023278136299684083 0.9223994782548451 1.7202749018178645 -0.32805294009318725 -0.1783789051718472 -0.12239308808152904 0.03352843767952107
0.00023278136299684083 -0.4639385218667168 0.5829525221464192 -0.06711965350746468 -0.10276046934799103 0.5000055239762394 0.2820196454065679
0.00023278136299684083 0.7592251911469436 0.5064766080444796 0.09849247609433084 -0.403466249049769 -0.36055952974568733 0.36052238437912837
0.00023278136299684083 0.21916692990723008 1.3913603047198413 0.010836812668883927 -0.2555138610763789 -0.40113025781756523 0.1358022491787038
0.00023278136299684083 0.1337291740920731 0.8509471798151497 -0.1073488873683462 -0.7316821435347015 0.2364702964226624 -0.1336884191151401
0.00023278136299684083 0.547571598112279 0.3234831754788905 0.2881668347964163 1.0685198146464425 0.7678225566185525 0.26193491480172004
0.00023278136299684083 -0.4549891015236075 0.5680828941831911 0.11838453400181523 -0.4832804484536218 -0.10090708973760945 -0.3315305961894261
