0 10 0
0.9311254519873633 -0.0005034462027033053 9.655721768191834e-05 -8.041981621866494e-05 -0.013219012679916195 -0.003275537863668194 -0.005403697921218168
0.00023278136299684083 2.072091194205974 0.38671395784658874 0.399781260422408 -0.269225397308624 -0.3145219840749168 0.011235012755768988
0.00023278136299684083 1.0224128053073274 0.1600165062636319 -0.08050731886250531 -0.12211159783507958 0.8518455500167265 -0.36893034063708696
0.00023278136299684083 -0.0006478245007077122 0.00014054767314789372 -0.0001426749480837978 53.38779983316129 12.718621414647155 21.553746128891866
0.00023278136299684083 2.0115554525848385 1.2783414285581771 0.14118172248203467 0.06681491300247062 0.5431430324543866 0.023391957344775654
0.00023278136299684083 -1.8380988084957905 -0.9695972141670616 -0.35531919159049424 0.02719099412538879 0.10243120870075301 0.03286626232221257
0.00023278136299684083 -1.0640724933987193 -0.13880332547289176 -0.05798902782341617 0.02477436905291142 -0.4266759387438467 -0.14425340570108197
0.00023278136299684083 1.314840078853641 -0.8752468560385722 0.2343558398108374 0.16010663398680067 0.39519108898708366 0.12166624083188321
0.00023278136299684083 -0.5696547433023481 0.21397743269263306 0.04695396058292968 -0.17662118298800256 -0.12419779452919082 0.21863800845855427
0.00023278136299684083 -0.934640850451571 -0.4417713480778763 -0.006635305198770966 -0.22267784553236822 -0.643685122785374 0.16643182060578315
