0 35 0
0.9311254519873633 0.0010207841945484122 0.0002814178001147764 -0.00030950622677123094 0.0007389009729773219 0.0010761835621992755 5.7156681869233805e-05
0.00023278136299684083 -0.5082943934391768 -0.8999155454707155 0.07869407312786247 -0.4056051665055159 0.7988393105773749 -0.012845452480972797
0.00023278136299684083 0.4347649051104005 -0.2008657391666151 0.006440632095029796 0.8200294821837409 1.034994137959493 -0.1535798446167933
0.00023278136299684083 -0.07439312729947103 0.4768148324682484 -0.05527572982223828 1.0793721137187817 0.884085515416942 -0.11527507508560082
0.00023278136299684083 0.5796257106577054 -0.31635357362996697 0.09666379723923214 -0.6035144407452787 -0.833960185810413 0.027844943643170115
0.00023278136299684083 1.1442475729763935 0.9384817655430499 0.2082050069061171 0.12204119670866727 -0.06939103499344372 0.06914464344734612
0.00023278136299684083 -1.0278772845476216 -0.6897673496586992 0.001686970920418378 0.3504351573097192 -0.018753493279975168 0.0052838171641373015
0.00023278136299684083 0.8754068545775029 1.4819107242781704 0.2084228159874202 -0.25849521849711515 0.1296132236270451 0.024665084314301103
0.00023278136299684083 -0.1231159050799694 -0.31604503000811524 0.012315512022309327 1.6224554630528472 -0.6981725337035937 0.27831698840438185
0.00023278136299684083 -0.8536052238457447 -0.011884064683913675 -0.04509987255749327 0.10944288389497119 -0.6510182997649258 -0.057240158804218344
0.00023278136299684083 -0.9830763510490862 0.4105168184082475 0.09631795446562658 -0.5163714853549624 -0.32288089452017343 0.009358613820314374
0.00023278136299684083 0.48824985824288764 -0.286977200630313 0.10750660089437154 0.3270616575499986 -1.3146734878251758 0.1475271668099774
0.00023278136299684083 -0.023930541789837265 0.27971563106334435 0.028709711657299082 -1.938443777932974 0.7688558190307819 -0.21458041487059945
0.00023278136299684083 -1.4412238161011264 -1.7040293700069566 0.023931458889482476 0.09543685896592058 0.267079298754148 -0.03676791148142895
0.00023278136299684083 0.22026483019337992 -0.4133061676888936 -0.057775680346581385 1.2173021065756346 0.6304821938565782 0.1737758573297722
0.00023278136299684083 0.11944818477415399 -0.6680971218237226 -0.0026986279681049164 -1.1347562940920568 0.24799370494814973 -0.2502154017609953
0.00023278136299684083 -0.3935775939668479 -0.3705933010601002 0.04429884724842344 1.2771044896713761 -0.5321677447171216 -0.0036575336410285078
0.00023278136299684083 -1.0590109892004531 -0.015471100573473298 0.014263378953344405 0.3672755079044688 -0.7840505453285276 -0.0022698039999615683
0.00023278136299684083 -0.21573732061021691 0.32399221438584036 0.013702379102335056 1.2922213609225854 0.9948770027912056 0.21215806542659027
0.00023278136299684083 0.3271353889687869 -0.1973660009978387 0.051650355259998365 1.2240657466950615 1.0969908904060963 0.0494776272257409
0.00023278136299684083 0.33652856454319263 -0.45467595729662125 -0.03536263270046109 -0.702372073782787 -0.8444305130216668 -0.060555038364557744
0.00023278136299684083 0.8298156845196364 -0.2965296454540762 0.1617905993810876 -0.34172656648611954 -0.696926709621522 0.013887013844989431
0.00023278136299684083 -0.03591539344038963 -0.4337460463897349 0.12269510911483461 -1.367507089698663 0.36658582048934046 -0.6232747672582092
0.00023278136299684083 -0.1661205697779764 0.9216901545586637 0.028310920999919876 -0.82275473631471 0.02466679401908554 -0.002618166592383927
0.00023278136299684083 -1.2846055933605691 -0.5121678534652683 -0.10517563997516234 -0.04393657202282849 -0.27152245696038435 -0.0009678482025275749
0.00023278136299684083 -0.19289125119564887 -0.409983879743054 -0.03765219849989377 -1.0257040983439298 -1.3766106540446386 0.050028380092932534
0.00023278136299684083 0.07309594430973791 0.9728023408417337 -0.0019005247886997084 -0.8193410787330413 0.17650286515105448 0.008042478858888766
0.00023278136299684083 -0.9975114885304939 -0.017165923722178223 0.04322928587974313 -0.057272376517039904 -0.577843512543707 0.021271632934489585
0.00023278136299684083 -1.7015479267153675 0.33359179209779527 -0.04642522623047357 0.3074293664751038 -0.5812038161071538 0.045073008328543794
0.00023278136299684083 -0.3767494894365935 -1.0609281212998316 0.08321622860997342 -0.33248722499985717 0.5020971375177333 0.010174146345708786
0.00023278136299684083 0.8601493275483286 0.8389037579387032 0.14689835511030772 0.25864348974569684 0.23008195190690583 0.06959925393124604
0.00023278136299684083 0.05139058964253882 0.09185421745004686 0.0025570019065752855 -2.0133525570275914 -3.6374753301911875 -0.092807141910585
0.00023278136299684083 -0.004591173275013156 0.3359367398878681 0.010924004793838841 -1.7327055323988398 0.7881995723009633 0.0353221505375865
0.00023278136299684083 0.4086342526094617 0.24834949894763816 0.015258900822494568 0.9993194298493897 -1.0482471096227604 0.14915740790955143
0.00023278136299684083 0.6318809857940013 0.49563730444183574 0.017701138585990928 -0.30889391367994545 1.0126488345063664 -0.002080448776741202
