0 20 0
0.9311254519873633 -0.0003567265077257291 -0.0015834380596842514 0.0009103280548216461 -0.0034822192024105214 -0.0017087672415904197 -0.003533340004462314
0.00023278136299684083 0.7025139458025683 1.0608373569962806 0.3202872391252164 -0.3807803974885247 -0.12383181683142933 0.6890685264606626
0.00023278136299684083 0.7132906772182022 0.8567207308811698 0.4871397956111696 -0.2829437048803786 0.4123689889369139 0.29948717730822544
0.00023278136299684083 -1.2516898031830772 0.025073956196475438 0.09152200387292948 -0.20024620307232452 -0.6587575536865333 -0.12811301663569333
0.00023278136299684083 0.3508365977729576 0.07477944267672637 -0.06712704029962255 -1.0550161654248658 1.1352326951806733 0.48079713522193673
0.00023278136299684083 -1.9619501378565725 -0.9411743582679436 -0.10540584467155761 0.2618273150911804 0.005991494014271387 0.12344855572633005
0.00023278136299684083 -0.29322471059859495 0.3518980722190517 -0.30327993210814297 -0.7874471214881043 -0.8780857459492748 -0.3944972780158612
0.00023278136299684083 0.2606358916836542 0.27419117024697653 1.382785227333063 -0.10883900626142258 0.2921720169167703 -0.7758525618932115
0.00023278136299684083 -0.21471982404124537 -0.08814510552695787 -1.4515878623198677 0.31621511047572115 0.17962176871490113 0.08818645904084757
0.00023278136299684083 0.3391301370382268 1.1226411586737939 -0.39673811494825295 -0.5072868975035197 0.28418581720239855 0.052594266781371884
0.00023278136299684083 0.6046795723182621 1.1982619105457442 -0.6586207542370687 -0.06929130210964829 -0.4328990376429866 -0.2435663116263818
0.00023278136299684083 1.3843201728776708 1.0830180765961872 -1.8457008589621366 -0.11802699546817763 0.27047158368357604 -0.2078242664063879
0.00023278136299684083 0.27952799381676213 0.10693707368225845 -0.28705487622713116 -0.23150404260151497 -0.6483239098870484 -0.07517659381759832
0.00023278136299684083 -0.0013479173351528193 -0.0020222794808326637 0.000307622942974919 18.234886709484236 6.414561483588039 13.454801165415816
0.00023278136299684083 0.3484140145214963 -0.4032399130878673 0.13404201694714102 -0.9765503471903627 0.007436992261832145 -0.6382543682417776
0.00023278136299684083 -0.3783684030943233 -0.009176023784507064 -0.07724511880299592 0.12203383756517187 0.7808404562201224 -1.3973561305068145
0.00023278136299684083 0.6043478013559788 1.7315837911347431 -0.4583740712563634 -0.25047315409497894 -0.4922528098502861 0.012864499832039201
0.00023278136299684083 -0.4260752990523313 0.41740931356417993 0.04609185963597978 0.3703005852500408 0.3448734774679427 1.171482956248793
0.00023278136299684083 0.3274422915146577 -0.2878363888697737 -0.05692647688600483 0.8896136461377074 -0.06732645198517691 0.23910928400920364
0.00023278136299684083 0.03914303012731769 -0.23800574565370525 -0.39542703403562734 -1.2975950567781451 0.008789518006976048 1.382160518947756
