0 20 0
0.9311254519873633 -0.0007432145875494492 -0.0021297791520974723 0.00040114844604621677 -0.000658685360575417 0.000961210087746024 -0.00028308362924093047
0.00023278136299684083 1.5611127294494038 0.4598099607822849 -0.05786518759156343 -0.13541318630326662 -0.4303747128186927 0.05676762318969487
0.00023278136299684083 -0.1762633922952363 0.06662303083396916 0.0014697634671200783 2.1869737234160436 1.917090340523331 0.2955669059203788
0.00023278136299684083 -0.2060410325805649 1.0157970085349293 0.07963801110173195 -0.5192913406402861 0.09917059936911375 -0.0686249453911766
0.00023278136299684083 -0.6210360812341074 0.39042930341766013 -0.12258320735520829 0.29472174316032923 -0.5035002478321309 0.04031862850046209
0.00023278136299684083 -0.5300654899401985 0.2575648507568083 -0.11782414702491646 0.5346548204529824 -1.1239286033946472 0.3337126469045086
0.00023278136299684083 -0.4114472290970437 0.5714660021398761 0.04726243693634828 -0.462817356791922 -1.1334879223306247 0.1523616888339589
0.00023278136299684083 1.2975178216150265 -0.14780004877545458 -0.4163460771573004 -0.4506902852811941 -0.3918693560639337 0.035064459737082145
0.00023278136299684083 -0.3457488019674499 0.28791801411063644 -0.04236862937627153 -0.6172361068545804 -0.9505014906454338 -0.057500124588868676
0.00023278136299684083 0.04723335586895813 -0.07125768766611744 0.06389969056119532 3.7675701446480425 0.3211094163632992 1.5439447595588789
0.00023278136299684083 0.2921013350131406 0.2672909246542621 -0.07183034857484051 -0.4135407299966189 1.5273500465616459 -0.02392767481689952
0.00023278136299684083 0.584079652149795 0.5540266496347505 0.009870922425591115 0.2665783335100269 -0.11760387438794244 -0.05162405766867622
0.00023278136299684083 0.1398032790564298 0.8698470501227518 -0.008534787632689209 -0.5742467588541894 0.6050899656580493 0.015528936776446442
0.00023278136299684083 1.4797660058430568 1.308410887728013 -0.264964254608217 -0.33879155072701905 -0.20969578781564704 0.012758100647449361
0.00023278136299684083 0.12376919083314115 0.16456741043852807 0.1059909720655906 -1.2896365055975734 -1.7235415905887934 -1.0979768038091926
0.00023278136299684083 -1.4818205695707407 0.3262330670203666 -0.21819890425824032 0.02770775037037855 0.00864229079157425 -0.013886525346807066
0.00023278136299684083 1.1243687238875495 0.8834972491143759 -0.34195351367186905 0.21395776228340826 0.23650516312883524 0.06506842508206892
0.00023278136299684083 -0.5430749695959355 0.3351683488886346 -0.04722120562028245 0.37553404182207484 -1.425336797727155 -0.013319053956763966
0.00023278136299684083 1.00790712034279 0.5942686194552379 -0.20368074729970823 -0.019321836808508894 0.13278671512033322 -0.014188592225132992
0.00023278136299684083 -0.3693032975797698 0.38525596719556554 0.0006454294286538967 -0.2119712195064565 -0.682744504895279 -0.07770988038368949
