0 15 0
0.9311254519873633 7.364953047932599e-05 -0.0006636205215315619 -0.0004751690903790019 -0.0014126193158756051 0.01306261710114322 -0.011821035173157943
0.00023278136299684083 0.1567227514835453 0.6089989768827105 -0.3040410303581938 1.2359359034270543 -0.4808785631770363 -0.44351803950366847
0.00023278136299684083 -0.3801347013631046 0.646234087766709 -0.31975671787669513 -0.8913119197913904 0.25071843989587783 0.33322582114888377
0.00023278136299684083 0.7923210404833143 0.3326669445559248 -0.1299899604258118 -0.07784266814942355 -0.15965373933245647 -0.3225682382192228
0.00023278136299684083 -0.16843564958444587 -0.1317949970932718 0.03298230046926222 1.0666855169993927 -1.3990730480772242 1.1605916105813079
0.00023278136299684083 -0.5852356215284303 0.8672435022475243 0.13038695834834918 -0.24654168593383288 -0.3737968807844226 0.22436640459203994
0.00023278136299684083 -0.24854361693054258 1.8635689437329086 -0.29950791009632316 0.20636290326930168 0.35132314934329784 -0.05929333780777964
0.00023278136299684083 -0.012270460392797408 -0.0016183897674784187 0.49326891744673274 0.4279545762741251 -1.2321683539906574 -1.015465763247493
0.00023278136299684083 -0.42658636541104034 0.2203307623548267 0.7284018435412929 -0.424163562869487 0.46219824665418435 -0.8131771144223253
0.00023278136299684083 0.4272992080944114 -0.036757514354528065 -0.16381094685118977 -1.0375721316104933 -0.6122836481567967 -0.19542424535337363
0.00023278136299684083 0.00012083263481529488 -0.0006579535847984446 -0.0004243969074390149 5.903694550312296 -49.62560192123055 48.437164089777625
0.00023278136299684083 0.44758404046926975 -3.362401746146704 0.9335693980143382 -0.20034919910266616 0.5375053562856383 -0.12215772677876675
0.00023278136299684083 -0.23313937596271575 1.40427036690886 0.7120659559534945 0.189342818244712 -0.7182104867325555 -0.07894867389519902
0.00023278136299684083 0.7837517914321919 0.27617057081106 -0.15006927175004953 -0.18818099886535553 -0.1135232129079783 0.18371048922562053
0.00023278136299684083 -0.8480519953403357 -0.031771468244282564 0.23760122200770487 -0.31353683870181465 0.8629762576377957 -0.004364583465863901
