0 25 0
0.9311254519873633 -0.003005512015997926 0.00020089832550200908 0.0014416464520558003 -0.0005420030287405203 0.001119347241125528 0.00014319888733560466
0.00023278136299684083 -0.24651421913611613 -0.19314444424078187 -0.27669463995617993 -0.6079328572680573 -1.4464808561281421 -1.0815644467828713
0.00023278136299684083 0.4760131756074224 -0.017379016880275825 -0.37824006118336073 1.0453398127269111 -0.6187770921413308 -0.1959650027065073
0.00023278136299684083 0.06589139418370654 -0.30225511587898485 0.0848942758744453 -1.0520618130428496 -1.1120410468692257 -1.0095532577726534
0.00023278136299684083 -0.3896428642027386 -1.2645917325788996 0.07673913544993292 0.467635382225693 0.3185817214058798 -0.13990415403422407
0.00023278136299684083 0.18444269543064057 0.11530028249884537 -0.08698201172020545 2.1175148139656734 1.2690322142468007 -0.007083195746741849
0.00023278136299684083 -0.06957438290488659 -0.7942832427402203 -0.07201985290846688 -0.2216683018309938 -0.20814203566935452 0.4456447545409762
0.00023278136299684083 -0.051710212563299544 -0.2891459886316837 -0.28293876395667894 1.0099667929176201 -0.3963714311475624 1.2560732031139565
0.00023278136299684083 1.8003494751864952 -0.3708012794561825 0.09691966700460525 0.05784924026867553 -0.47398227181631086 -0.2549079992737496
0.00023278136299684083 0.8821348211280505 0.22080674150665458 -0.1332359521354801 0.33871182335339983 -0.05271746315928586 0.06907693648413857
0.00023278136299684083 0.23443277298072637 0.5145239736231985 -0.16024154527913181 0.8227844048263238 0.4582220766588788 0.7325230881893295
0.00023278136299684083 0.15548822451743358 -0.32603195049674244 -0.5093419228807002 1.0891644604483457 0.20785166108090017 -0.8565312884220379
0.00023278136299684083 -0.2272867232309755 -0.17973986350381957 -0.6229443141925419 -0.09143981079833738 -0.6905411798728902 -0.409653751922851
0.00023278136299684083 4.080690394100573 -0.3231501260898385 -1.8841524067477187 -0.07794993395682634 0.08059227739853704 0.10561586561417574
0.00023278136299684083 0.3855573816911886 0.16221897130775062 -0.4336299804328416 -0.6762703869812561 -0.3293177453123417 -0.34311545868307575
0.00023278136299684083 1.4076506252932106 0.5903594966310367 0.08919438517983454 0.41796855982362996 -0.2608964735866758 -0.3040383875022949
0.00023278136299684083 0.3359060780842556 0.6040992092705099 0.1544419485032818 1.1719695001750354 0.12563381585244285 0.05214176735698058
0.00023278136299684083 0.3964890449513851 0.1417999845940469 -0.430886423584621 -1.2025816488561343 -0.43277009355795937 0.08856672509198191
0.00023278136299684083 0.574287839446232 0.21486769214883422 -0.17180799366467026 -0.7738758456654312 -0.0855335795574415 -0.2743568482285144
0.00023278136299684083 1.7094975114117188 -0.0769218908063772 0.1600099109480604 0.3250111421260671 0.13926281515593583 -0.025802938649598213
0.00023278136299684083 0.40392680908339595 0.26659836576023643 0.2552092504851945 -1.194495818192911 -0.5171205258246128 0.3421002078658169
0.00023278136299684083 0.23174331632481554 0.1756914057400534 0.1295499639929856 -1.2527457839353375 -0.7451660793240599 1.3039270095099176
0.00023278136299684083 0.10640277278926144 0.3881527978695383 -0.3748199896060196 -0.08319310587856914 -0.27606065875144026 0.27019213667990644
0.00023278136299684083 -0.5715936033532184 -0.5831610985728124 -1.274618775568989 -0.1400782911514314 0.046908089111457045 -0.29096057557708566
0.00023278136299684083 0.14746573717335684 0.5225935269019002 0.2790102881561107 0.6783897796628324 0.5224448973056871 -0.04521993848739314
