0 30 0
0.9311254519873633 0.00023259313279585224 0.0006638532566460143 4.8581327870864384e-05 -0.000745822744807295 0.0005613156696257622 -0.00041459647906618997
0.00023278136299684083 0.4859341528124765 -1.180232235721573 -0.06868937888291284 -0.3465633998453027 0.8205336537896778 -0.13184976193673462
0.00023278136299684083 -0.02491394755215969 -0.3678653575002442 -0.000694496940489254 -0.907423101656273 1.5878866118373647 -0.4562652390591072
0.00023278136299684083 -0.13338325926776826 0.2537435723949936 -0.06491747041471976 -0.154683776502516 2.038973078033419 -0.0014332997084660043
0.00023278136299684083 0.5006227503650157 0.5372546802874463 0.08897638949866844 -0.10745450843632438 -0.465628942187478 -0.19354220594973856
0.00023278136299684083 -0.5495917770449752 -0.13747141118884873 0.019191152920457713 0.5932737020254819 1.001868361622597 -0.7388948689091505
0.00023278136299684083 0.568530079280307 0.4390040609874955 0.09915627220440636 0.7489562270625423 -0.30249666525773383 -0.2596431957440893
0.00023278136299684083 -0.15182579150917228 0.32999629494258353 -0.5091848303295471 0.16519006004448902 -0.9114466417049893 0.3989214170800049
0.00023278136299684083 0.23696245852253947 0.19362137875098587 0.10990665740190635 1.5700091034615402 0.26511086937790024 0.2822273742182883
0.00023278136299684083 0.7280987043399573 0.47084220532058585 -0.07949894968716908 0.6715789410202188 0.0539203798461015 0.3942275497139514
0.00023278136299684083 0.49179193903547064 0.3942169005198144 0.09995649723246494 0.5422933063960096 0.9470779484758357 0.22094088429781913
0.00023278136299684083 0.25560618689818587 0.5529946524320353 -0.13984844996076046 0.42647800437396155 -0.6634465308138041 -0.23321030952639116
0.00023278136299684083 -1.3689889699836806 -1.026049569046118 -0.29943485630084615 -0.35706264311932956 0.21334174812081175 -0.13119782621293577
0.00023278136299684083 -0.23607003198439197 -0.6376617077470714 -0.0023113226554809098 1.1830350440330528 0.010417977048535967 -0.005497390278177389
0.00023278136299684083 -0.1877689779426613 0.7088903892542074 -0.2458827010630718 -0.9201607254738122 -0.6118291039816924 -0.16522786936847814
0.00023278136299684083 -0.3304387104913898 -0.7549781587678049 -0.053634615547607616 0.7771307176922606 -0.4406315178501001 0.4398369859354927
0.00023278136299684083 -0.8920642837748632 -0.4047909475882432 -0.649237175034059 -0.2574703413757962 -0.7423643831929893 -0.15948289273201746
0.00023278136299684083 0.4416442042978219 0.7381264057443214 0.12441638638789838 -0.6450334175391128 -0.46008352274263187 -0.13259035354062154
0.00023278136299684083 0.43849535899409464 -0.8852812956672624 0.2729226918718687 0.4306251279968435 0.8160070550636658 0.09430116207636303
0.00023278136299684083 -1.0187494868090772 -0.39263386465574285 0.1962733301119107 -0.37441669680243855 0.17563382846816614 -0.006031074545830094
0.00023278136299684083 -2.010313965618078 -1.938433717013969 0.04587771761024598 0.32672139115471965 0.2025706180048148 0.06865008321829703
0.00023278136299684083 -0.7859279710475969 0.5650790673791025 0.09543285345742981 -0.2316024641984625 -0.4157989458464718 0.6548875873635696
0.00023278136299684083 0.6665989776298471 0.17849195564496176 0.24596006753773642 -0.2612838255421004 -0.19188456034531606 0.3479472297357817
0.00023278136299684083 -0.34580946395681555 0.3393892146631072 0.6598093783103791 0.34153195368561223 0.014291748256392 1.0156654740914788
0.00023278136299684083 1.0396946248594996 -1.4741133171490408 0.3250855790629584 0.41665465853920014 -0.09004022053694782 0.15926197129411754
0.00023278136299684083 0.1893161922094849 0.4110510190779541 -0.14532640493608984 0.9243802310506345 -1.1952250544139278 0.5200816753785271
0.00023278136299684083 0.05861518520369981 -0.22009586933117511 0.024338954760927446 -2.3031963617377924 -1.2422299891084514 -0.40762686616776106
0.00023278136299684083 1.0195578138474763 0.3669879524552026 -0.243914986513072 0.3225620136778269 -0.34824752262941316 0.30381592300350213
0.00023278136299684083 -0.28918014994974983 -0.18557583935237848 0.0698459171509499 0.8470126720493947 -1.5547739261179805 -0.4850256357264877
0.00023278136299684083 0.273185627457572 0.4700805142914219 -0.16889951873782036 -0.43779091280533894 -0.756769029718394 0.26513938826355293
