0 10 0
0.9311254519873633 0.0010698422107188593 -0.0007975204756956578 -2.2711730518146468e-06 -0.0006725107986683749 0.00017166883570537029 -4.979706909695384e-05
0.00023278136299684083 -0.18135265582438367 0.06786626983608866 -0.01580508783645612 2.1443109249956316 1.9908191494665415 -0.11794507140061437
0.00023278136299684083 -0.3313856987358828 1.1318922348917264 -0.0039024825182557314 -0.3816771450457122 0.37459351611748043 0.009160828353937885
0.00023278136299684083 -0.6482335378178024 0.11560669378074505 0.13937969426635977 0.4251582117271757 0.7253547039090061 0.16050540198831142
0.00023278136299684083 -1.3273804603511425 -0.25685174087274454 -0.19247141082914335 0.20681823418746417 -0.5624988896860776 -0.013042950679126033
0.00023278136299684083 -0.6733247583299339 0.34154192421762697 0.08929614549693272 -0.3043235994224676 -1.1428317814128088 0.10364209403536183
0.00023278136299684083 -0.22763377226391496 1.4352188366713083 -0.09791421373255282 -0.357472160030808 -0.13465685470073582 0.022945938373632284
0.00023278136299684083 0.6288789495274566 -0.8478486778707194 0.1824877309397991 0.8179350083124798 -0.1061245155651096 0.08659763452566985
0.00023278136299684083 -0.5370832892738323 0.5639807502563619 -0.13061115647619215 -0.2243137059370319 -1.0435418246954287 0.0021425899354195494
0.00023278136299684083 -0.9818536198105262 0.6386756118792161 0.03862547289677584 0.36360742588676576 -0.78778884625435 -0.054818188744777036
