0 10 0
0.9311254519873633 0.000185990261116267 -0.0014358460325412832 -0.00017476486919319506 0.00021065276525293473 -0.0004000958892133667 -0.0002817968904162475
0.00023278136299684083 -2.6689761038797895 0.7457167924178211 -0.052842626722193975 -0.025472654703674574 -0.2719002612240738 0.15189986725504534
0.00023278136299684083 0.07703987713207 0.5410963735436028 -0.11602047047279125 -0.37057174629312634 0.47011558712550955 0.050067010676501086
0.00023278136299684083 0.5835870147985088 0.2278211697254118 -0.28689458261767753 -0.1618838859649295 0.7923338358717268 -0.5429155564840238
0.00023278136299684083 0.21495997753381 0.15768285382574207 -0.5159696700656206 -0.4789777615339884 -0.3610572725261124 1.1510344746519272
0.00023278136299684083 -1.1799063865555537 1.5404243633862678 2.0095798495876744 -0.12288211733658337 -0.05927526254892038 -0.179634653178085
0.00023278136299684083 3.4385257958286766 2.4421843753002475 0.6380847209887109 -0.009072726519770908 0.011230460285183692 -0.08481075671573621
0.00023278136299684083 0.2395476581082587 1.0322375015364524 -0.05079513163089456 0.6061725411575538 0.4730985563984958 0.09672340235780143
0.00023278136299684083 -1.8006170178040783 -1.183466797894495 -0.7911497302556941 -0.19929968799107992 -0.6339832636948083 0.014055657628120874
0.00023278136299684083 0.3518781403690639 0.23968749832749295 -0.134932882038481 -0.08062302182613944 1.1798211771664648 0.47076811547343916
