0 35 0
0.9311254519873633 -0.0025784026790968244 -0.002532262173905379 -0.000754452391398048 0.0007789125172190136 0.0005110380483727655 0.00030648801570517213
0.00023278136299684083 0.465794500355649 -1.1054978827044128 0.4300687432303384 -0.760076475808969 -0.019782940826675664 -0.3276016247768452
0.00023278136299684083 -0.3913924626015637 0.194107514619649 0.0491249503207953 0.6089451037658283 -1.0618386583218764 -0.371351763035732
0.00023278136299684083 0.38424550500037435 0.335923953867396 -0.17477407625704866 1.290618818711237 -0.008451296423495904 -0.14012288315045612
0.00023278136299684083 0.9968406271388568 0.389301580225769 0.09761182228551095 0.351726708996341 0.06405821854187872 0.11764863707256791
0.00023278136299684083 1.3472676830123707 1.0915814778120336 0.17992592186862275 -0.05310603333229347 0.02503533036685445 0.06848383938884962
0.00023278136299684083 -0.3320092695217991 -0.05442681590182761 0.18544435069929638 -1.7698974875288265 -0.14150167859520882 0.16136904408903655
0.00023278136299684083 0.7513746238391341 0.41359077489751084 0.22792808228877304 -0.571482866923692 0.9188077222520842 0.11281793671981266
0.00023278136299684083 0.3465908298860464 1.1458718157917616 0.14011005697296514 0.02747829377051614 0.7560605466070343 0.16302689535501352
0.00023278136299684083 0.3953447204291754 0.7296668918674186 0.05219397402732113 -0.5544783971522914 -0.083477486782064 0.01394193089132118
0.00023278136299684083 -0.12842311450602203 1.1479588985265223 0.4561617948843989 0.1956929653869904 -0.11961515897482665 -0.06023814000536492
0.00023278136299684083 0.7392734473007823 -0.19046352088484614 -0.04442279789566551 -0.6870550874996421 0.7883504074740431 -0.09111773155944984
0.00023278136299684083 0.025583641547965264 0.672983909192928 0.31215083206213196 0.0038668452304303387 0.009936003556044265 0.507644762832707
0.00023278136299684083 -1.0274737058640435 -2.3167491402578055 0.20687590754292326 -0.03089696109527757 0.19475998973817474 0.00791273678679128
0.00023278136299684083 0.4894883011606201 0.7127970888666681 0.09600944270241556 -0.5908565612964031 -0.5358001094461331 -0.14071390377672002
0.00023278136299684083 0.9551682333500441 0.12947910126828152 0.25626459397972645 -0.3925313093594615 -0.6515717020770688 -0.03743524757947527
0.00023278136299684083 0.563364723701081 0.2784736085898048 0.10503126203999513 0.6245682852416413 0.8148751716928887 0.20068023418736264
0.00023278136299684083 -0.7628186958754543 0.6343310889610515 -0.022221237481601167 -0.03523357229657269 -0.992373160786804 -0.07720772396026823
0.00023278136299684083 0.30773605572609 -0.1288145747998066 0.04886580227819456 -1.6357396026961508 -0.10079808048225865 0.11966926826302357
0.00023278136299684083 0.8284170836296786 1.3714253608107752 0.1540352507196486 -0.2786351140096721 -0.032799461006812566 0.12629042453647102
0.00023278136299684083 0.7221106033708555 0.6751319171922093 0.05685698179508913 0.23213168680205512 0.1260368365116403 -0.266700089479707
0.00023278136299684083 1.08558352387012 0.7227069727492508 0.22874921395127368 -0.08080407203486961 -0.24970273825165515 -0.2832205930548589
0.00023278136299684083 0.806080013587142 -0.020245908498212832 0.34393398483836246 0.5591971360889783 0.017483172187103553 0.10439004754050647
0.00023278136299684083 0.2962878981029454 -0.4622590916008477 -0.13596624982162897 1.361378867006068 0.3719659239167506 0.21708213276216567
0.00023278136299684083 -0.6477190199107096 -0.0014753773552839923 0.07079439795496222 1.1905478711766369 0.12763577320449102 0.33950485500791006
0.00023278136299684083 0.12289756213265794 -1.2809340138697753 0.4091494055204784 -0.1374132560798277 -0.21885540833399025 -0.0690532951286397
0.00023278136299684083 -0.0012629342586794555 0.36738476642218537 0.18881964810761148 -0.005377283947021668 -1.340928942051972 -0.6948363990831871
0.00023278136299684083 -0.13745417107213895 0.9647329140527512 -1.229239526006781 -0.3352135508316142 0.16990251700955689 -0.026850445110881065
0.00023278136299684083 0.023236796469362022 1.1245362772439675 0.131337017095782 -0.5691853498102136 -0.4358779806614419 -0.04400416654871477
0.00023278136299684083 1.4200442724349325 -0.20556192026899858 0.14530072551589235 0.02471824813583669 0.07741066691488101 -0.11102324421708229
0.00023278136299684083 -0.31595353704951495 0.7882303952983085 -0.1564431126590488 -0.6957539847892857 -0.5273226218404031 -0.19477704319392516
0.00023278136299684083 0.7137769565416812 1.4282074655701633 0.09528512943121879 0.3968459650167667 0.44652786351834794 0.08983240784127741
0.00023278136299684083 0.014269209929324173 0.10587978567318937 -0.02558104896767318 -2.111823737701752 3.0570891567006724 -0.5257455857879446
0.00023278136299684083 -0.12697202504554245 -0.08197288546112248 -0.0010198185547303953 1.5467401730991603 -2.8880835993105585 0.007541021808183842
0.00023278136299684083 0.38431283957722673 0.5531462677253123 0.13944814112268542 -0.2345463331107136 -0.6013064695102786 -0.12178835845443704
