0 10 0
0.9311254519873633 -0.00041591027805988335 -0.0005864630479336358 0.00035605896793204796 8.720359659494203e-05 -0.001279662312944596 -0.001797787597938435
0.00023278136299684083 0.9534965508441822 -0.6919989073210091 0.2406758742262958 0.2530036678486668 -0.7628925748864287 0.057352454861473966
0.00023278136299684083 -0.6490311036836585 1.4846595040882113 -0.49101755176134687 -0.43859926511112723 -0.171968254646529 -0.07400820284775281
0.00023278136299684083 0.3488952729822445 1.3015562955813693 -0.49072312328824924 -0.733403477661845 -0.1429191984431739 0.009585426172212922
0.00023278136299684083 0.0016256091374123136 0.004746776331791057 0.00680116804036254 2.2521914121303515 5.168128459065999 6.808132552224413
0.00023278136299684083 0.0874180298696814 0.18236752792178665 0.07912247715512424 -2.226411600246192 1.4287001186314632 0.4644034229603015
0.00023278136299684083 -0.2634587755240793 0.654487280137825 -0.4524410265736801 -0.8415672238854777 -0.03962212985301465 -0.15990201522857025
0.00023278136299684083 2.123153629090858 0.06165778663190667 -0.15982367102968334 -0.05844176714735744 0.40009732493804123 0.0012827990166421766
0.00023278136299684083 -0.5350572542458504 -0.22402222276884512 -0.06873336930171367 0.4934716804132971 0.0754543606303064 -0.33740148529668723
0.00023278136299684083 -0.4034008462290074 -0.4276018488705887 -0.08809664919543073 0.9509421872799177 -0.8363288536582799 0.4217054398917072
