0 30 0
0.9311254519873633 -0.0017626039666924175 -0.0017662473641612444 0.0003884699069154083 -0.0012049764207800147 0.0030792581060156807 0.0007880449402292581
0.00023278136299684083 -0.2887122225788122 0.11964173123845807 -0.08597851588216929 1.5342785431489443 0.3819781991943969 -1.2655189539496985
0.00023278136299684083 -0.25527369564500013 0.15846428169893453 0.17406849228096435 0.6402723324821313 -1.7110304232786586 0.011286556999843642
0.00023278136299684083 0.21061468046345352 -0.14225360516700247 -0.1355301581628039 -0.9007134894482608 -1.2842438434457035 1.4082046441867568
0.00023278136299684083 0.8979062251336494 1.337234277986694 -0.1215938166113451 -0.43026138361521965 -0.06517405920443603 -0.01885935049917602
0.00023278136299684083 0.06523497045862242 0.1174366777520591 0.012179863675478781 -1.6496446427411857 -2.9689278068828164 -0.2930817438807039
0.00023278136299684083 -0.5692420570411645 0.24010995017219858 0.059039813584002725 -0.3534800188912751 -0.7828675687149478 -0.06951131666355727
0.00023278136299684083 0.04315013610624394 -0.4922092614443738 0.09982571226703967 0.8080787973927333 0.869354220362393 -0.758338284929792
0.00023278136299684083 -0.5957701663045143 0.9373164823772566 -0.3441979321507564 0.3929689351588515 0.34591925048798744 0.30769739160407206
0.00023278136299684083 -0.18435885972910018 0.5398701033253412 -0.10694954164371853 -0.2500124174039922 -1.121079014512066 -0.08259962306706788
0.00023278136299684083 1.5734624760972309 -0.01382395200588153 -0.32530661604117694 -0.2925069179023037 0.3400742574892271 0.3045069181055608
0.00023278136299684083 4.932581720228926 -1.0003023515871243 -0.7630695023146876 -0.17087756743942423 -0.06828860622152337 0.01203212910888409
0.00023278136299684083 0.7509477259785159 0.4116738595683619 0.05743514305863584 -0.024745647532277624 0.8624921137805436 -0.37424553723914533
0.00023278136299684083 0.9765014121714304 -0.28715762694770086 0.7176675991056274 0.516644204522381 0.3787060681857779 -0.11382197715443487
0.00023278136299684083 -0.3603553127445382 0.9007487957458529 0.03022930146582287 0.32014641714445896 0.13337950702381096 -0.32452251133334287
0.00023278136299684083 -0.11108660060130136 0.7599058578059572 -0.03924758822862452 0.48359644793342393 0.25697253172259304 0.2480986398453854
0.00023278136299684083 -0.0713278414608954 -0.27700425400092393 -0.13687755013740183 0.9520336912008571 -1.7593530986630967 -0.5537262553421088
0.00023278136299684083 -0.3840017655018784 -0.31776457455430823 0.1070338843657532 0.6302057806043214 -1.4369189940678069 -0.18711448857936203
0.00023278136299684083 -0.39233027922563524 0.7501066305191879 -0.22643582752389993 0.22877920639060048 -0.30679693636659927 -0.009592426197667899
0.00023278136299684083 -0.6016727399488819 -0.7672328286121997 -0.16609457311132916 -0.25217618782432727 -0.010367300941084555 0.16969025330790652
0.00023278136299684083 -0.16315419588312846 -0.0808527594238932 -0.3226159957508885 -0.40498884634244287 -1.2281884577689637 -1.390043874824414
0.00023278136299684083 -0.9191535125993454 0.8248622985967771 0.015286328552885451 -0.08873291378905875 -0.3586955921261859 -0.034586448967730644
0.00023278136299684083 0.3001659289720679 0.25333984801850834 0.2222154504302328 -0.9193598422106516 -1.3023177133432047 -0.17225853642373784
0.00023278136299684083 1.8532669652857165 -0.7558588553476416 -0.09249305755648438 -0.1530935837088819 -0.032179399111611905 -0.08630182107567312
0.00023278136299684083 0.10228431219442022 0.65268436629577 -0.11779890386199572 0.5694087370992126 -0.8583718928530152 0.06706439829346086
0.00023278136299684083 -0.20890402158630306 0.4848692335321685 0.04432172975303885 1.0010427634738337 -0.4008432088947967 0.3879851591258178
0.00023278136299684083 0.09710013207928243 1.7386372747307182 0.03651681860484838 0.30893716449165753 -0.34660781981775773 -0.03187339559229757
0.00023278136299684083 0.2763482059697213 -0.24425794143196888 0.051144355099642075 1.4716836846194685 1.0057095267063414 -0.29462293137303036
0.00023278136299684083 0.5969317516255388 0.29844284353428696 -0.26276413741453086 0.42762603631022805 -1.1760376988960244 0.024607100755433365
0.00023278136299684083 -0.5207375051468962 0.9183629542545081 0.0661095964861945 0.4247963999962646 0.32667133609449517 -0.03273347515721299
