0 10 0
0.9311254519873633 0.0006018902897970188 4.359109269837978e-05 7.003817139575502e-05 -0.0002680335093356575 0.000954406219627398 0.001203275893394977
0.00023278136299684083 -1.3106090528228282 -2.76478025969125 0.3770717308323845 -0.012693444095024438 0.27525043779016073 -0.03839646540389877
0.00023278136299684083 -0.017581452214988982 0.036360124390042256 0.04995589863257025 1.4313567430230523 -2.7661987919448188 -3.783040990523658
0.00023278136299684083 -0.5776218348330514 0.24151843312890733 -0.08311185150610291 -0.30667231031599596 0.5171814877658885 -0.4060838691212153
0.00023278136299684083 -0.7492144332720713 0.38100338008549683 -0.1397321419628746 -0.1764569035559389 -0.7782318382358075 0.03610319364122965
0.00023278136299684083 0.5444978225160378 1.1137012664269488 -0.014482758548011395 -0.2794798827507773 -0.5726879960227357 0.1085802386175155
0.00023278136299684083 0.39921566115222296 1.193556052701418 -0.9101820518554329 -0.31870532624045583 0.3885286265905313 -0.2300711999031422
0.00023278136299684083 -0.5425375402560135 -0.1339991078444101 0.21289207803351703 0.2619131087234296 -1.3173162145846002 -0.33532606329178277
0.00023278136299684083 -1.074316958692875 0.35936369228879844 0.01837650988709138 -0.16911701392550396 -0.16183890651043475 -0.20883532501373328
0.00023278136299684083 0.9206066292350156 -0.6010879522805869 0.2090599009038604 0.6419890664798458 0.5976883166422209 0.04396690741877632
