0 15 0
0.9311254519873633 -0.00040679515855917046 8.418954253687621e-05 6.724019484212171e-05 0.0007935525258345779 -0.0002542786917979141 6.550884366195452e-05
0.00023278136299684083 -0.8883722389707972 -2.3376165107435303 0.12408929634174712 -0.09916295253007429 -0.08744756947871805 -0.003293970128451163
0.00023278136299684083 0.22266874606597487 -0.34003570847467895 -0.023649667517477747 -1.2482427808558358 -0.6026703777090728 0.13923844061059554
0.00023278136299684083 0.15893721783602283 0.49342630210759925 0.13682423221770143 -0.3922103524404521 -1.2292752612184277 -0.33632806037570745
0.00023278136299684083 -0.2756164837116721 -0.020912087880903693 0.014877402330699339 -0.2734736237871239 2.2415014037041785 -0.44643204927981994
0.00023278136299684083 0.48229061176890475 0.68454341634293 -0.22365051799947286 -0.23107544674109956 -0.34758285948849077 0.14575929867797674
0.00023278136299684083 0.3526316278937348 0.595143446952015 -0.12672774551543825 -1.0136018441239878 -0.5682867279456055 -0.01864449516903082
0.00023278136299684083 -1.527500674237024 0.0006564094237303953 -0.05039830979621284 -0.3896320462791131 -0.28334562712245354 0.0438404571692923
0.00023278136299684083 0.3729318256409483 -0.11188792520266545 -0.0389477293676775 0.9823630011533452 -1.2680144301325944 -0.10662639030709328
0.00023278136299684083 -0.4393694326649006 0.2335372358617063 0.21351786605290649 0.25838501379570933 1.4591285927606468 0.04911239664099032
0.00023278136299684083 0.4192164473360534 -0.5956646176880401 -0.04070982112401685 -0.4141793020338096 -0.5199019273544998 0.14384604256847888
0.00023278136299684083 0.7746976562446053 0.28083299253381 -0.028467197784007445 -0.24870426090966744 -0.7561356493568394 0.1259786351077613
0.00023278136299684083 -0.19989367075917486 -0.34741082507773896 -0.18078606322464588 -0.4398931224359573 1.5361806088549006 0.03201241958374584
0.00023278136299684083 1.7729309919788054 0.7803371965641814 0.01738025189945831 -0.313978533110421 0.2686721691712577 -0.0008128010186112703
0.00023278136299684083 0.40162800981600827 0.348292505133192 -0.06231277588205786 0.6491961469601791 1.1742924225073759 -0.02968529872794508
