0 20 0
0.9311254519873633 -0.0011716800958937136 -0.0026720445158760855 0.00010100221006664322 -0.0005201370046405429 -0.0016887691446518978 -2.6970958556903978e-05
0.00023278136299684083 1.5970154701207842 -0.01616715195335632 0.24099972359519936 -0.29893834586672147 -0.4604110910118837 0.043537368747836154
0.00023278136299684083 -0.4176834826862678 -1.1298349209833973 0.13246148815458567 -0.3006387555213711 -0.41837421739970976 -0.06471423362906363
0.00023278136299684083 -0.8560648993721115 1.589862906767801 -0.18926149404082793 -0.4456398861234151 0.36910969380889347 -0.006389817785403476
0.00023278136299684083 0.028579808539736618 1.0259099135150007 -0.054552787260833055 -0.33961446170563003 0.0880021533657225 -0.042591636847154675
0.00023278136299684083 0.12150337572967829 2.636369186489367 -0.22629390182910836 -0.17111720872200695 -0.03495924024496329 -0.04551671172605601
0.00023278136299684083 0.1346530263601576 0.03317905601929644 -0.012445324066326235 0.38973288456309046 2.851915536684927 -0.1616029248015223
0.00023278136299684083 0.3875655479553659 0.8197131576903727 0.09943197595540473 0.9098967466225988 0.3665292035029771 -0.019257455321025733
0.00023278136299684083 0.5307233791455435 0.3770663563753721 0.059698422102185546 0.3220670853289849 1.1667245476676487 0.008996978073576571
0.00023278136299684083 0.8947962411623201 1.0459700181358496 -0.1536288886615378 -0.16525014415522113 -0.07854678345894195 0.013643377511941127
0.00023278136299684083 0.381444654181993 0.18209700483964641 -0.017597171434046117 0.50168447233042 1.487454050899461 -0.3792747771878528
0.00023278136299684083 0.7393699397143513 0.41314633682654983 0.05236478034988042 0.22560214703334575 0.42756360430453233 -0.018628020648375498
0.00023278136299684083 -0.3613278925558849 0.5796576477557475 -0.05536631019601251 -0.5388459124184489 0.3585389674474165 -0.22672699161193108
0.00023278136299684083 0.4240754128016591 -0.3965573201058639 0.21014906072947348 1.4567456237042018 -0.0498757111079853 0.3401577328092038
0.00023278136299684083 0.07168077268185975 0.37452508124278105 0.03703286923614327 -1.0805998406227075 1.1675409511570567 0.2721395771113279
0.00023278136299684083 -0.6685638356051121 0.31065874193863696 0.0808721737789713 1.090947106113124 -0.5150733154464349 -0.13095717189701786
0.00023278136299684083 0.8706137228114498 1.3658376850590965 -0.07027050624273597 0.28631269338682114 0.18770331030138557 -0.05700226224049898
0.00023278136299684083 0.2452971678217566 0.8458326747517142 -0.14481475181758535 -0.3544954795966299 0.6927509678094609 0.08647959163141615
0.00023278136299684083 1.1047341326511335 0.5124190815170452 -0.24644552579216605 -0.18966799297010226 0.20170038645562832 0.18659949509078172
0.00023278136299684083 -0.5416921578835115 0.11849260762053973 -0.14634267282723695 0.7823672871818381 -1.0532164361276006 0.3089917169474344
