0 15 0
0.9311254519873633 0.0010239625678330525 -0.00028789127912689567 -0.00018431662654319508 -0.00037052850958432164 -0.0009225431915101175 -8.220253410067037e-05
0.00023278136299684083 -1.947809416456932 1.15800258245647 0.4487328458599843 -0.38826218952029773 -0.21860244501095888 0.07040180509283733
0.00023278136299684083 0.3404114277378986 -0.19454684779039688 -0.051482683012845885 -0.890728339166356 -1.4548936708521931 0.06030751255144654
0.00023278136299684083 0.07110115063148671 0.007435397325847311 0.19289947764614912 2.225216498994637 1.3139319467731239 -1.092724978995554
0.00023278136299684083 -0.8981740034382184 0.9187943868625755 0.17939907787788828 0.6604798387972206 0.11018168342382248 0.044048226200206916
0.00023278136299684083 -0.3796348755194836 -0.8505556018011665 0.12912837205618957 -0.4557642373213615 -0.3550603782094643 0.01339692233234949
0.00023278136299684083 -0.3174817607905576 -0.30513621085903303 -0.3564448457189063 0.5986633083189025 0.5776797756038151 0.6671087468180039
0.00023278136299684083 1.8928040766170027 0.8375980040733221 -0.6841484001225269 -0.24489054823524548 0.11738822251934206 -0.025272793613972576
0.00023278136299684083 -0.4395943678343943 -0.360692787680112 0.15659759280340363 -0.8966670177467988 0.7604708762102772 0.2311861120254983
0.00023278136299684083 -0.5623616139040374 0.3039793065486994 0.226123311404179 0.6616684556361906 0.5514649709665136 0.0036452514908282578
0.00023278136299684083 0.3144188758082779 0.189200583923677 -0.034245913227330976 -0.8901124728628472 1.1497172124833248 1.1183205331932609
0.00023278136299684083 -0.4276909611706048 -0.038563927139029945 0.06874730073140797 -0.428551732428471 1.5734970192146744 -0.062194287856419284
0.00023278136299684083 0.13450616157281348 0.28293282725056745 0.0011935031501577608 1.4199866502395642 -0.18310830256461041 -0.1847206749843569
0.00023278136299684083 -0.7460277001812612 -0.09402171251914868 0.4398127421425669 -0.22480809562708093 0.051370863840700845 -0.5066455999543497
0.00023278136299684083 -1.130317264407599 -0.7028608841287589 0.020954124582385172 0.33588391925922845 -0.3038650083579003 -0.00804663789709785
