0 10 0
0.9311254519873633 0.00013416743868412183 -0.0007102798643701879 0.0002986315625456659 -0.0004454720536854703 -0.0005156134092045152 -0.0009018742129999324
0.00023278136299684083 -0.5671212836012516 -1.834993811709011 0.07702177750306792 -0.16602394306601523 0.19018177918162146 -0.018638152975832115
0.00023278136299684083 -0.5073236594072073 -0.16600370385072716 -0.09999428776939306 1.08097751152988 -1.0145980552277354 0.5335433253852143
0.00023278136299684083 -0.49967407527091434 0.5992795017865437 0.018476156410000843 -0.6340850235853841 -0.4440209524887017 -0.15793446769406247
0.00023278136299684083 -0.4946933869448783 0.6355754585152342 -0.31253667534432444 -0.7932459517367713 0.43121561183708845 -0.12732248913194213
0.00023278136299684083 1.3982710302274128 1.5072531232230564 -0.6031817444348067 0.013015364763578499 -0.10979418492244 0.01210568717170259
0.00023278136299684083 -0.043428554507218664 -0.03387388784147297 -0.0365403313002163 3.371192829813749 2.514827562058723 2.822926969810641
0.00023278136299684083 0.06503685139022268 0.5412077799179448 -0.11345544756842249 -0.947652899298042 -0.9497038413749426 0.260715383577828
0.00023278136299684083 0.4057421471607082 0.13026991437613378 0.03276955135426538 0.1248455008461636 1.7583314172899647 0.1793538743920928
0.00023278136299684083 -0.29347882378161866 1.462405083058274 -0.15708524903284485 -0.26713517452527624 -0.31398569953551736 0.10274672146408814
