0 25 0
0.9311254519873633 -0.0011457629909672068 -0.0007623556821350616 -0.00014477606484831498 0.0008474686001930783 -0.00032858303355855906 0.00027161331762579657
0.00023278136299684083 0.6184185291760768 -0.5703496988000518 0.09415315310836592 0.2989123099151155 0.5900262503180057 0.06941022856033233
0.00023278136299684083 0.3883207823649991 -0.2004611430642924 0.07006954481315956 -0.151339753552614 -1.2973634540967725 0.0993009372743776
0.00023278136299684083 0.5505559456673493 -0.04166301753914815 -0.0002165564019021711 -0.8565802199129627 0.8145543932727819 -0.576184327760594
0.00023278136299684083 0.1999733522329654 0.2952421665388962 -0.21530566127235345 -1.2744248723433516 -1.33343044039781 0.4404006621020588
0.00023278136299684083 -0.5234658975172324 -0.25247019516443187 0.04859869313712749 1.1798417895191107 0.6086746614386138 0.5307645812317796
0.00023278136299684083 0.4874319992982647 0.2085125708994022 -0.030223956415665512 1.1343771423097542 0.8302502635638753 -0.15830204131842132
0.00023278136299684083 0.2270614036040731 1.0229524561474284 -0.10957985750834025 -0.8087332370908272 -0.5666263268337325 -8.521213596315506e-05
0.00023278136299684083 1.140669982855713 0.21593400712706054 -0.23731435975611245 -0.2159007195001358 0.06645285920766202 -0.21859909681073109
0.00023278136299684083 0.7962736703862799 0.8589626124076909 -0.12730658326019156 0.3620523762338022 -0.4419926459815202 0.11337470020543629
0.00023278136299684083 -0.15865374357583306 -0.9061071985181011 0.05471735760889954 0.7582146695968824 0.4644567334544623 0.3024828586513215
0.00023278136299684083 -0.46660082371231004 -0.9578291425539559 0.014892302422686384 0.0691034892622865 -0.44679137357574317 -0.07385258444813847
0.00023278136299684083 0.2474003240996915 0.7399308828914206 0.022739665054091925 0.6572372972534387 -0.4100451063673485 0.07124816574748541
0.00023278136299684083 0.447014420444436 0.35148592624330993 0.10088883565016034 -0.6836944529760894 -0.5344413562769509 -0.14974983042664658
0.00023278136299684083 0.12770742265417706 -0.6288428910975294 0.3107246714875761 -1.090610232635851 -0.06401961357302999 -0.32210800807582796
0.00023278136299684083 -0.6371655036702684 0.44547443488438626 0.12971104599310435 0.33193105205529927 0.6715096005540313 -0.006372092986548093
0.00023278136299684083 -0.8585645395626559 0.5499724828978872 0.10099681080696941 -0.07570369342963325 0.6393802625558028 0.013185057899690843
0.00023278136299684083 0.43240329231746155 0.210955850172155 0.039811684565655765 -0.8951446988391614 1.156669375933493 -0.021178866193297258
0.00023278136299684083 0.8102913559104459 1.271314819944985 0.17412148721815676 0.2772383352349319 -0.165024732921433 0.05771825965626532
0.00023278136299684083 -0.8069837947986779 0.21656406564694025 0.023571252985712023 -0.7732441422573155 -0.1837569742733031 -0.19088548389639226
0.00023278136299684083 -0.008476699262499547 -0.19672840058347116 0.08812639715068153 -2.5641999924188505 0.393748926296108 -0.785905731507687
0.00023278136299684083 0.20815978917042643 -0.3152535123952062 0.03945013696629451 1.639999223716119 0.23375285067653048 0.08929609708819282
0.00023278136299684083 0.9225425942901582 -0.2633551422961628 0.06495173594455275 -0.12359972063893489 -0.44409010525962017 -0.03404907406150789
0.00023278136299684083 0.3574631892795375 -0.17691361400757277 0.20248007559621997 -1.264386286483862 0.2270609530292351 -0.2004133391291176
0.00023278136299684083 0.08127491221505431 1.172094408749313 -0.28095361650157474 0.6787799362105312 0.5053771334909002 -0.1359491301692538
