0 15 0
0.9311254519873633 0.0001413446580375891 -0.00012222730784808815 -0.0001369372198764258 -0.0006219709345605259 -0.0007206476144252847 -0.0006542867383325535
0.00023278136299684083 1.2745427531859754 -0.8456746201042658 0.10512686362848153 0.39112145266650494 -0.716186348521211 -0.09505791939300637
0.00023278136299684083 -0.7847371805509754 -0.3706720851801301 -0.16662812553649126 -0.5626975292960937 0.12871198003019502 0.19412655575899207
0.00023278136299684083 -0.41660354906493946 0.20972709340164977 0.18999226273855924 0.9746503517892542 0.7337160957486707 0.2478022146727562
0.00023278136299684083 -0.6606762319114783 -0.41094975121011534 0.3519915885604933 -0.3778627365403229 0.5780976732508468 -0.09844420721786373
0.00023278136299684083 0.761860983297941 -0.7688987613495204 -0.10440560932137279 -0.4044897746481554 0.32965417660899776 0.2698821277706957
0.00023278136299684083 0.5843054161039108 -0.5470710994320394 -0.006739674089287563 -0.23001771836771603 -0.19036997782387816 -0.25213242067339875
0.00023278136299684083 -0.8366788576218827 0.9815958752256915 0.5544491364556102 0.10575490201410337 -0.7831326196354486 -0.2696243539798336
0.00023278136299684083 -0.022640004139103564 0.7387689906051814 0.10301085306039294 1.0686557225267617 -0.07169756579192445 0.15961608864232704
0.00023278136299684083 0.07991419983542294 -0.056153010658378744 -0.04019306751380868 1.5120341575248115 2.4174915891111204 2.577849766413993
0.00023278136299684083 -0.8970230527953144 0.019719754975639145 -0.39473828968766755 0.13480566018028006 -0.15337863597117388 0.17947724714815239
0.00023278136299684083 -0.36492844290549525 -0.2626599385746022 0.05762234593605255 0.8108974938192434 0.5849781522793625 -0.12337147586690725
0.00023278136299684083 -0.7473718039484453 -0.043051053170723004 -0.25956998947245497 -0.3617629669895187 0.11351280417109445 -0.1288319200989142
0.00023278136299684083 1.1596928957237558 0.5386900558780703 -0.24790406855828231 -0.23953576149564393 -0.25317452938164353 0.03488973818368997
0.00023278136299684083 0.3049642426368425 1.3055377809973796 0.4057346533054795 -0.3336695149414048 0.16436766362613103 -0.07903448803046775
