0 35 0
0.9311254519873633 -0.0004603695203071938 -0.0003957875482649384 -0.00047230701444368924 0.0016226671881268207 -1.0114439122228419e-05 -0.0002459014256841909
0.00023278136299684083 0.28959707291432457 -1.7295022648961447 0.24936068207352508 -0.5026205948994328 -0.035804780301128894 -0.005020028396863857
0.00023278136299684083 0.378183451810048 0.333007647491607 -0.002211579580415455 -0.5347989767097044 0.8880468387404525 0.04785734770161543
0.00023278136299684083 -0.1034857141227847 -0.08966606264345936 -0.01569245175738337 -2.4804258541223847 2.2324062734652554 -0.22634504071069564
0.00023278136299684083 0.6196023132318543 0.2414318731930232 0.023954273232075024 0.33784922391875044 -0.7353598788162102 0.1823347679356186
0.00023278136299684083 1.2095026664238373 0.8159272476764271 0.2416971257453819 -0.3338900815730244 -0.3996448081568788 -0.07583447216607522
0.00023278136299684083 -1.0500937410349638 -0.21306808912680156 -0.09395915973143279 -0.2828320181371263 -0.3104386078057135 0.18633408062438075
0.00023278136299684083 0.9017531382221277 0.9139472356716247 0.08675704921982132 -0.31006008529789875 0.23343421476554552 -0.06701230268476811
0.00023278136299684083 -0.044743479135657294 0.6024549301215191 0.08001644072979773 -0.9408743681121444 -0.15144004698718738 0.10372387275582023
0.00023278136299684083 0.15218744787591265 -0.24678433802557367 -0.01862703773583086 1.7246244047566177 1.2717058069646752 0.654501116174241
0.00023278136299684083 -1.1245487320877103 0.5277983921764581 0.09468841076396604 -0.13518434213665942 -0.5513168570718897 -0.06171245044986952
0.00023278136299684083 0.44020009245235725 -1.1588637062931368 0.08618701319943047 -0.3695184046764446 -0.21286855832126053 0.023865960015939054
0.00023278136299684083 -0.36375329408377655 0.35797531791105713 -0.03956313124915848 -0.8501301108618435 -0.6424466615728146 0.21149101086364905
0.00023278136299684083 -0.440401747059499 -1.163502396689639 0.1258031782174818 -0.47717783009956144 -0.69760098809618 0.01738874448374377
0.00023278136299684083 -0.2156331544727239 -0.12640297756997823 -0.035533410616101956 1.1386372750822313 -1.79499025614493 0.11788931684538563
0.00023278136299684083 0.8992541873535801 -0.12561003359279974 0.0690238030521197 -0.44537903946943047 -0.7221671945994882 0.04470114737939751
0.00023278136299684083 0.25877270087241244 0.8531815737385606 0.12245429671819624 -0.6775209222342634 0.454477559444805 0.18401694450771905
0.00023278136299684083 -1.3265758991396117 0.6965118667954413 0.08535646974902741 -0.09597957047038051 -0.6328880034926213 0.02177978361125345
0.00023278136299684083 0.34650187253707687 -0.28529080434519755 0.07475328131961141 -1.0003708729307175 -0.981765523314154 -0.3026733705980238
0.00023278136299684083 0.6623456682272093 0.28177492965697576 0.09866280552382099 -0.4184540921377188 0.830806609738186 0.020044756296692934
0.00023278136299684083 0.33967463148369853 0.3209011077597877 0.04371546090558066 1.416391808089042 -0.41318869555681614 -0.15515296246384516
0.00023278136299684083 -0.16484113290468827 -0.3600358512238188 -0.05869481177134467 -1.2777036546355318 1.2624001339789537 0.03464393363381646
0.00023278136299684083 0.5620440329931946 0.3236006477551396 0.1702860115297133 0.3963194266510426 -0.8305480067586519 -0.0147832723842938
0.00023278136299684083 0.23265769453935062 0.22523384140519404 -0.026596947679232413 -0.8911893095048914 1.8453534578682296 0.21824801234519595
0.00023278136299684083 -0.9450173294233623 -0.35910928190959285 0.08549554953634395 -0.11897963610687612 -0.32822872888624693 -0.012566480369548808
0.00023278136299684083 -0.14903324962444445 -0.5926422351043673 0.0618931034820909 -0.7336241214191013 -1.077469552858645 0.1530927902038494
0.00023278136299684083 -0.44694490990347013 -0.31733421650495697 -0.050763280465173366 0.9987352454890641 -0.9370385135879536 0.10960801445598471
0.00023278136299684083 -0.675514340037094 -0.34952776972674765 0.0356442042924828 0.7816473201717526 -0.41948086027707293 -0.22286890878694635
0.00023278136299684083 0.13462312356223358 1.6897844594404432 0.01623110857957722 -0.49018154528466024 0.3633055150266616 0.0034975994852707885
0.00023278136299684083 -0.4584050266418661 -0.5059577252859839 -0.002661343383509997 -0.1826846282460899 1.2636952929907665 -0.08153539217025273
0.00023278136299684083 -0.007819696821622424 0.40305544380735736 0.03572168243115551 0.03458775353424529 -1.6999680598241416 -0.14676391952262102
0.00023278136299684083 1.2816358162835633 1.2845857289659002 0.30032900773940563 0.4862404023839644 0.44803619267142014 0.13497558314875416
0.00023278136299684083 0.2394955861937208 0.2524468569511435 0.010961566392462093 -0.7133686006614699 1.8957835215077534 -0.08391758130208271
0.00023278136299684083 0.26802175139907347 -0.5121433893211748 0.02203560313120114 -1.25693569629602 0.09845243867254963 -0.012974330728766227
0.00023278136299684083 0.14223627934573507 -0.4050277652001379 0.012503084180075983 1.7141827434393815 0.5272084830836378 -0.017228566996911103
