0 35 0
0.9311254519873633 0.0002533298223852236 8.854765349384316e-05 -0.0001981619719489661 -0.0002799784160781248 0.0006971991496889744 9.769977979375874e-05
0.00023278136299684083 1.1765098889389929 -0.5681563698444811 -0.1136225123025864 0.023404312559815236 -0.718988984716927 -0.0030044206816420968
0.00023278136299684083 0.5437320540886845 0.5444119221549669 -0.03183845695867711 -0.2746974040045586 1.1406471853516758 -0.07532278367137824
0.00023278136299684083 0.10569139316864731 0.5901475246871855 0.013328480610998807 1.0130719562067614 0.3282263649375996 0.11309880033271873
0.00023278136299684083 -0.19726654083738407 0.5732649516512053 0.013672429560303585 1.1358012915085551 0.6928171144556772 -0.025315966951702552
0.00023278136299684083 1.3172297261017245 0.7846772259371102 0.23617676606899807 -0.24565715817702957 -0.32211192443033815 0.00454263785166309
0.00023278136299684083 -0.31980117960124455 -0.44048199786675374 0.08706347361356513 1.1597194919864424 0.7595704361662229 -0.08931457429696245
0.00023278136299684083 0.2442218864958731 0.3478281183048796 0.12303381861015127 -1.2946721567011419 -0.4853345829100174 -0.25570149703404116
0.00023278136299684083 0.3268496919869685 -0.13335120627966954 0.03654685683701465 1.079535266654422 1.3646682774856023 0.27078329200574114
0.00023278136299684083 -0.6842658582838147 0.14840741914009553 0.005573468951550411 -0.10209060446602475 -0.8323178312631906 -0.04858015544355892
0.00023278136299684083 -0.4752604084546302 -0.28135158328500287 -0.03146436540545412 1.3350338933104275 -0.21873412251200772 -0.14424767204820113
0.00023278136299684083 0.21295690386356111 -0.914080781977405 0.015597554414283189 -0.461843807744893 -0.4291962782055535 -0.06406713639851276
0.00023278136299684083 -0.43722179119278276 -0.2715052113995187 -0.01537380681567514 1.3981551393292955 -0.10107707698024662 0.1481386668824346
0.00023278136299684083 -0.4949951215996782 -1.0442506396809073 0.10396724515528062 -0.5470494737725249 -0.7396956501953769 0.02559920580729544
0.00023278136299684083 0.4399942136276929 -0.23641869051512118 0.0035019629431782304 0.6382134951669376 1.1551999874393768 -0.30668108300453045
0.00023278136299684083 0.3420656295090432 -0.4574727593451317 0.019812978048157657 -1.1341598027942879 -0.5544589936278382 -0.1342044556820268
0.00023278136299684083 -0.5175097814484423 -0.2874261755469036 -0.016197706963803123 1.0591146584358326 -0.8823780799262283 0.12011570016629528
0.00023278136299684083 -0.09930991029435819 1.0986309381591342 -0.085979301076058 -0.8002173781779506 0.06734342739033586 -0.03070844502757878
0.00023278136299684083 0.305271669111799 0.4542840588852273 -0.06159063684363197 1.0829838829525693 -0.35950460978407345 -0.03290494512361394
0.00023278136299684083 -0.3369433690170184 -0.32367209631582644 0.008546375690494757 1.1551501011858383 -0.9819131230385584 0.058263833618814945
0.00023278136299684083 -0.26917518394539636 -0.49018779489766895 -0.12570578361581258 -0.5946624356200895 1.0514162179390028 -0.0642430905725842
0.00023278136299684083 0.08738228563167828 0.410620673342446 -0.013688178912637699 1.654964957615707 0.08363699887678967 0.15874498049292682
0.00023278136299684083 0.42818374362374295 -0.20228108512675405 0.22487716580305275 -0.8390679298176656 -0.884146708149616 -0.09688079747363638
0.00023278136299684083 0.5418277708129995 0.1071885676388534 -0.02513773848675199 0.03717000391256441 1.3677049087284785 0.09363527608329418
0.00023278136299684083 -0.4090605864150332 0.03111623429047466 0.04447090683583165 -1.5851229243292773 -0.6012652975148302 -0.028682660869952532
0.00023278136299684083 -0.3983376734045002 -0.6505047823523817 -0.00399877969189392 -0.6954475405175545 -0.7595861500497288 0.1233475521608382
0.00023278136299684083 -0.6614789100969475 -0.23694213918094154 0.0897063275612523 0.5000850118434783 -1.0020336618229897 0.05632641815452064
0.00023278136299684083 -1.7767284902147193 0.316056425417758 -0.21014153406005504 -0.26881718197156756 -0.3195881114767721 -0.013714624500479888
0.00023278136299684083 -0.7014699110796864 1.4288572672967597 0.020943240132572465 -0.6329552799231966 -0.058812866081062676 -0.0027296953100734425
0.00023278136299684083 0.021561275749634866 -1.136822010944495 0.3985810551539927 -0.45989474029003324 0.22343235597482045 -0.015111912573664675
0.00023278136299684083 0.9000206367646792 0.9190101474598152 0.13721044616347355 0.2514192742907749 0.23609368686979113 0.08999116591417879
0.00023278136299684083 0.13061424397193286 0.16812628695731122 -0.002193968333687139 -1.754354352568819 -2.254119008803178 0.013448265002887413
0.00023278136299684083 -0.27785474472801325 0.2970866463677689 -0.01104999839139359 -1.4003875677085014 -0.558574676511623 -0.04749540377449478
0.00023278136299684083 -0.2890619408724061 -0.5984087303570708 0.005830635583651916 -0.8322488299198294 0.8240555716307649 -0.22532789484135304
0.00023278136299684083 0.20830909849721166 -0.3005909667506595 -0.04781053208382019 1.5194374958580135 0.9802286059981034 0.03740430163134411
