0 15 0
0.9311254519873633 -0.0004937579814802333 0.00019255066493843162 3.628397519586641e-05 9.49874275702271e-05 -0.00010483936251533846 0.0001756689307000738
0.00023278136299684083 -1.4462515182059676 -3.276972336295615 1.053433260364232 0.05960424960668367 0.24634588284118458 -0.025442684236394095
0.00023278136299684083 0.26086473502208996 0.3153707170003453 -0.04063612250220551 0.9536386403803806 -0.8801110741021515 0.11695720170347165
0.00023278136299684083 0.33109559965028335 0.5306557824896871 0.10179154810807543 0.3498483800994505 0.6155403831852311 -0.2096483213841281
0.00023278136299684083 0.5518081009523246 -0.9043418657024148 -0.6752035917154342 -0.6701062135720408 -0.01950319528165811 0.34434137984350494
0.00023278136299684083 -0.05585530158371588 -0.3570130716380495 0.33009714616343294 0.9199071885855697 1.3576549909148643 0.02836685305830932
0.00023278136299684083 0.5531529402411489 0.4566137915947178 -0.008556054714004913 -0.3240073156621287 -0.42944152142426717 0.3743338671526643
0.00023278136299684083 1.2009813343838898 0.46387759013518187 -0.3635109877070419 -0.5976428840973266 0.2618490424811307 0.13305183216937033
0.00023278136299684083 0.4414791435331795 0.10384316007298405 0.07935615122581147 -0.7992457318022236 -0.1913967383668089 -0.14862320125910666
0.00023278136299684083 -0.3078412632702963 1.054959498421129 0.23187196975387142 0.46492494432998627 0.4499447490487602 -0.1785153185083478
0.00023278136299684083 0.5729311130439134 0.41950779331728427 -0.29716980130121684 0.4392084968683931 -0.12799760183077502 -0.2051581649949853
0.00023278136299684083 0.11600190519100764 -0.016414924370594428 -0.11430438052315664 -2.946164920365199 -0.6062425666618596 -0.2404830399210944
0.00023278136299684083 0.3785784109863528 0.8902905949265878 -0.15031117966689217 0.7101915061265636 -0.3742121897888623 0.4158629506990172
0.00023278136299684083 -0.16171535489323965 -0.958503061816652 -0.01750028539679248 0.5546389504082361 -0.5065761939946772 -0.6767699709231139
0.00023278136299684083 -0.4601979191514712 0.5079236720978914 -0.2744935728721656 0.5052549988127492 0.6235034830412428 -0.4309491061994635
