0 35 0
0.9311254519873633 -7.8584579720674e-06 -0.0002013224315014906 -6.897873723451549e-05 6.520673821784104e-05 -0.00046513847288979235 0.00018988779814061552
0.00023278136299684083 0.6997535823358639 0.16903559001910395 -0.06476076160690857 0.8856067316743359 -0.9445537350265896 -0.13729871144715927
0.00023278136299684083 0.48032434884266645 0.18479006538598783 0.014943464774942157 -0.23954086059255628 1.167703770240679 -0.1439878625415693
0.00023278136299684083 0.30224458211115934 0.5899638826647405 0.0008100039421294913 0.9519066198867583 -0.09383702107197728 -0.006735879995881003
0.00023278136299684083 0.55513232176189 -0.3218318192697893 0.03882369991565889 -0.4076891199308914 -1.057390898192533 -0.07087959664583239
0.00023278136299684083 1.5246377229440078 1.1791877678170901 0.16897046041860142 0.0998920565526262 -0.08516465248398807 0.050066868107308156
0.00023278136299684083 -0.7183496366135496 -0.19569493549894315 -0.02124764354318494 -0.7373033350623602 -0.49611935297180104 -0.05385274459902621
0.00023278136299684083 0.8991692436419534 1.070909300978184 0.16331110508411406 -0.08807001295108591 0.43643798187527255 0.11959378025790168
0.00023278136299684083 0.5449000151009833 -0.066687629098672 -0.04016090826643526 0.5488710912237446 1.2222337856771306 0.05889002648141792
0.00023278136299684083 0.010898568738758716 0.3718911770304315 -0.0020095285044982626 -1.637104723539496 0.7127927285895611 0.17883018139797138
0.00023278136299684083 -1.1193744463975484 -0.07437826607432145 0.03261139437902649 -0.013083938025051565 -0.46291296302978463 0.05221905453396999
0.00023278136299684083 0.3098296832569017 -1.0918183674439346 0.1826310422538438 -0.3530594511815196 -0.5434086630238361 0.0258148626960771
0.00023278136299684083 -0.7465567093797784 -0.05854918482664851 0.08285957543395554 -0.2128613656842875 -0.7030634951894391 -0.13848887150781086
0.00023278136299684083 -1.4137108947832477 -1.5052814184187389 0.06172001439314726 0.13607867605390034 0.261869836348385 -0.0448384492753017
0.00023278136299684083 0.14781445578779034 0.45814038798879025 0.06495796296354737 -1.1538825263154777 0.5019098389170371 0.07503303505183762
0.00023278136299684083 -0.4050512214156704 -0.0014028860425644848 -0.0761709816454337 0.15405741517555357 1.7205780960445791 -0.23535121173186016
0.00023278136299684083 -0.7053787227518827 0.19956866434089604 -0.1381873552288917 -0.1780233966012744 -0.9340021084526475 0.12640162197088994
0.00023278136299684083 -0.6873118432265211 0.11676584836988231 0.03231384039668226 0.21909255691348284 -1.1029522073929634 -0.05826397580496579
0.00023278136299684083 0.5034130250546164 0.2316785642266814 -0.0035247530361577325 0.7241446775352343 -0.9134792743361559 -0.024015435190414495
0.00023278136299684083 -0.5410017274718019 -0.14360483084320258 -0.03705172256632549 0.2864352065807182 -1.1703586192320996 -0.01593521794062529
0.00023278136299684083 0.38086146098845464 -0.6986467732269663 0.07210355275057485 -0.5722867880597667 -0.4809102258347983 -0.1309481626314502
0.00023278136299684083 -0.4371848281544677 -0.35707486021759616 0.022925295425010216 -0.45569222203824966 1.297464537882449 -0.12863093458275446
0.00023278136299684083 0.02006791771090577 0.4040592267492657 -0.1516951404821099 1.4182352557153075 0.4295668402555628 0.21142976435366634
0.00023278136299684083 -0.403006555272091 -0.44263614769771603 0.07725031063278742 1.1338593809044464 -0.3949567104956846 0.052867555917319474
0.00023278136299684083 -0.35106818375388477 -0.46752092307675724 -0.02584718458368757 1.1142291604023875 0.7122788325672028 0.008023068598490233
0.00023278136299684083 -0.4234917150165195 -0.3151577952628479 0.11089710721625626 1.063935568386804 1.0558090129575308 -0.0719968040102544
0.00023278136299684083 0.5546868068963852 0.2372051426862101 -0.015419655345610473 -0.27823933089878955 1.3443056071517725 0.04495930365324541
0.00023278136299684083 0.03623897713553807 0.27680372324167013 -0.03921458484303725 -1.7158462607281164 1.3686460209452658 -0.5361039112388889
0.00023278136299684083 -0.6931055279875029 1.4019328849636201 -0.1757812114044289 -0.44227995403033454 -0.31222651688573105 0.01460312121644508
0.00023278136299684083 0.11748738935702172 -1.0678053486945691 0.024960768119201806 -0.4345816388866895 -0.3084823469565629 -0.022784286912835804
0.00023278136299684083 0.7791324968502028 0.7633171671354056 0.008354205097203441 0.40046378943731414 0.3412570672892996 0.09929823118034921
0.00023278136299684083 0.3769951134840263 -0.014444509978423168 -0.08969615467068827 -0.24218204914475075 0.0017196297354169672 0.05969019508683507
0.00023278136299684083 -0.5338743233409745 -0.27825452850824167 -0.015203734084042308 0.6796239299313166 -0.6710919806842002 -0.0699771119328531
0.00023278136299684083 0.4226397487469919 -0.377334699199318 0.04171807034126233 -0.5717891746707464 -1.0854026588548167 0.032846774531509644
0.00023278136299684083 0.5436727067072687 0.6281652557871314 -0.030275604788441275 -0.34374292090386155 1.0462937351976236 -0.08002946960821271
