0 20 0
0.9311254519873633 -0.0005221631121853532 -0.0014258798268609204 -3.300053506145496e-05 0.0013385063025360834 -0.0007990511166531428 0.0009519222225130707
0.00023278136299684083 1.0779844682276396 0.8226109801309787 0.03614164071199967 0.4624255334836247 -0.4061068321429476 0.08488735485706488
0.00023278136299684083 -0.2530870724533278 -0.9490687564030369 0.09041806787370453 -0.5521238205688446 -0.021069289224542338 -0.00039968375791875197
0.00023278136299684083 -0.13084189295455814 -0.2521319659619321 0.05547288205036337 2.006450984443881 -0.21385596021052986 -0.5878739008305838
0.00023278136299684083 -0.0620776686205081 0.9526879199563156 -0.06528625924120998 -0.6654557335789111 0.2742329902285509 -0.2036706391908181
0.00023278136299684083 0.04117801346090188 0.7875607856024498 -0.17040536794677694 -0.5580077731775779 0.6580025438809988 -0.025781722098576803
0.00023278136299684083 -0.4813058874137934 0.7385810132400823 0.06210099808600327 -0.32947371770022654 -0.5382408534263831 0.16729096810600994
0.00023278136299684083 0.44429159836368476 -0.19919737893289152 -0.12800061742025923 -1.4100612422612027 -0.6535352006279916 0.18152314288009616
0.00023278136299684083 0.20726414315599975 0.008042406420180687 0.018840896649915742 0.8690393947120476 2.450695451705453 0.07810983562295812
0.00023278136299684083 0.006418190425791057 0.15861285813956733 0.16838833714751822 -1.3172105233358609 -2.0424041100549624 -0.984619489496213
0.00023278136299684083 -0.360879137279607 -0.19314997131627867 -0.0814543966157359 1.4877447115118585 -0.8544599052261281 0.2057185413135786
0.00023278136299684083 0.5074257353276008 0.6517833889509397 -0.18373936508104757 0.06496555263377368 -0.3445791973785476 -0.10284013925122062
0.00023278136299684083 0.07069164058954763 0.7808811873442152 0.041794062027072976 -0.5645219309617684 0.606718557349398 -0.045021101704080774
0.00023278136299684083 0.18524318117709476 0.0968814251193532 -0.01657463162340039 -2.52040343612709 -1.3306791711653458 0.22356011568738834
0.00023278136299684083 0.6652248875980233 0.052954559096225796 0.2020428191907199 0.01840185511488282 1.037671869002799 0.0657098679155407
0.00023278136299684083 0.0065703494623896306 0.019584121800591835 -0.007971832628393778 -4.3259023584859655 7.26118126346714 -2.5112935060504467
0.00023278136299684083 0.030750213613105638 1.4505046809546513 0.06817389156377052 -0.05827054777259688 -0.5613039828194365 -0.008008608525145415
0.00023278136299684083 -0.2889731329404254 -0.22839340330590097 0.06971125380565438 1.506376328744007 -0.8689160847516041 -0.3692062281418243
0.00023278136299684083 0.9066216341885042 0.8834168230360603 -0.04097181158376348 0.4958915982762888 -0.12542744872502534 -0.21618694782713924
0.00023278136299684083 -0.4838468151859715 0.12135863357101828 0.013321573279682145 0.036109914905341545 -1.1317201732683206 0.2404132504390492
