0 20 0
0.9311254519873633 -0.0006270158738576799 -0.0020466882399004537 0.0005003935192062601 -0.0015857915625290503 -0.000666321536946093 -0.001338343992480659
0.00023278136299684083 1.9496363339215372 -0.01654149639964122 -0.17417197204669863 -0.05855698876050983 -0.4543075463765611 0.0065384300065313965
0.00023278136299684083 -0.3432246564773008 -0.46107606263685286 -0.1578006558861591 -0.014424483803048605 1.2897530230108691 -0.14913565583160593
0.00023278136299684083 -0.3143357821523028 0.7368292310357485 -0.01993173192226954 -0.6361741613185292 0.049582294180350824 -0.04715588989580781
0.00023278136299684083 -0.2795560390624207 0.8234265461044692 -0.26785947204353816 -0.5044871624869777 -0.7892343101173442 0.014247107016799952
0.00023278136299684083 -1.4781085526975606 0.7246919765614452 -0.1352727885189645 0.15647216529004757 -0.5401301073709016 0.04264621850534632
0.00023278136299684083 -0.6672840510371918 0.35006260136658196 0.09525192327135153 0.36077780205582727 -0.7411998405090967 0.0820786743679416
0.00023278136299684083 1.4476058882599157 0.7464214577366617 -0.20053000916725935 0.11032643226445318 -0.15885015824517595 0.08288821853564962
0.00023278136299684083 -0.3122244283186655 -0.14517015933526534 -0.09972687347286882 1.3953450769202589 -0.9598152355711679 0.06540354038286245
0.00023278136299684083 0.6343671622309719 1.2781029885992399 -0.17364341971115088 0.3526809575491103 0.590428109077248 -0.05967665009241879
0.00023278136299684083 0.07822945210788439 0.3383529744187515 -0.0027448654044946457 -0.9591822730372066 1.5983913770553437 -0.20083609120915888
0.00023278136299684083 0.11546229880960104 0.16065221948166844 -0.09752739284302106 1.5756323044605092 1.7712351193703053 -0.8310190464729781
0.00023278136299684083 0.005472396435027868 -0.018236560185713027 -0.004374085887272586 7.845584940076012 3.815446168856694 5.0087511748669495
0.00023278136299684083 0.9833807914256423 0.875434182050138 -0.25096557681724707 -0.38005450533224194 0.12833184566747088 -0.013188489297067034
0.00023278136299684083 0.3321254749828402 0.6310548777779557 0.003511059937098627 -0.48884288134134407 -0.921218274339645 -0.004698975462334015
0.00023278136299684083 -1.1257136357026383 0.5454314740782854 -0.07299629276459403 0.3814934906800325 -0.2161212706824023 0.09050615745888818
0.00023278136299684083 0.09503340892266494 0.20128841871449332 -0.12713553462923546 -1.111994259131243 -1.999893401506818 0.7653912501061679
0.00023278136299684083 -0.1634845400602297 0.575040648105991 -0.13294675296698433 -0.611151463858549 -1.2855158076104187 0.2625850888582384
0.00023278136299684083 1.3505743526491043 0.5472821434941304 -0.17561099839665037 -0.27484030042012547 0.10307446639719971 0.03845399846256733
0.00023278136299684083 0.20010762119042905 0.2937054986344762 -0.0070986375550828 -0.7954384396902732 1.385329696498416 0.19959690961606258
