0 15 0
0.9311254519873633 -0.0020333557272845105 0.0014456642010089436 0.0009068669455709657 0.004297816045381789 7.785297994761683e-05 0.00318237540765672
0.00023278136299684083 0.7212756791142573 -0.9281732768173292 -0.860752462138385 0.06360646589481107 -0.387874142652479 -0.057125140719530954
0.00023278136299684083 -0.00017768724821775762 0.0013904096891271549 0.002140264518296727 -18.874873868165448 -0.5333022103200008 -13.87471592362503
0.00023278136299684083 0.12433572331555257 -0.40439549186299106 -0.21881756760589183 -1.0041010968523016 -0.8273370164302616 -0.269549365393165
0.00023278136299684083 -0.19584009092923396 -0.06499155714043603 0.3051254059206909 0.059637326987339694 1.681146407317161 -0.0005684636991446302
0.00023278136299684083 3.378285092999943 -4.052543144506567 -0.24964470400507013 0.1423428163531155 -0.06973634027365502 -0.09682615736614648
0.00023278136299684083 1.156445916577331 -0.7809044958149306 -0.671903224051221 0.07103645063180432 -0.30747497769882737 0.011419632327829284
0.00023278136299684083 1.979290605410974 0.769571092790199 -0.42796030721994555 -0.5352263371422568 -0.12713659192089646 0.016492857404816135
0.00023278136299684083 0.8599978048149443 -0.19215097103953546 0.0616022934825768 0.16432405010767262 0.3304097393016088 0.4057510906920838
0.00023278136299684083 0.1460812650657763 0.6096101497522437 -0.3582010980393945 0.9288411878345403 0.3560980994603829 -0.7078756736192383
0.00023278136299684083 0.29306778976480724 -0.6961516516239514 -0.48717001918923447 0.3750103407494165 0.18399057005308214 -0.1989477012881615
0.00023278136299684083 -0.9593685990455665 0.01720182905583824 -0.7737219544774291 0.08972509016334144 0.2164999302540047 0.5169659538349756
0.00023278136299684083 0.124683342491649 -0.1855985044240923 0.18987184403905327 0.18807153852510547 -1.7429719471064482 1.4486736260025344
0.00023278136299684083 0.5969319764945545 0.020574650271116525 0.12250668796869696 0.7594675431142637 -0.9615855479236651 0.049491422251493326
0.00023278136299684083 -0.09158590965042851 0.10390415763204977 -0.26054294148694396 0.3808743102714388 1.8778621081495248 0.027312212569800248
