0 15 0
0.9311254519873633 0.0006505814466281271 -0.002969219226777965 -0.0013016837662548283 0.0038183013849865696 -0.0011163763512388165 0.0012175860016453177
0.00023278136299684083 -6.191974870638613 6.842731730282164 -2.072727152944937 0.08823982854189373 -0.06764062986795832 0.0531520199295653
0.00023278136299684083 -0.38219123288475126 -0.19313641820812028 1.4261946426388763 -0.23410971865091731 0.803562216159236 -0.24642396317424273
0.00023278136299684083 0.8315755255949359 -0.40648403759941515 -0.1396369839543361 -0.26758858325148127 0.5110861201853916 -0.3624493324462108
0.00023278136299684083 0.44414603705740197 0.08269453383937161 -0.013695430814877188 -0.22657535377107332 1.2214799870532003 0.2915076428670805
0.00023278136299684083 0.9738400375588834 -1.0178644046069385 -0.9614587973952379 -0.06803399734660048 -0.17665229569013788 -0.33478704560796907
0.00023278136299684083 0.4974875029113115 -0.5029479890472648 0.14756644760885515 -0.4716724903334516 -0.0009875339705665447 0.354409754549463
0.00023278136299684083 -0.7793297390343137 0.10503723443115386 -0.5154633583200255 -0.3941086897844143 0.8821772662595281 -0.6112747240661469
0.00023278136299684083 -0.10791656322110382 0.11957755734152378 0.5865836709354378 -0.0032705669794844423 -0.8778418757212949 -1.2345958286346606
0.00023278136299684083 -0.15249396378781283 0.07340742218147091 0.18033003638501924 -0.13666697892314894 1.7269080445050113 -1.2346197726170844
0.00023278136299684083 -0.0020378789366543096 -0.0029408789788038887 -0.0013365290267155865 -13.469122514392867 1.470807447475998 -0.43614345821364603
0.00023278136299684083 1.4717388015325656 7.2249589793019835 5.64820724570271 -0.0514080170693708 -0.20188760109332426 -0.18070503730412674
0.00023278136299684083 -0.1875108077325273 0.5039534571287227 0.5677606673272083 0.5031099040000424 0.33875971192658455 0.13126238250115918
0.00023278136299684083 0.2684363096913628 -0.9786222957980285 -0.09354913989942891 -0.40791535707525634 -0.3740526023756229 -0.34835433547831884
0.00023278136299684083 0.7139050554184504 0.02651201685392508 0.44795974677676914 -0.134083004910138 -0.790212849890782 -0.711322308886132
