0 35 0
0.9311254519873633 -0.002107263925075826 -0.0030433836301936488 -0.0005947446296477559 0.0001574570364590555 -0.0004822111237498488 9.925108515438223e-05
0.00023278136299684083 1.5205555725785989 1.103039295615884 -0.05662802778623721 0.24846999135732703 -0.1286675594950886 -0.1069693992272146
0.00023278136299684083 0.05678882204630253 0.04922715568986857 -0.059254603246244465 -0.2466358761601125 4.017369784408033 -0.8592161873935698
0.00023278136299684083 1.0429681003649909 0.15093106821905483 0.06695018362046222 -0.12393743801035433 -0.14372148206457588 -0.02485866162499904
0.00023278136299684083 0.8647364154463688 0.40325668387881686 0.24222570632394186 -0.08730191761437292 -0.1206578839422334 -0.041021403180588445
0.00023278136299684083 -0.03651799915299235 0.4389958770096912 0.05987273033945577 -1.0425959885637595 -1.1521217168034652 -0.10767815079571681
0.00023278136299684083 -0.6870424880183746 1.3723394722309281 0.1669292948006361 -0.0891547446805015 0.15800523149951215 -0.09359855691289432
0.00023278136299684083 -0.14117449892765158 0.1882353454599051 0.051709086377457275 -0.065905344303577 2.4648825710023714 0.7667437428162682
0.00023278136299684083 0.16556646715063122 0.7228874965261666 0.07646683676281024 -0.5532300337897273 -0.30658041608839226 -0.056254044640829684
0.00023278136299684083 -0.6659270520608775 -0.28700348788130187 0.13118423503361834 0.47636533700707595 0.6381677739283267 -0.14031242952228878
0.00023278136299684083 -0.01933371387950849 0.7316312005527901 0.11919608253006934 -0.15603383441299656 0.31963426787441646 0.07249503541451417
0.00023278136299684083 1.5830802168028588 -0.31882376137415164 -0.12810514776732249 -0.1039933251366881 0.10001513378290888 -0.00472213880540737
0.00023278136299684083 -0.28747250119789913 0.763311725014116 0.2230708907527655 -0.21025264569597896 -0.7748644455789211 -0.12488701816627044
0.00023278136299684083 0.01276829823350875 -1.350792301837543 0.0345702354906823 -0.2523147542214145 -0.8815289733649011 -0.02610822161225172
0.00023278136299684083 -0.16460768067378562 -0.04364514066204225 -0.2354699089782096 0.5082616136558493 0.12190059613461438 0.7158794311839851
0.00023278136299684083 0.913596467527359 0.3113024456823601 0.12656888203025496 -0.5903952019868417 -0.2786920440337427 -0.13616089478957155
0.00023278136299684083 0.6119738393326309 0.6901076178266481 -0.07682441026310953 0.5204928915361813 0.42949138705918527 -0.051112013509387134
0.00023278136299684083 -0.7044421233178866 0.5932550587467044 -0.05127296659974322 -0.5143137493896718 -0.9091913004135868 -0.1664010306454503
0.00023278136299684083 0.5173052721372952 0.5959671618690976 0.1520406371550201 0.5892200056896006 0.26034579640052496 -0.1348433714091875
0.00023278136299684083 0.33259182691045186 1.3959999819020803 0.24519393463194103 -0.3743572510492506 0.12409418345335758 0.21660574086391426
0.00023278136299684083 0.6218118852545628 0.020564403661394167 0.08179756214828017 -0.15542015541009363 0.3818814912857354 0.2001125713788234
0.00023278136299684083 0.32676124837603004 0.7314461761327803 0.029421510792417362 0.7669040800973702 0.044048788277208845 0.13365804484308638
0.00023278136299684083 0.5880726232247206 -0.03623981055540117 0.3981604011091576 -0.9166102736708908 -0.609853549579739 -0.08636106440251637
0.00023278136299684083 -0.29996188839068205 0.6696641748191542 -0.002294593069539209 -0.5408204867333553 -0.18752431357876725 0.11656070573937936
0.00023278136299684083 -1.4263757276634925 0.4510024608249602 0.2768249553308574 0.21484482044040734 -0.07780835629622121 0.0778360098614161
0.00023278136299684083 0.09450526964554659 -0.9061494176250797 0.0819766639279293 -0.03637739478748453 -0.8153490597006665 -0.052320243788908545
0.00023278136299684083 -0.5203836331532334 -0.35715035497470177 0.052451822906109356 1.305081123374263 -0.6577825686955238 -0.02660066728942816
0.00023278136299684083 0.4034968489541309 1.0961735903006475 -0.008375729811194615 -0.19384552325654672 -0.6301817308651408 0.03420419611008085
0.00023278136299684083 0.520287069356211 0.9887988118552754 0.36627075647822704 -0.6387745489612201 -0.012737841157457176 0.003143761269582824
0.00023278136299684083 0.19611296801795047 -0.7252242914104751 -0.04397990382486861 0.8813327511904498 -0.5364589810300112 -0.05085071860440566
0.00023278136299684083 0.7077451806269831 0.05132568278863098 -0.02575890995534445 0.1360460209162898 1.0641129788941308 -0.14805273793086043
0.00023278136299684083 1.0718631540294283 1.1182188755458367 0.24000918542403227 -0.5271726074877368 -0.6227254549871327 -0.13227534697549798
0.00023278136299684083 -0.448531688164211 0.5455403727390953 0.05747375650257032 0.5943505004112033 0.01416511944689804 -0.13961650093074082
0.00023278136299684083 0.8390978917132048 0.6184299999635267 -0.12363172434565288 0.23216744035163708 -0.2895640035812443 -0.134459270653128
0.00023278136299684083 0.8391412571764654 0.3969109522386012 -0.08979090623024712 0.3160783734586906 0.9267410728089741 0.11043649271253457
