0 30 0
0.9311254519873633 -0.0010377353015942968 -0.001896368911738691 0.0006943207554095431 0.001164905167234344 0.0011634401695433008 -7.836017682832252e-05
0.00023278136299684083 -0.31207808668120596 -1.3983928822316876 -0.6154713117179531 -0.28351417321274186 -0.350446719487065 0.010403654467352403
0.00023278136299684083 -0.6154224530511554 1.0020402596986753 -0.30662139490990287 -0.16578894987284637 -0.6963183412643061 0.03338071851756013
0.00023278136299684083 0.36327152753145714 -0.24295683326123188 -0.045536298748038516 1.414022743775256 0.7143875847289936 -0.24929311909207946
0.00023278136299684083 1.3755411899178074 0.44458332565495634 -0.07846339782322612 0.22982729073401384 0.46274852073436684 -0.03725552672730295
0.00023278136299684083 -0.16061352016756966 0.5405963130691376 -0.008007878394734517 0.5216744546215919 -0.9800368315864743 -0.09646678787376749
0.00023278136299684083 -0.21485957612671783 1.5063515757089798 -0.4039428529166684 -0.1642168610762245 -0.2956530412493296 -0.027163830632660223
0.00023278136299684083 0.21895757963540222 -0.7059952283987317 0.1320024735203237 -0.5711853268220262 0.6315752951509981 -0.03264710757813879
0.00023278136299684083 0.2115619796468547 0.7868763739315892 -0.11908012606699488 -0.10344189070182741 -0.6295164698776046 -0.0027696472069946264
0.00023278136299684083 -0.22966488543319405 1.0388511092020565 -0.13066149264771523 0.04778819426495371 -0.456898234016646 0.0008139143207386461
0.00023278136299684083 0.14917112332626312 0.11919075669049126 -0.15853579463069722 2.050454135146794 0.7681758865409073 -0.6081239450178341
0.00023278136299684083 0.8052425329564264 -0.18024968235923475 0.13017089856453778 -0.9984198256330941 0.11871919673127966 0.009464235018525587
0.00023278136299684083 0.36241047435424184 0.7366586438052638 -0.008447331179756701 0.1046678830169132 -0.10617450120347452 -0.05272305190774882
0.00023278136299684083 0.03623545431387738 -0.14449425800967985 -0.06612449431083882 -2.9897687043496934 0.5598090283733682 0.785396486760263
0.00023278136299684083 -0.20290415432877562 0.1125318444130276 0.03998608865761841 -0.662339675154851 -2.4350966675654115 -0.4616963103678413
0.00023278136299684083 0.4789986775707505 0.6816672021953188 -0.3012692517913482 -0.7013877450997482 -0.5839487706691057 0.05740228937564567
0.00023278136299684083 0.761988932346035 -0.24802543233168634 0.05485693199800925 0.8397965811044653 -0.05246882281833198 -0.10550792309818466
0.00023278136299684083 0.11581802329872146 0.7622823359623849 -0.06345684794351326 0.6422855263549517 0.581090203409644 -0.004982025266581193
0.00023278136299684083 0.09155914257563033 0.207315757760912 -0.11629478582561185 -0.7590495688200991 -1.707913924678998 0.9498697687963049
0.00023278136299684083 -0.838297055842652 -0.29178189867914606 0.2472296380877254 -0.6885285765661899 -0.6379586287480936 0.024436945047166776
0.00023278136299684083 -0.46997636282385585 -1.0182923421675347 -0.06745090167924174 -0.08133703395120356 0.541301381603481 0.04317583944159366
0.00023278136299684083 1.1698770097605231 -0.03568939045579624 -0.14158767500232838 0.14557833886626115 -0.2756575875545097 -0.20804780550399776
0.00023278136299684083 -0.6847255106016422 1.0526294031880998 -0.35036016642286044 0.23765708610521352 -0.23266394973344434 0.024869133286682277
0.00023278136299684083 -1.1367920492244912 -1.6908892803678242 -0.20731918857266843 -0.12325878197863967 -0.04671372026075056 -0.12958449760577917
0.00023278136299684083 0.5905864542557553 0.9064863003010668 0.1024944751165558 -0.1636802245810985 0.22875745114415022 0.18025971242849
0.00023278136299684083 1.5747952301673351 0.6147886132815844 -0.10342883495717815 -0.2759149134759797 -0.41483037172908166 0.05542004744492018
0.00023278136299684083 0.3084456694401099 1.3464281486519314 -0.08457694600375709 -0.2560204158050391 0.15432727236823437 0.004240205776142463
0.00023278136299684083 0.04889350688838885 1.0617382781623546 -0.02223672535444289 -0.2933693461076705 -0.21465639921470053 0.1255532069978038
0.00023278136299684083 0.5248661877989563 0.21446165168991418 -0.03561382999331414 -1.2162705066552815 -0.6124964224686905 0.05746937185164319
0.00023278136299684083 -0.17194583512507583 0.406764981851312 -0.049536000690134106 -0.3958803830635305 1.3147969051673885 -0.03245324433863175
