0 10 0
0.9311254519873633 -0.00013307209999429684 -0.0014935666984316268 -3.2334555046273495e-05 0.0010492909018009694 0.0003520873679356548 0.00027345636957976414
0.00023278136299684083 -0.2261033877540998 0.6167176532318901 0.5391756578419937 -0.9454800811488594 -0.413897135797564 -0.13785304227247802
0.00023278136299684083 0.7026499987626221 0.3530447944193825 -0.16592077830713078 -0.22314488150048506 0.4413215375451561 -0.6427757309785573
0.00023278136299684083 0.5046319824400425 -0.12741791926704032 0.18237050144309813 -0.9754021661116158 -0.5252762005251459 -0.14301732455986355
0.00023278136299684083 -0.4070004074426649 1.0898516100739735 0.6003970298516855 -0.15231839577668985 0.6266156587428304 0.1698783974216394
0.00023278136299684083 0.05403640701776798 0.5152769318792378 0.4565451779387313 -0.10544323890233673 -0.9807932073373193 -0.8652492532448018
0.00023278136299684083 0.7077304111991458 0.9237670678048853 -0.13740362944163162 -0.4546718953012873 0.4828938164946049 0.10992329507676415
0.00023278136299684083 -0.7710420181838807 1.7460211383563449 -0.37420680355993596 -0.44096344896476236 -0.5450041668351582 0.23665389643067586
0.00023278136299684083 -0.24619993394405287 0.26108001773167494 -1.3677795800683894 0.09450482230352836 -0.30884411336244805 0.5395558122214564
0.00023278136299684083 0.21358534791081063 0.5959254996037516 0.3961606444869566 -0.9942443218013703 -0.18536566066757512 -0.36094152841389204
