0 20 0
0.9311254519873633 -0.0008102733137804278 -0.001970996825422683 0.0003472831570307113 0.0005311440348881762 0.0008501073528601283 -0.00027334077476338464
0.00023278136299684083 1.2415697609872935 1.749158123743444 -0.37739107881060185 -0.005582069214543317 -0.39867637161305475 0.05437599020467254
0.00023278136299684083 0.5334012523261273 -0.44421222136702215 -0.048962604898382577 1.113022915993126 -0.5503397978971366 -0.08252098864099154
0.00023278136299684083 0.6420515380706561 0.9659157750962268 -0.26828639914274455 -0.557657014463893 0.21938832650239654 -0.1091328912868925
0.00023278136299684083 -0.22184903412906806 -0.35572373959010345 0.12459762374094024 1.1714554730033087 -1.1884547035686541 0.07360637249964598
0.00023278136299684083 0.09399499748289618 2.095620571295392 -0.44511728534516215 -0.0939165884897929 -0.24792212825613222 0.09379507673305167
0.00023278136299684083 -0.23612060983703229 0.31963196050935266 -0.10905066565642851 1.3354319948370263 -1.1378963811462064 -0.13789028222237656
0.00023278136299684083 1.3517039255338108 0.3448543211850753 0.11588235914713144 -0.24211591638467145 0.24378415323257102 0.042067788814227
0.00023278136299684083 -0.6056583593221226 0.5053096811039534 0.15005534664873169 -0.043421282047526814 0.2467569718128912 -0.11366874644872338
0.00023278136299684083 0.2735477958985032 0.48597100539263877 -0.23196293368225282 -1.2271064403462666 0.43071113606744793 0.20473379342611647
0.00023278136299684083 -0.4217324576702745 0.23362657045818483 -0.28306092754157564 -0.10238281891027722 0.47218382306039114 0.08230313476343949
0.00023278136299684083 -0.6036826459291686 -0.08302619631952508 -0.10100288360100187 -0.8362018903944659 0.8877849109534917 -0.5125576331115286
0.00023278136299684083 1.6551801577493246 0.5013042049070963 0.07389889887750363 -0.1028954963520067 0.36885759838582144 -0.18784973480064437
0.00023278136299684083 -1.2445997535287932 0.28640416976581723 0.20335632600372663 -0.19876296157743015 -0.5704593081921284 0.31888958756805724
0.00023278136299684083 0.204900769991382 0.934708998559523 0.0029161458362423603 -0.4873380607515318 0.09697817645165693 -0.17555647370984664
0.00023278136299684083 0.18164522647700324 -0.3331284480855196 0.15873701955169747 -0.9584646831152145 -1.1760038794929502 1.0253816887903167
0.00023278136299684083 0.4743481574036884 0.4926824921763121 -0.04623497665560417 -0.23904646169777036 -1.3689318712695118 0.38939119661662475
0.00023278136299684083 0.09719504731847155 0.8679491106420493 -0.17876549659838872 -0.8076142986658918 0.16774206717758627 -0.1618934185903603
0.00023278136299684083 -0.3447925456761882 -0.4131839381748179 -0.08789034154045172 0.7397235181913199 -0.7917391850293488 0.15300732873716297
0.00023278136299684083 0.16999003197791213 -0.2698751396175772 -0.04085075445625661 -0.5817040591662062 0.8958070513803553 0.1368813097115881
