0 25 0
0.9311254519873633 -0.0031091898436147766 -0.0001999962662346079 0.00020815015432888853 -0.00026726318926620195 -0.0010372609935501824 -0.0009432876569273116
0.00023278136299684083 8.42627235041733 1.9843915859610253 -1.2169463069802096 -0.04953540374466351 -0.005674400776173996 -0.010844304284677036
0.00023278136299684083 0.4996454357831072 -0.30152101892998884 0.00352892711369522 -0.8658936351387861 0.2782896684181131 0.18368094976041793
0.00023278136299684083 0.37013019071248837 0.05300812445143642 -0.06378048522112012 -1.362313740355767 1.1059203227143584 0.3162536881085476
0.00023278136299684083 -0.2056112850366818 0.04414814991621724 -0.0680575250220788 -0.1575826297052069 -0.2987213595245406 2.6321363939007583
0.00023278136299684083 -0.47312299801661595 -0.006502821511399611 -1.2682960585961853 0.2931680363935384 0.12664671323177645 0.14103854939481583
0.00023278136299684083 0.5309932710230315 -0.30597587164137185 -0.17637920573558064 -0.7779348422152721 0.43955181076403244 0.252129315938962
0.00023278136299684083 0.5229978924659412 -0.19976126705944058 -0.18068100641475995 -0.3913906958191953 0.939350898935033 0.16521871165084356
0.00023278136299684083 0.37527193283465454 -0.24895777705469968 0.2591913220796608 1.4329051500744832 -0.04550778887067251 -0.43806472178813816
0.00023278136299684083 1.1506365138609942 -1.4021846385554932 -0.6863534269507375 -0.207875893154469 0.08340502891294715 0.009049900827691644
0.00023278136299684083 -0.20810257701664808 0.046107691659093196 0.5256300893540542 -0.3143337801159006 1.1210919025875603 0.4210005851545438
0.00023278136299684083 0.0013421301641726507 0.3081629751594494 -0.03993373421354906 -0.8773452423838184 1.9085069170341233 0.5721055053244312
0.00023278136299684083 0.2927477358775165 -0.11027067475291043 -0.27668531419947057 0.9379559064911257 0.20773722840461156 -0.311677925660086
0.00023278136299684083 -0.1897167021499085 0.8617886937482431 0.05515068653740541 1.0667637746465206 -0.07610268134470836 -0.22435460417150532
0.00023278136299684083 0.7278758403577466 -0.0339685143471409 0.06903147454733513 1.2076828253883805 0.004493692277963435 -0.03370304611977025
0.00023278136299684083 0.3118872365767466 0.009486687788569799 -0.057231162816919326 -0.9063349061128742 1.1911754401463777 0.03787539494534174
0.00023278136299684083 -0.566096034902201 0.2719268076447585 1.7914404298766615 -0.09212390248430481 0.2297150285691279 -0.1777200115891034
0.00023278136299684083 -1.9788401677858904 -0.8281556917911355 0.37848446731141117 0.17353362251535046 -0.39500763824698276 0.13480547919315564
0.00023278136299684083 0.18262171574459105 0.4988064496744337 -0.1475241059824385 0.9980904892514828 1.1604283615383038 -0.6134525733159196
0.00023278136299684083 0.11520132380889798 -0.4410780480996832 0.9404163825097706 0.0349318448800338 -0.2439016210784693 -0.46302573371170863
0.00023278136299684083 0.3677264220262719 0.23971922921926223 0.41849642579864044 1.0011908866380042 -0.5831578061471835 0.08088417097704668
0.00023278136299684083 0.0725401162913348 -0.16217783424657214 -0.043340909307665536 -2.0699692484196826 -1.5529930638329668 1.0638588770011825
0.00023278136299684083 0.8422514722232884 0.18914646281861308 -0.17428879833370434 0.20206533513397631 -0.24058922747235365 0.2694998145126748
0.00023278136299684083 0.18945965483173868 0.09345541722553156 -0.23783305623503298 1.5737249843867138 -0.9535529036672377 -0.38112523407858845
0.00023278136299684083 1.078647904353912 0.24039094764612728 -0.6366397264347857 0.21967382091513524 -0.2520605483723121 0.1475814457383285
