0 15 0
0.9311254519873633 0.001208125498162022 0.0009582964427012313 -9.326245409990278e-05 0.0004553417695096213 -0.0002290780149871617 -0.0002764156809663164
0.00023278136299684083 -0.4942848318127347 -1.2720038750948874 0.14425947541579778 -0.11929867755572361 0.5085687683177534 -0.03244130277881891
0.00023278136299684083 -0.42206967784175453 -0.1465987269097063 0.13373319452394214 0.5709477935345592 0.8137000249445632 0.357046059013545
0.00023278136299684083 -0.7124415679999416 -0.11892846166783669 0.3700351444637992 -0.617087518083133 -0.4239864139752839 0.1973280810008175
0.00023278136299684083 -1.2034807428313135 -1.0533020464713585 0.14528977276497765 -0.06835083696190555 0.26666907618199215 0.06365372490791639
0.00023278136299684083 -0.2839839744678097 -0.9588545097229566 0.37191819412731625 -0.4421186986920342 0.14843975092745093 -0.08354589318984239
0.00023278136299684083 -0.10364787087403551 0.11589752574427375 -0.08894148129380706 2.316095917064446 1.6724495685001903 0.928002740936809
0.00023278136299684083 0.13133444791506002 0.48201681322161605 -0.9558036072178127 -0.03673679004162011 0.010153362709024732 0.6288486248181054
0.00023278136299684083 -0.8469363999287064 -0.25790530588418614 0.2905966917625431 0.34397513953850783 0.25781249611253776 0.09513855272079469
0.00023278136299684083 -1.6830723627927349 -1.0338300435152281 0.16677725091448897 -0.17789911709952053 0.005434297551974922 0.00910890825024042
0.00023278136299684083 -0.7047883257205962 -0.5599939297826199 0.1306657181568383 -0.47062786029260195 -0.3682975047356217 0.023953588960892537
0.00023278136299684083 1.1442454476702444 0.8893496398568049 -0.09925979480199922 -0.19636542626545 -0.5101725892322565 -0.07470046798814639
0.00023278136299684083 -0.19374834876338975 -0.1090565163269558 -0.23169549830096384 -0.0015458732817796716 0.0090206510776336 -0.0051310921773198995
0.00023278136299684083 0.44712124507967127 0.1023277537634696 0.07908365588831426 -1.2612374286466221 1.2489754964013677 -0.16403073758874395
0.00023278136299684083 0.09325096972351835 0.08769591197565263 -0.08360890000381199 -1.6611177012556084 -2.722454924832677 -0.8375680630209839
