0 20 0
0.9311254519873633 -0.000441060631718989 -0.0016175738950957874 0.0004978892758157486 -0.00116666644040716 -0.00025349807212973264 -0.0003255144716797258
0.00023278136299684083 -0.22878672124710822 -1.032388137403107 0.06551591253493162 0.7197800779166795 -0.5884017559565985 -0.22988350244913094
0.00023278136299684083 0.6299043826282856 -0.7130339612870823 -0.08833922984753752 -0.3390471171652788 0.06361771058241772 -0.031559178958463996
0.00023278136299684083 -0.23029693369016513 2.005268778437624 -0.38286433698524525 -0.03170252448947537 0.12231839709172349 -0.11701679215657418
0.00023278136299684083 1.6524696876059248 1.5301779898475882 0.22940808939013008 0.1864474957177504 0.5396816633380922 -0.06757644762276897
0.00023278136299684083 0.12365654752403889 0.8873547022096954 -0.04212382380970678 -0.3011893314204357 0.5773744040856968 -0.24135122443323248
0.00023278136299684083 -0.45263761759217525 0.3218458629889659 -0.19954133674853403 1.0611215840473542 0.6765380887399118 0.18585240423602856
0.00023278136299684083 -0.3743404473101335 0.3409327283576316 0.1149666566228606 -0.09571015547248557 1.565317569089673 -0.4077221715746721
0.00023278136299684083 0.4795123075555173 0.532122826310878 -0.37143592970302153 -0.07256001294949624 0.8481076620998408 -0.21765537674532842
0.00023278136299684083 0.7848561463793979 0.6476177483630859 -0.3841625910817942 -0.4633363400181177 0.21981072086845246 0.03074260509719275
0.00023278136299684083 -0.6291220385799342 0.6494616108570227 -0.3278900589502503 -0.1676018360969001 0.9468312146515491 -0.2292548364493498
0.00023278136299684083 -0.23350429063220013 0.28108569283135293 0.01415290863110094 -1.290899849816173 -1.134652030494199 -0.29484628664348767
0.00023278136299684083 -0.39720151500928785 0.1633602011955795 -0.19878340492989532 0.9864542903172809 -0.4068347316916644 0.49245765141262077
0.00023278136299684083 1.0798153403096773 -0.9444443184758691 0.0873816740014282 0.8214478537353622 0.05099883778676079 -0.00447794551994441
0.00023278136299684083 -0.08529139289140221 -0.20434302002609878 -0.09698531468227123 1.895416528963307 -0.4630151293633482 1.320869865649823
0.00023278136299684083 -0.3798097266925584 0.19618534868141127 -0.08331025856060939 1.5533009451759372 0.2888012618925445 0.005796704873295792
0.00023278136299684083 0.5057460042621802 0.8154003347763201 -0.09296942323533713 -0.9158071663384576 -0.1732922233203444 0.2291974269523789
0.00023278136299684083 -0.040886778646751526 0.7463033975371646 -0.12139583330098859 -0.14917772877838822 -0.6783824612081618 0.054828911815056294
0.00023278136299684083 -0.5144478532256394 -0.0928169425301247 -0.1285915311686552 0.006512411021336093 -1.193727861420942 0.661236006038763
0.00023278136299684083 0.07460742613080078 0.34020473770514476 0.015410728560458057 1.263216637278838 -0.24709904825247778 0.1624200731966972
