0 35 0
0.9311254519873633 -0.0017769569120518471 -0.0042012507922270905 -0.001343810075426685 -0.00044337868271181744 -0.0008190951419346967 -0.0005298663027840508
0.00023278136299684083 0.705870116406965 0.7219735723080253 -0.32474118316957407 -0.6604492446687261 -0.5529708507827424 0.08241586310033026
0.00023278136299684083 -0.7215711770813811 0.23623868260822917 0.15169221722533305 -0.5077784875858933 0.6396390040473608 0.21377672909964168
0.00023278136299684083 0.4985690602139873 0.5523026096886325 0.2532273538525951 0.16953325317301607 0.21448787108891879 0.0429248459253774
0.00023278136299684083 0.909128041410466 0.453007648673964 0.2217892726353348 -0.18595891398901418 0.12808392334359908 -0.1829533495727144
0.00023278136299684083 0.8607118674793895 1.1599869158813363 0.19617659042550362 -0.5645132144664013 -0.48375411821246017 0.10337151396959282
0.00023278136299684083 -0.8039359958826273 -0.17431292502192197 0.08292002055892657 -0.01084784307959941 0.42968068779248025 0.1402948717367173
0.00023278136299684083 1.4889331944828788 -1.4274946605240124 -0.30185425004936567 0.5341412629251513 0.084679092919635 0.02580272255871786
0.00023278136299684083 -2.0870803305720287 4.796320200943708 1.731607876956055 -0.0026073844536892653 -0.33452315814616307 -0.08468048632598214
0.00023278136299684083 -0.07809706758385068 0.12626052747759325 -0.08511748479745056 -0.3423462923832703 2.9590723663891874 -0.24673348768496697
0.00023278136299684083 -0.1529718244745467 0.5600770450228169 0.1447190129332031 0.8738566653227107 0.004874562935954966 -0.07535328881094351
0.00023278136299684083 1.7764381667520455 -0.05985724482842359 0.4847297434151196 0.3453398575690753 0.05611531822670995 0.09068393785857863
0.00023278136299684083 -0.23675573026762411 0.6456490049510356 0.021593343018832114 -0.2410400311277956 0.31295392689437207 0.19634977566605216
0.00023278136299684083 -0.25710976909430877 -2.1845608463947155 -0.1414395209845295 -0.17449580609220888 -0.2537779552292395 0.031132803730030387
0.00023278136299684083 -0.4300534103573361 0.4168658318464809 0.09024358547237758 0.01608697383438683 0.21673941389675058 0.8663418416804357
0.00023278136299684083 0.09155624646260843 0.3831359421064773 0.1365622425830722 -1.1331582650578735 -1.2435736257263608 -0.48365473024741584
0.00023278136299684083 0.48155809852610343 1.4174798540285605 0.5046053599021045 -0.31045621013418556 0.021811325689625568 0.08776283794854847
0.00023278136299684083 -0.7501416325114277 1.1866786850241102 0.40660609244349066 -0.42906179422050955 -0.42794348740680727 -0.14291939260845246
0.00023278136299684083 0.45270794930595465 -0.03340114195624731 0.037244568350975595 -1.529647479123625 -0.8352778144819976 -0.016464790307074022
0.00023278136299684083 -0.07834700267092573 0.591380329691789 -0.05097617004008159 0.05954428624568757 -1.0868732673173962 -0.031377363352748475
0.00023278136299684083 0.10596145079320078 -0.1800545977811339 -0.07193079593442495 2.549436359238877 0.3061731019944268 -0.18588397079156424
0.00023278136299684083 0.21892154161935243 0.1152285148659339 0.00048138834895108555 -2.049208367516958 -1.111236897438111 -0.01166608754104658
0.00023278136299684083 0.7102221142384426 0.45559276101506985 0.2885292244911095 0.35147407040216677 0.2922891795512249 0.09511817445796833
0.00023278136299684083 0.03497143468475956 0.5460533766498737 0.15847833679516177 -0.6125039624905068 -0.8047543395487735 -0.2944028758598597
0.00023278136299684083 -0.7322180415236721 -0.5275778018549299 0.11673383236425962 0.33316853326801127 0.6663361608965895 -0.02749108981668633
0.00023278136299684083 -0.039190554049614516 0.054799310390796115 -0.0272369638918344 4.377005431973828 1.4479969136866786 1.6801243048945829
0.00023278136299684083 0.4793441843254792 1.536223805034306 0.18245663478297597 -0.2596752620648283 0.351705240482585 0.09789909963541155
0.00023278136299684083 0.7408147071937524 0.8681020574678743 0.29492003923679805 0.018401159471765533 0.12015245122836622 0.11897803066802824
0.00023278136299684083 0.7224038931539993 1.4134137778103344 0.39968817766290565 -0.20510309141649405 0.19357213337909057 -0.054769754565648775
0.00023278136299684083 0.3115453354073913 -0.7477330290194154 0.141098130995654 0.791873933283525 -0.5410356246421473 0.19650020605185783
0.00023278136299684083 0.734522029762081 0.8249606100770072 0.16716308362148588 -0.5251923689540163 -0.5165281856721313 -0.2687716260358974
0.00023278136299684083 1.3858873977186352 1.4206392057612827 0.04848973910015651 -0.38131135251818116 -0.5728716545939373 -0.024865370792358052
0.00023278136299684083 0.10861351950438056 0.5465591188420407 -0.02298969989028208 -0.036836758987030996 1.2143250796715017 0.015726143730057447
0.00023278136299684083 0.2502524516593317 -0.04262484511929488 -0.038280593566760966 1.4385146422632942 1.853953122010103 -0.05385190167141546
0.00023278136299684083 0.40636738317333715 1.1536908732429643 0.17805109685869697 0.07733043220658871 0.5268606708118907 0.22010107440904864
