0 15 0
0.9311254519873633 -0.0009389671237874271 -0.00047004739290265715 0.00023293758291596727 0.000993352264530089 0.0007706539613215431 -0.00038546117139184253
0.00023278136299684083 -0.1527373865042862 -1.0803803319263448 0.01871698447822304 -0.2790530111482435 -0.9577232314622954 0.09784834107144502
0.00023278136299684083 0.7050772014784822 -0.21654258503329774 -0.08677310122861906 -0.9201327294537978 -0.5441715228212068 0.13830800021905068
0.00023278136299684083 0.14941163223077278 0.5428986413841478 -0.21258927735278835 -0.6045555996077013 -0.8220744169570977 0.16430252635389395
0.00023278136299684083 0.7079136167258574 -0.17974188103989266 -0.08757402539947699 0.1661991018627383 -0.766245345248375 0.20758344995020797
0.00023278136299684083 0.08047459162990953 0.17669698405771717 -0.06922716166644323 -1.1113304488772913 -2.381505803815634 0.9306385106743754
0.00023278136299684083 0.32161845724914584 0.6100336497112571 -0.053782435817257064 -1.0991139972717 -0.5803796882047911 -0.16188044919592084
0.00023278136299684083 -1.072804358659431 -0.1459848665470818 0.14142397464342749 0.03193534304782658 -0.4384689947058331 0.03926756988671048
0.00023278136299684083 0.7799764564119748 0.5398114044997118 -0.15911698503776817 0.41567878746446874 -0.7911122303320772 0.07600074955304105
0.00023278136299684083 0.6934128627275865 0.644157352770879 0.013788722118193843 0.46213791659814313 0.036960882302668835 -0.050485846535102616
0.00023278136299684083 0.3559938004295596 -0.5162843143730256 0.06312895625928794 -1.0973596349082462 0.42975864712779005 -0.19644933813244383
0.00023278136299684083 -0.12015055386710512 -0.7849918948785457 0.0035575424374198437 -0.40619492490610903 0.49052029803702973 -0.013662248025871146
0.00023278136299684083 -0.09691717822837226 -0.07602216899133687 -0.044420686117584526 0.8670026080572614 3.3243067595850175 0.26968233079145615
0.00023278136299684083 0.5623950304571785 1.0883650813071588 -0.20678120083511803 -0.48106533933203943 -0.03836891188874125 0.07243090979815932
0.00023278136299684083 0.842204323068451 1.2781745006662677 -0.25210163814537395 0.08244287035433649 -0.04411228690263044 -0.03173982084163137
