0 10 0
0.9311254519873633 0.0004459062428909916 0.00109401862670849 0.00021573586778143226 0.0014090602920623036 -0.0023932126965068887 -0.0011642517388665067
0.00023278136299684083 -2.299263124655326 0.058379339213293586 -0.31490536347031556 0.31390938729523843 0.08909754803193434 0.09797748729291636
0.00023278136299684083 0.13029749875325677 -0.6922926450647517 -0.06821685159045113 0.19177831721807376 0.6411306156918096 0.7307173853784555
0.00023278136299684083 0.20485558857682956 -0.8838309294431647 -0.34572051816357574 0.9983321289464522 0.37616156933403094 0.16906673224306418
0.00023278136299684083 -0.6302522509797911 -1.5691229552628096 0.5816710020315983 0.2618733535217393 -0.257674241675019 -0.13143072436780345
0.00023278136299684083 -0.807516936764628 0.19965167571042386 0.4233233968815308 -0.5520288774360259 -0.3746710728921001 0.25723595860248777
0.00023278136299684083 -0.30613415892141543 -0.785456388208873 -0.2814087664341304 -0.15291574281091574 -0.15064378944507878 -0.2962319125347713
0.00023278136299684083 1.2350603624597238 -1.7234013071736203 -0.06929341242220298 -0.038261195077582744 0.013876314220879147 -0.008734876573290517
0.00023278136299684083 -0.0016262242751170447 0.004740003525786131 0.0017154573312569994 -6.022406431627102 9.009607652176943 4.1142222679024565
0.00023278136299684083 0.6909542742193195 1.0152586998711743 -0.7901084152895477 -0.6365221082790916 0.2259661905841599 -0.2758153624774886
