0 20 0
0.9311254519873633 0.0003652640460508101 -0.0011895873027367467 3.640470681220355e-05 0.00031491806508264096 0.0003404180331328243 0.00013763861629667828
0.00023278136299684083 -0.23074520323060596 0.7622714322845541 0.030787662642201414 1.100777770485323 0.5404613854474066 -0.04547232142008012
0.00023278136299684083 -0.7619627235525664 -1.0804142704990396 -0.008962117419958756 -0.037107155917358865 0.3457446471777346 -0.02638849760736838
0.00023278136299684083 -0.3653895834747931 0.08725506300068724 -0.009858804242363708 0.08899049598725214 -1.550009593200446 0.1639394149510512
0.00023278136299684083 -0.45498236190872604 0.7765503248452987 -0.07470174561511925 -0.5980342560287759 -0.6174176185933566 -0.04660005072855753
0.00023278136299684083 -0.8681450055128808 1.0000575689814355 -0.16361472554892287 -0.48644068411794594 -0.19383324437947652 -0.06805686629988757
0.00023278136299684083 -0.06142494719008464 -0.3847140666981417 0.00518320634553611 1.6169248430256618 -0.40593501618573236 -0.270457063057577
0.00023278136299684083 0.2598955813486963 -0.8999083117949533 0.025304378528239514 -0.964792095448914 0.22937476913855684 0.0432153503972361
0.00023278136299684083 -0.43279766514877027 0.407667693714245 -0.08119044400165787 -0.7467038842307975 -0.7407777592429201 -0.096176718636392
0.00023278136299684083 0.23263707730438082 0.6675000259693331 0.06850433779233688 -0.39873353606113354 -1.154822439563673 -0.12082748156969432
0.00023278136299684083 0.5580000597685747 0.16646617117303836 -0.06726533080159093 0.3538082323196566 1.2450975973325784 0.10426364178264594
0.00023278136299684083 0.3056457533949663 0.45649547228472015 0.1207083420638293 1.153121891532793 -0.16515571589422604 -0.11696983294615591
0.00023278136299684083 0.2823973438349894 -0.15682275926602554 -0.050476351770246876 1.0582555076202182 1.7044308123350989 -0.24479579671245105
0.00023278136299684083 0.8448613999124193 0.9706828926833584 0.15614076321234147 -0.36902727761325543 -0.3908927237814947 -0.09475581509735898
0.00023278136299684083 0.3568159148345028 0.8235196145537214 0.01640377723850474 -0.425770638892678 -0.10735214746113782 -0.037917491660243045
0.00023278136299684083 -0.9352496207464355 0.19936857473520908 0.025405030321915902 -0.7466017081343738 -0.26417179276667413 -0.019661384392220708
0.00023278136299684083 0.7146597905306383 0.676426103371827 -0.1496990947961352 0.628363610288643 0.6975102100721039 -0.1289702713589717
0.00023278136299684083 -0.2949589206436886 0.4288267825829908 0.11309444648736688 -0.9670408132449259 -0.6675974665553303 0.0836261625247729
0.00023278136299684083 -0.11826354075833921 -0.3331788918486076 -0.006468075465630888 -1.3923546993583371 1.377506883571555 0.24592048350959012
0.00023278136299684083 -0.4920495329658702 0.19029979087332974 -0.09491408221946104 -0.12730786254161805 -1.2438329199818616 0.1255300731349493
