0 10 0
0.9311254519873633 0.0001281297469801685 -0.0010915138148946209 -8.357417788399223e-06 0.0007534098859458346 0.00019632345525015627 -0.00018728833278131702
0.00023278136299684083 0.12753546153835282 -2.0323045894276937 0.2505044633704998 -0.24328886861223822 -0.09156189404502928 0.01915300891980998
0.00023278136299684083 0.015215192681786649 1.4857705677494906 -0.32853574623544035 -0.4149873651356205 0.5304226205995592 -0.028061971599391018
0.00023278136299684083 -0.40791987932728657 0.40015528211074014 -0.2919746208344976 0.6092570949669255 -0.594221782037294 0.4294258471223724
0.00023278136299684083 -0.35632547311663926 -0.08048586318483163 -0.025068158112415587 -1.5360375487322937 0.10853057710825217 0.4092536066244956
0.00023278136299684083 1.3930475265736948 0.08964814423179261 0.25952748486106947 -0.021223629782946535 0.5104480201743906 -0.01055464166440685
0.00023278136299684083 -0.8655799379337226 0.7593392933974128 0.17756673378287743 -0.04333036515906446 -0.6839321193356706 -0.005512374321158902
0.00023278136299684083 0.2859222108860682 1.372203545619506 0.2503423890977379 -0.253997646970111 -0.5961881526249264 -0.05723658367732705
0.00023278136299684083 -0.0767359658834188 0.6683037499588542 0.013606585044208632 -0.9839789434041115 0.43096948351830044 0.10481342590068607
0.00023278136299684083 -0.6276781233398346 1.703425129125109 -0.2725394598204606 -0.12605227095387705 -0.39976057435820583 -0.11212698617981216
