0 35 0
0.9311254519873633 -0.0012587555452951394 -0.0035318669415082306 -0.0011056565424970189 -0.0003968883266284106 0.000760681171163072 -8.669824278587005e-05
0.00023278136299684083 1.217885387423488 0.6940374925197997 0.21366336665179683 -0.5360803465258521 -0.09125141875230725 0.040165552475839826
0.00023278136299684083 0.6873501377815529 0.23661118878447596 0.10343261654817433 -0.04842851124298968 -0.9813485964727007 -0.2836970702849412
0.00023278136299684083 0.09417423544344057 0.9761393249495457 -0.2031802265819383 0.08236600197631465 0.5257552308188402 0.30311776444250904
0.00023278136299684083 0.4505680699453999 0.5801611216180407 -0.06904979753874128 -0.9882872849668874 -0.31170948771344137 -0.12034411121877585
0.00023278136299684083 0.6603333532558204 -0.35485708130271315 0.03816651068412466 0.2562835598671722 1.0487684103187247 0.27496317978482276
0.00023278136299684083 -0.4670492108226489 -0.8934434539393273 -0.03249905466888626 -0.49222702751409514 0.044378752703169405 0.09407580840860084
0.00023278136299684083 -0.5564939046415948 0.9759037896498575 0.12021144196676462 -0.39418746396458676 0.3230411363911068 0.2561020635265621
0.00023278136299684083 -0.01761592876427116 0.35382978395572057 -0.09680148372741613 1.3469009187182157 -0.41160522481415146 -0.31579271593916053
0.00023278136299684083 -0.3301556216314058 0.29157405053713026 0.03031632246723734 -0.6307083221106815 1.0932480659636707 0.2020667441627086
0.00023278136299684083 -0.1972678931037916 1.0794061525172605 0.27884261807796207 0.5788272467130684 -0.22453059160781136 -0.26313005491473085
0.00023278136299684083 -0.021689796880503952 -0.4816922777356879 0.11069692384681329 1.0163145958202657 0.6941328399043482 -0.14185586916339463
0.00023278136299684083 0.12087314998693247 0.19006278338433907 0.04899233806208164 -0.6055876648091046 2.264048207476865 0.3893046366614873
0.00023278136299684083 0.12299388697314634 -2.0521566154333106 0.17167900176643416 -0.191199442483868 0.21725767290558426 0.009444842764176365
0.00023278136299684083 -0.32991360961693117 0.5786820340255243 -0.04333780312343349 -0.47425681097556804 0.9110032319881356 0.07770096870372029
0.00023278136299684083 0.07550052524219728 0.4887152171237755 0.2834963273016625 -0.6512210442504157 -1.0530186491046576 -0.415152440096163
0.00023278136299684083 -0.3156310421602095 0.9377078865976461 0.19630384464409986 -0.25278636921144154 -0.4909723555244103 -0.0628795327902139
0.00023278136299684083 -0.44900205757541933 1.1150417182967765 0.2154957087383343 -0.052934621084378554 -0.5979697334100158 -0.10396509751981187
0.00023278136299684083 0.6300363964380422 -0.024310356157244847 -0.029449947518248153 0.23590640248879524 0.6175300555936042 0.11488418815945237
0.00023278136299684083 -0.6500406580853383 0.11414899024858173 0.5764624179214546 -0.2755560179924826 0.7656232260355809 0.2639205999400325
0.00023278136299684083 0.5644820492462165 -0.35824303436073207 -0.22387020422942824 0.3840963302314222 0.7076023862196315 0.5521759240824258
0.00023278136299684083 0.09160113520035153 1.0329379305806676 0.4893951763553965 0.003190175149049493 0.6368815466161671 0.07091534001786484
0.00023278136299684083 -0.0016535466279828904 1.12123735704037 0.3356221909852549 -0.0801434442487251 -0.33248775668937786 0.06347401855460412
0.00023278136299684083 0.3811623607196951 1.2456356114129683 0.029607350125342328 -0.24321561353118842 0.5533046029331425 0.058336703954239295
0.00023278136299684083 0.46429772385431084 -0.22349547135178327 -0.330917984945909 0.2034454805670127 -1.0318275002628132 -0.5536594264083446
0.00023278136299684083 0.5295494807172884 -0.8667441000011186 0.3527517651940307 0.12792023412431305 -0.5564741080697857 -0.05343276022991112
0.00023278136299684083 -0.9106952934569766 0.24640597618041427 0.12784933662854503 -0.18843214472508468 -0.992643570161073 0.06444067376158412
0.00023278136299684083 -0.32061114556085546 1.1640191286592028 -0.037752364143109333 -0.2695569334762145 -0.7636123804200259 0.16602855446538273
0.00023278136299684083 1.1117897218400363 1.1268415561197862 0.29408250371598554 -0.1308096584970301 0.40109896478345963 0.1118996698707179
0.00023278136299684083 1.468666203633401 -0.6747870036959294 0.1836841538704665 0.10692818535281952 0.09715600199039795 0.06091290425760493
0.00023278136299684083 -0.8105474560641069 0.21686530965206274 0.2304252206815924 -0.1403295694696019 -0.927937897332944 -0.0001092311645682482
0.00023278136299684083 2.020512881219502 3.823751362919742 0.266637820377535 -0.10830625604355934 -0.18515942128050783 -0.007208052354495212
0.00023278136299684083 -0.4676017668947194 0.7798987831558386 0.5282635618619442 0.09612197929416194 -0.4851773823644151 0.17581909263379233
0.00023278136299684083 0.2375692325426862 0.6485008167705003 0.26040390300339505 0.13469246051392972 -1.0378754231614233 -0.34173251091873175
0.00023278136299684083 -0.04835481840031004 0.039081793303107196 0.0030026149887567 3.768814282820851 -3.467953520152861 -0.33999738648140476
