0 35 0
0.9311254519873633 -0.0011213956833405056 -0.0033737994601731693 -0.0007488987518149384 0.0020573523940581933 -0.001868252514812199 -1.3319789874820062e-05
0.00023278136299684083 1.3158047014254115 -0.4019068704050167 0.3588002668773974 -0.47621501513554976 -0.25490854297160237 -0.1303488954842038
0.00023278136299684083 0.3449171921775191 0.9287056950354504 0.04609147617850566 -0.5011650876618146 0.5828093225015295 0.09905092703040642
0.00023278136299684083 0.5839240519099832 0.3448832796661335 0.0950497020028131 0.27224571756141225 -0.6507404199588768 -0.08649428870665361
0.00023278136299684083 0.6428794080622968 0.3772531667470201 0.2147306581945494 0.9037040270272584 0.22985104411881743 0.04131854814723133
0.00023278136299684083 0.9607055231539825 0.655146395328372 0.04391525207957452 0.19176900888617068 0.13222165337308392 0.06156870145936914
0.00023278136299684083 -0.19976709372966325 -0.04984579663523889 0.1061745370893974 2.401116561804291 0.16338654792600338 -0.5731507944267967
0.00023278136299684083 0.4530636943023207 0.5839642839696627 0.11254123888901932 -0.9812370113264396 0.4398919881639585 0.010480058881370954
0.00023278136299684083 -0.3505608728396982 0.5048173074243287 0.07895108484568646 -0.2134421193534668 -0.9125010586391937 0.1047267207776048
0.00023278136299684083 -0.352866120218331 0.5461363332117937 0.12056956547598251 -0.2358929967021916 -0.4686804445956004 -0.5495958322041156
0.00023278136299684083 -0.7846605608098393 0.5482167815203582 0.1196824384037173 0.13202090877632028 -0.6374101094194914 -0.18069395268877203
0.00023278136299684083 0.19501014750370757 -0.13571501166733585 -0.13763717276134174 -1.4344394031632661 0.9696082748552315 0.9966595358262743
0.00023278136299684083 -0.635224341981615 0.6016314124305897 -0.035476708853044686 0.1282572814224623 -0.2989671554344125 -0.09593467308924267
0.00023278136299684083 -0.807468557601987 -2.0707200392052094 -0.26535931428268467 -0.21073991633061798 -0.21128643373462686 -0.035298509388071
0.00023278136299684083 -0.39111823147001373 0.8042902015792133 0.013082235432789755 -0.8973514096295861 -0.12141279002529166 0.19924584908394383
0.00023278136299684083 0.3726283124346333 0.7601341870714459 -0.017967020953170265 0.6883952928404817 0.058946777446346445 0.015177464143524388
0.00023278136299684083 -0.2088529418073659 0.7473196764546676 0.3221308810376633 -0.4031271598344389 -0.6001214316966597 0.07833190370569319
0.00023278136299684083 0.621108774699862 0.6635363632492773 0.007355467643762392 -0.031818243389064305 0.36813768945411934 -0.10614997189829099
0.00023278136299684083 0.790829112191136 0.1897674304079103 0.0063614142186750045 -0.21350911330838818 -0.7756411781217669 -0.09689625116662942
0.00023278136299684083 -0.15284679048491975 0.8038886345629099 0.145888681767221 -0.8011246454748114 -0.4893373115022478 -0.012640650348086709
0.00023278136299684083 0.8844320207527738 0.6270610507135564 0.005643997974311338 -0.17232250052584677 0.22890449068931867 -0.14243152633031714
0.00023278136299684083 -0.5094416645121996 0.47675876851149296 -0.006577839313270137 0.633612388039654 1.125127204374583 0.21148623884745804
0.00023278136299684083 0.702225968454639 -0.03658680320297654 0.0356487838205532 -0.7624291805881647 -0.5162571624180587 0.07929661434413689
0.00023278136299684083 0.6916859329693765 0.7891071966344141 0.053385624677002315 -0.5345695718937356 0.5630033182649553 -0.07169771497606786
0.00023278136299684083 -0.5586081986711092 -0.2226423025611116 -0.15662517275387544 -1.241280595357719 -0.4561631425822863 0.01307227438507272
0.00023278136299684083 -0.5504865802378851 -0.93527452248958 0.12451557818901153 0.04703355341941555 0.6431734058749694 -0.1344768060405931
0.00023278136299684083 -0.39872619807230436 0.24171254722835359 0.1349664903292683 0.10913189616164455 -1.434855033018827 -0.11412999969222584
0.00023278136299684083 -1.159396464347046 0.9970850201446338 0.3808973936679216 0.07532967259797939 -0.49375393952222574 -0.11276069806737207
0.00023278136299684083 0.8741573928490317 0.9006032132116436 0.25437869889644577 -0.2957808318930841 0.5227475432816213 0.017674725012564937
0.00023278136299684083 -0.03645414821397278 -0.0335926057630989 -0.0077403522517597405 -2.4920084293015625 5.588357245212189 0.5601131474950051
0.00023278136299684083 -0.2606681444621133 0.20986483792339442 0.017234778760523078 -0.04829794610786694 1.9256607448933574 0.056454871393932154
0.00023278136299684083 0.9389344664010739 2.3750358031147174 0.4083676459070852 0.07942020330872 -0.013891366735941657 -0.02420737075572103
0.00023278136299684083 0.424841713133515 0.7065104921878399 0.031249531701054344 -0.138438173646526 0.7783235051910536 0.1811897288609983
0.00023278136299684083 0.2008060563554022 -0.2914139441191248 0.11342001612987583 -1.6010204841385611 1.058255164338008 -0.3222316049207585
0.00023278136299684083 0.8447751740426164 1.2894656584098756 0.2719451482390928 -0.2052362533158933 0.43053165966676094 0.11657139028861153
