0 30 0
0.9311254519873633 -0.00021099015987764095 -0.002884738406294232 0.0004924774446086358 0.0015308697425197185 0.0004893309216394015 0.00038701867532098266
0.00023278136299684083 -0.284726154743271 -0.26008692260516914 -0.47924677197780063 -0.9200095793876145 -0.35454337430499955 -0.898451178700324
0.00023278136299684083 -0.20340288716033078 0.4863412811925527 -0.058129390432747875 -1.0093478929413107 -0.34328190368292844 0.107611480855527
0.00023278136299684083 1.4221168887727595 0.4880216996281737 0.5574353414082901 -0.34936164007649884 -0.15428230181583388 -0.16990853998083674
0.00023278136299684083 0.6474209537840715 0.14460960339191498 -0.024608931266056913 0.29506609700021263 1.1423192950722887 -0.11234613276671891
0.00023278136299684083 0.3796229603257841 0.8616174719625626 0.46020911411289156 0.1750895924505306 -0.5745714086244849 0.1406989974294727
0.00023278136299684083 0.05256142973408685 0.6941989876238684 0.4403365426058562 -0.6496010066729676 -0.11186757365570461 -0.12955481537326638
0.00023278136299684083 0.3898569936283313 0.16470606282498612 -0.23445633948220984 -0.18594850133411744 -1.4115296521078848 0.38410377168277743
0.00023278136299684083 0.12276686438706935 0.15106901229753986 -0.41147127211157913 -0.9999021618850672 -1.0838385048949888 0.32093970735225136
0.00023278136299684083 0.45987207140139263 0.9180363810137239 0.4045254975122261 -0.4316728815342639 0.8301083975537703 -0.1399076236264814
0.00023278136299684083 -0.1152851318169882 1.3660181503316098 0.3544724597759549 -0.5458658951326542 0.07188698747766134 -0.4537034036490247
0.00023278136299684083 -0.41185705901770164 0.5584519727727181 -1.3355923734515769 -0.2231458027687469 -0.06635476965288975 0.026312556083162443
0.00023278136299684083 0.5391898444784591 1.0394933750447557 -0.8028273376538626 0.06056402421423765 -0.15987999917962453 -0.402092562665571
0.00023278136299684083 -0.20625900658858431 -0.644971270599018 -0.6012338515293265 -0.5052444629003167 0.6470315809512364 -0.5434434496886726
0.00023278136299684083 -0.45755090074072224 0.8875276946384174 -0.5139329571598503 -0.06952726110609839 -0.5022119924682885 0.023603134081387665
0.00023278136299684083 -0.8734225979484783 1.0403760206953065 0.2555625997394902 -0.1362938676646745 0.2268284953703614 0.04189772127997098
0.00023278136299684083 0.14541123187337499 0.02115757917478574 0.02516157087747693 -1.3586125714317732 -2.804203102383666 -0.5135711622387815
0.00023278136299684083 -0.9129377343050804 -1.4348521537107763 -0.22214355345612347 0.08411384600058054 -0.28971156770538903 -0.15135571347882207
0.00023278136299684083 0.21007584501427143 0.5992524440100085 -0.09125737860917608 0.38186170001216074 -0.035902854316180656 1.0633175575900462
0.00023278136299684083 0.8317558805594277 -0.13906464644240465 0.2732825023864967 -0.4184161469860677 -0.6422820786719877 -0.1829554989273416
0.00023278136299684083 -0.07248433328599974 1.1198144369419054 0.3171823436710295 -0.1817542222072153 -0.6186440579068646 0.13350967756239748
0.00023278136299684083 -0.14692931530042358 0.6314794237985742 0.19754290111673117 -0.19954623645556868 -0.008115602633058196 0.6093576819808489
0.00023278136299684083 -0.21816097803012935 -0.148526897764631 0.18341794878648465 0.6330900167199426 1.7477745674013287 0.5521567773148813
0.00023278136299684083 -0.8850143542711562 -0.755239172776781 -0.4980117816520144 -0.012288931557194722 0.10928910382020796 -0.1352375699411178
0.00023278136299684083 -0.13755750337407752 1.2570198187397248 -0.263114512075084 0.2296530329010238 0.281722629987993 0.3643306863469779
0.00023278136299684083 -0.3885177049388692 0.2620312124968876 0.2290258930893146 -0.18125148708619004 0.8011625369799283 -0.4299138859617033
0.00023278136299684083 0.3523959459291728 0.42055519884157716 -0.23333471599104472 0.3955534559276525 1.2657378917775242 -0.36793206547094376
0.00023278136299684083 -0.04244367800740998 0.6796730160999404 -0.2136803923924037 0.05487015739539295 -0.6014515763653295 -0.022595814700728665
0.00023278136299684083 -0.28322954369742476 0.7104289348112696 -0.0745480601288779 0.2703942647251168 0.2723292107312155 -0.6367461947945077
0.00023278136299684083 0.9306926128503351 0.4198149107416306 0.3895251258529945 -0.32594460829738175 0.4091579366889988 -0.02619883887878948
