0 15 0
0.9311254519873633 -0.00048447549603214515 0.0002576308512207388 0.00021255028923566915 0.0005926756310366944 -0.0007310284007461152 0.0004433674940687799
0.00023278136299684083 -0.40252168851939546 0.4269968638254994 0.5056737236489137 -0.9061231576342329 -0.04112493428073037 0.9895948728820206
0.00023278136299684083 -0.22054998927213168 0.33120517873205135 0.02281543969037065 1.07713824797984 1.2118908515845543 -0.6475638500776242
0.00023278136299684083 0.10946609944922878 0.20660486598178301 0.10514564823771108 1.2320444531852992 0.469869333265461 -1.9906599731714116
0.00023278136299684083 1.234905259634223 -0.8439999339708724 -0.5816615134762085 0.18057489627086926 -0.43154989941223965 -0.1463902092466963
0.00023278136299684083 -0.3408427037313078 -0.3474307184217799 -0.11687378432849974 -0.3300691410131475 1.052663732074702 0.5614277997832348
0.00023278136299684083 0.23980287470644304 -0.4711172868094776 0.6379249585098288 -0.16502178086423647 -0.6576834398721849 -0.10724896425173622
0.00023278136299684083 -0.5449065190505893 1.3297132416479192 -0.5777293365762242 0.3508484387279259 0.2755927956684581 -0.08467355047451017
0.00023278136299684083 0.20492350395360726 -0.022447525420306418 -0.06239005529941726 -2.4291905461090466 0.28083046022549063 0.7482403207375414
0.00023278136299684083 0.4011387902553737 -1.1228137653330563 -0.13904878720277122 0.06764340334857784 0.27613533533368684 -0.05444962383267639
0.00023278136299684083 0.3576450320675173 1.387892449132862 -0.492645555493289 0.07989750529675547 0.07459893037139892 -0.16532832542369236
0.00023278136299684083 -0.35925561425692704 -0.26558237031793236 0.16622283037450744 -0.7258100505322981 1.3484375731205247 -0.2768896204851054
0.00023278136299684083 0.14060472882869215 -0.20849403577869605 0.038248767725560046 -1.569122970551897 -1.2899024678609319 -0.6315457655681554
0.00023278136299684083 0.7144964962011957 -1.0480453917684096 -0.41972202829190997 -0.16853163225573878 0.0155809853605961 0.18874132768492363
0.00023278136299684083 0.4029957138509957 -0.38300497637236347 0.0638385355387726 0.9350198100045528 0.33877434740567103 -0.1567244148312316
