0 15 0
0.9311254519873633 4.872482762825664e-05 -0.0005066875561062865 0.0005264455325214193 -0.0008287337438651058 0.001493300140935963 0.000273485594326655
0.00023278136299684083 1.3975919559878847 2.6751024025812655 0.4479021359487172 0.044477171954317114 0.3726806897142881 0.050849492131375774
0.00023278136299684083 0.07842200288814621 -0.3816418403962525 0.23350635269839526 -0.4207908377996903 -0.9328792728895777 0.1344995287541567
0.00023278136299684083 -0.15205109101812883 -0.03488744823768762 -0.051953622925834254 2.7871274250823066 0.6480055498736006 0.9541478009004528
0.00023278136299684083 -0.4975336205211624 -0.6643206173096358 -0.40224060426800234 -0.03771736355928608 -0.8246045541888765 -0.603214375019842
0.00023278136299684083 0.36872349565188645 0.31558856525495993 -0.2698551754423975 0.7773088607589668 -0.7746040963046572 -0.8423318024876908
0.00023278136299684083 -0.4597109770419889 0.13076218498605624 -0.4525358230814986 -0.8323763677622839 -0.5592876574000074 -0.43650842779962123
0.00023278136299684083 -2.380098582853981 -2.4582059405564474 -0.16541003902637336 -0.13547350381124135 -0.136979366968826 0.07272240250050141
0.00023278136299684083 -0.162350391561403 0.15478177169182114 -0.1291452359040188 -0.4541134604893157 -0.37098039648429004 -2.0231321269761064
0.00023278136299684083 0.04153666321196215 -0.16256338551069863 0.24218745347273402 -1.1738943310819308 -1.7352433888868217 0.2771321496605548
0.00023278136299684083 -0.24608793771574336 0.18730221067089461 0.3867406965190408 1.0267443914617713 -0.28013216291664217 0.7877028337882659
0.00023278136299684083 -0.8114018304040441 -1.1853398911341582 -0.5243109338986891 -0.051161884407523915 0.6039104252048959 0.03632753114616452
0.00023278136299684083 0.0937175929764044 -0.22603095491870692 -0.03892043659601779 -0.1873992884578397 -2.075259061261337 0.15063917574804325
0.00023278136299684083 2.483541315774258 3.2454077405959176 -1.4532822278488846 0.22624509253169892 0.15899202561854836 -0.10757732264078852
0.00023278136299684083 0.05080209409176306 0.4307954267262051 0.07153533026734439 1.745959071040471 -0.0668192968541466 0.4548007629879137
