0 35 0
0.9311254519873633 -0.0013619717379878158 -0.002984220331570188 -0.0009936659793161374 0.0019856690481118164 0.000564633844672991 -0.0003882288926617394
0.00023278136299684083 -0.3049465927453698 0.5108438854305949 0.0033059850855898737 -1.3165847175323653 -0.2644154174599399 0.26292398380772025
0.00023278136299684083 0.44082849612357017 1.3724037748877875 0.467275622825255 -0.4450034726956034 -0.053027973998060224 0.095797528887989
0.00023278136299684083 -0.3798293469282779 0.3296927324026276 0.1754444795857253 -0.3159573428912585 -0.767903006999214 -0.4829702000275559
0.00023278136299684083 -0.2876744219313483 0.8624437815660817 0.13570647598564045 -0.30283995246090933 -0.8482551579301606 -0.38614114233958613
0.00023278136299684083 0.37125496354475385 -0.6348463614649353 -0.4741722689295814 0.8490092934533009 0.48765378028016637 0.021467659161911717
0.00023278136299684083 0.07933694702688891 -0.12317537914325859 -0.1068797602356963 -1.9302323437980147 1.248918238658807 1.9100499319842914
0.00023278136299684083 0.46222952273885987 0.511895276081263 0.09570891323717622 0.3023216359082341 0.5431148494634948 0.3965785190923725
0.00023278136299684083 0.1216172930591523 0.4304003178666929 0.14491862412528198 -0.10636116015712303 -0.0825722785574647 -0.7932354520163863
0.00023278136299684083 0.16586203247612807 0.28770283033824806 0.2721038980815978 1.340694464852581 -0.8036822019478342 0.18169082643035805
0.00023278136299684083 0.8092622752142061 1.437783997784646 0.11216355043674005 -0.1177677804889097 -0.310094854758088 -0.04822789464357461
0.00023278136299684083 -0.27070069943276837 0.6120415558312254 0.4123364583141864 0.40532171274706247 -0.6855182961655157 -0.16842201828422487
0.00023278136299684083 0.6050307874877118 0.26758807564702736 -0.11496462131620505 0.4483530567889031 -0.7147869075171687 -0.29321295402720626
0.00023278136299684083 -0.3131387049318906 -3.0664969380976674 -0.4683836442496583 -0.038619398591769404 0.4530850550368905 0.11449313531503325
0.00023278136299684083 0.26795039444022295 0.3803287549902538 -0.06885243634107245 -1.1850448561916418 -0.5712595800910845 -0.06824270286338646
0.00023278136299684083 0.14611408529233544 0.10029232275817809 -0.014707635654801737 1.7078563952218713 2.3965394231200055 0.43112863437675164
0.00023278136299684083 0.3359220726520057 1.7193025969424096 0.6196816666414181 0.007656432681309706 0.4576736357973243 0.19815511625262627
0.00023278136299684083 -1.0411750316340855 0.013607931514045884 -0.11563306251438561 -0.49000195313284495 0.6349576525839061 0.0015373418750785313
0.00023278136299684083 0.5330751349990388 0.27146725691286483 0.2048246904446703 -0.9733894299521036 0.8618977282674554 -0.23711235167649836
0.00023278136299684083 0.07133903825239145 -0.11506377020071237 -0.12516521204933823 -2.5761764201443973 -0.38579407543398997 0.2332641069346658
0.00023278136299684083 0.2093757456001348 0.30245924282780456 0.06271872429324106 -1.0075859602608774 -1.4552946755728016 -0.2985503613584017
0.00023278136299684083 0.3670697597191238 -0.09092094626484096 -0.19215534655645924 0.3087093476388413 1.4557527066257923 0.05737334022760074
0.00023278136299684083 0.20944970764875281 0.7781883145288108 0.23100851382010162 -7.635144270262827e-05 0.3630243655059659 0.33095508737526486
0.00023278136299684083 -0.010420984977486973 0.4490512064097182 0.14727692502197465 -0.5047240897391316 -1.5625664094107914 -0.22473289727298154
0.00023278136299684083 0.49520830478937755 -0.5340224339655932 0.30880644040132543 -0.0012940465756773234 -0.9564019964314907 0.3009516427967696
0.00023278136299684083 0.6618407799780752 -1.2753268710599839 0.898541355264442 0.21234903348836692 -0.5530541681051011 0.2820286148452909
0.00023278136299684083 0.811949132799641 0.5542757469105815 0.14025913925948763 -0.011506871697311002 0.7503222780354009 0.21182229102035305
0.00023278136299684083 0.3601136717893164 -0.7433668996657213 -0.3220506948266787 -0.8386342199515651 -0.5745728743481187 -0.19623654498581675
0.00023278136299684083 0.41103607191550173 2.2167133634530383 0.3296134002219653 -0.2314377647988647 -0.43520967131674376 0.02382056979167667
0.00023278136299684083 -0.9479868559628464 0.6069145947848191 -0.11035565739617201 -0.035416314471358054 -0.45993789938925106 0.3777567822763781
0.00023278136299684083 -0.2912286390824959 0.9243435228132956 0.03089413788137654 -0.527179674078083 -0.3744789536653477 -0.33980701452005607
0.00023278136299684083 2.37036283320752 3.314083676550516 0.9631131344814582 -0.0636685173378783 -0.06092570659830563 0.04013086529672626
0.00023278136299684083 -0.3360354531852775 -0.6215325579035271 0.15451009322599113 -0.20633050464803496 1.0077598946373858 0.24713663514949766
0.00023278136299684083 -0.5817205189561716 0.056275443296609724 0.17581513646112146 0.5489182187858327 -0.9599543396796731 -0.40724393852616303
0.00023278136299684083 -0.09348484904124225 0.8315332815197427 0.001956892238814031 -0.8480326409751496 -0.039528541328424996 -0.22201156970956007
