0 30 0
0.9311254519873633 -7.230901744057031e-05 -0.0006778747364360337 6.68656012629466e-05 0.0019527206299179798 0.0008474726388455159 -6.880995547766357e-05
0.00023278136299684083 -1.255601533513483 -1.5726385445628683 -0.22171307937968113 0.10458808207351476 0.30395832261611266 -0.02862296586415444
0.00023278136299684083 0.37256006109007866 0.5602212580064992 0.0022670661161171024 -0.3560241654208502 1.0524002783532993 -0.048911787782337054
0.00023278136299684083 0.6556928916242897 0.4801331081809042 -0.0696150545353011 0.7866011202128855 0.48326295324226654 -0.10643316853021796
0.00023278136299684083 0.1357837845327536 0.33540479035029486 0.10818615803379274 -1.0143410504052282 -1.5256627442303903 -0.17964118591480804
0.00023278136299684083 0.1459559145565164 0.806964030555035 -0.052224237266991234 -0.8065905618142293 0.5759758873686631 0.014558335728872494
0.00023278136299684083 -0.677433364667836 0.5211311005347692 0.04813513146237875 -0.272141901434344 -0.7307926841902364 0.10022050131882415
0.00023278136299684083 -0.2263800910563772 -0.9392165325945036 0.054356723839478434 -0.3665213454835662 0.2725357465783942 0.2133172662448738
0.00023278136299684083 -0.10559868184337459 1.0401872843560427 0.10507604611083544 -0.7106111126671649 -0.05302515699568298 0.06192852754734225
0.00023278136299684083 -0.5339636537315638 0.16299999302675489 -0.021463237550825867 0.1818057412998029 -1.1327197651990406 0.039984995763083946
0.00023278136299684083 0.780317138278862 0.1113099084072013 0.0015584099220154186 0.08055229185181884 -0.7715649718438646 -0.06797893386662296
0.00023278136299684083 0.21725541379108543 -0.7734658206195917 -0.029245220899827336 -0.8198131290565918 0.08282887704525291 0.13337983498231498
0.00023278136299684083 0.1190570718483698 0.6093668810441945 0.057319226781432725 -0.5685895724683667 -1.0505375087774855 -0.03171098777724566
0.00023278136299684083 1.204785501788238 0.32734854276224007 -0.1603304195902434 0.03225987006939154 -0.5657375619993779 -0.027512743016344564
0.00023278136299684083 1.0362776398979268 0.5308565958376866 -0.019918377476425587 0.23163102903400026 0.19244160198498517 -0.05359922498670809
0.00023278136299684083 -0.013668202295501232 0.3567279051931571 0.005359080223198238 -0.855519696361638 -1.6653489523940161 -0.07429190266699615
0.00023278136299684083 0.6024063263202316 -0.6763106624854744 0.0006536745023879618 -0.21650751424174974 -0.6752121363068174 -0.08788218118702835
0.00023278136299684083 0.18117670912178147 0.36941102791213154 -0.03753033318406998 -0.747584970543195 -1.532331780305916 0.15513227352969355
0.00023278136299684083 0.5616720256565647 0.5940246023282424 -0.036940534858278556 0.19863620230071272 0.7192335143458076 -0.11445068071600029
0.00023278136299684083 -0.6930563396279741 -0.8618411042478419 0.12602157522907245 0.5100521808605099 0.46431725863118106 0.06798741553820216
0.00023278136299684083 -0.5566080694904574 -0.5112499155802516 -0.24012043779291614 0.6825010215204208 0.9935994438095974 0.003646585804481719
0.00023278136299684083 0.10969256086156773 -0.7584680719247252 0.12584964831020803 -0.9192861373762338 0.20206392843034904 0.027139194024023653
0.00023278136299684083 -0.9928299210469216 -0.03755496978782891 -0.08285128015743946 0.5128296927439701 -0.5156901912854184 -0.040524388921191055
0.00023278136299684083 -0.5921507677769711 -0.7698188567552664 0.015546856257291191 0.1600018239655571 0.7233754023986253 -0.0236036314408506
0.00023278136299684083 0.15340225386215256 0.5625310072777436 -0.14409272656534777 -0.6231404096074329 -1.0651123825641948 0.12973494999540236
0.00023278136299684083 0.7928877694769203 -0.03009877790069747 0.1296150332304234 -0.12136404690352094 -0.8195766232079044 -0.06610204864390856
0.00023278136299684083 -0.6244055271710146 0.880997499316849 -0.0032353140208914483 -0.5975672076647823 -0.4911401738118333 -0.04998566822009038
0.00023278136299684083 0.04801191128105405 0.8712638579055081 -0.0022128938592904336 -0.7041461480942902 0.25903615757524767 -0.0034199320440741403
0.00023278136299684083 -0.12412096099274492 -0.037301946671363835 0.024972029547969832 -0.9787450227490873 3.3385297167459695 0.32788647052933717
0.00023278136299684083 -0.43188179101196705 0.558584755879404 0.04911408251914252 -0.6138475833122395 -0.4589970113956329 0.004994902482780566
