0 40 0
0.9311254519873633 -0.00038310585634011667 -0.0030312551171069345 0.0016716970463912509 0.000817983341630359 -3.667774562963298e-05 -0.0001762198624683285
0.00023278136299684083 1.0095965589902598 -0.2820974030560975 -0.1259882368875871 0.37425414932334833 0.39525451287741964 -0.6549759718919219
0.00023278136299684083 -0.6606671235886746 -0.19561209377678185 -1.1539318687124893 -0.26444841424603305 -0.2013639229193524 -0.222525532011431
0.00023278136299684083 0.2567011014610831 0.7232255052132249 0.15982077143755283 0.6385409534962465 0.17161883194664107 0.10187525185623317
0.00023278136299684083 -0.12322408242871496 -0.17941652022460142 -0.4695223471235646 -1.3016001503160952 -0.6975532905506403 -0.3098294962482152
0.00023278136299684083 -0.36660092184295945 0.5288236980067339 0.24494355720799027 0.4526803773389247 0.9232148611014326 -0.47263510860083374
0.00023278136299684083 1.604945117777346 0.5391207006645174 -1.2259557674738832 -0.20473379539607162 0.23787730569206744 -0.003015561747784363
0.00023278136299684083 -0.07802802525422164 0.10077154172533713 0.052989139305580815 0.6732623160706953 2.6749470920976957 -1.009921594735209
0.00023278136299684083 -0.31298180394775893 0.194330706757923 0.15359479844173546 0.7116317568155656 -1.2115953240725585 0.4953565974020625
0.00023278136299684083 0.2542629775375513 -0.05800771988302476 -0.2633106595266706 1.0563367707458513 0.910504148243635 -1.311260714065176
0.00023278136299684083 1.8669135119547395 -2.2390469362131618 -0.6121278199596104 0.43833040787897376 -0.21398889728481757 -0.20008158803660708
0.00023278136299684083 -0.1003690660036604 0.2514067668818084 -0.5459187960248149 -0.27771887898463754 1.101390622449141 -0.5971251100191904
0.00023278136299684083 0.051296048245974855 0.39604757241878313 -0.12784380097333622 -0.7212818539388071 1.319672864233007 0.18772580462780858
0.00023278136299684083 0.34697371541066907 0.30965632313501695 -0.7095355111971996 -0.5185680764497159 -0.7789566247764991 0.568592352386898
0.00023278136299684083 0.11024100057894491 -0.006243869790913286 -0.14106792964835801 2.087246414371927 -0.4414068351315326 1.7397728876515715
0.00023278136299684083 0.0031811484473363576 0.3617800525424819 -0.5017261154737394 0.0865263069933362 -1.187542679020192 0.2954183695229669
0.00023278136299684083 1.2183112278262418 1.123102972487449 -0.34442312595713986 0.18556298209539268 -0.18168307113366747 -0.318735590408997
0.00023278136299684083 -1.5917348749060687 1.116939050377602 0.23022140060328625 0.47561608187988796 -0.13180675505843562 -0.31923575132367676
0.00023278136299684083 0.11266763264404822 -0.02247898307318626 -0.03507417038856669 -0.06134276940821688 -1.753512409998621 3.133199507766562
0.00023278136299684083 -0.06212820170138795 -0.19308949643360726 0.0774928845464131 -2.6561221164869497 0.09288900842026744 0.3020851121039888
0.00023278136299684083 -0.10382135283833778 0.4781450628769265 -0.11351019683800499 0.3907370490746234 0.6132921177984925 -0.6164655379298133
0.00023278136299684083 -0.4970333163381174 1.46579269773535 -0.25621769496763586 0.14847445152306918 0.0142449260303474 -0.033770201066414804
0.00023278136299684083 -0.02649610588605055 -0.03909430036339391 0.03859511453444365 -4.616508884871787 -1.2223756588243722 2.586490143335238
0.00023278136299684083 -0.08661162367652417 0.7414828833163202 -0.2839151861710518 -0.43420017664925037 -0.015283024129447797 -0.125191552108591
0.00023278136299684083 0.007046898209024498 0.48017746280586704 -0.2953510886003098 0.06817028182184191 -1.2012889515723457 -0.304104155660553
0.00023278136299684083 -0.665277490354744 0.22603699142888606 -0.02040928196465567 -0.7364435129010721 -0.7465411907093852 0.11551766140702056
0.00023278136299684083 -0.39407003246239275 -0.42849803379086765 0.23549887280546078 0.43264469548642337 -1.3046730250835659 -0.1834336571287666
0.00023278136299684083 0.04491663125976513 4.010294034269262 -1.2014930181667052 0.12053363502870953 0.09029606973063845 -0.08086245829975863
0.00023278136299684083 -1.27932222974109 -0.2993638267963313 1.1413017946954038 0.3660533744802172 0.14779239989140336 -0.6907316046596682
0.00023278136299684083 -0.12200982714248296 0.9035907346985185 -0.15597305606672957 -0.32344180472767514 -0.19512892577340354 0.09600268848484794
0.00023278136299684083 -0.08962071561341595 -0.1819661190690841 0.13715061866175632 0.8903166194486997 1.7682149397615177 -1.3357119460987856
0.00023278136299684083 -0.04011481447895269 0.8866213236445282 -0.11176920299935872 -1.0248891783865128 0.03881295333581186 0.6115037631832222
0.00023278136299684083 0.767020112209873 -0.10813268823672949 -0.2065013154744389 -0.08221003509985124 0.6974240466299246 -0.5733318818514719
0.00023278136299684083 -0.2811772201961229 0.5472089825142502 -0.08823552946156818 -0.00813976708678024 -1.0810709538743422 0.49259541283217884
0.00023278136299684083 -0.5010918878492536 -0.02282787322222994 -0.640442595664066 0.784158685183151 0.651586671372924 0.47434009177461184
0.00023278136299684083 -0.16179134367678133 -1.2431219329694694 0.7655040171713429 0.004107691020908258 0.2140723729933271 -0.43568488982547304
0.00023278136299684083 -0.9025088249149676 0.3247432490666473 0.08119895471165146 0.42638466869774033 -0.17791223197104447 -0.5795496447037767
0.00023278136299684083 1.610701943286643 1.176894426096823 -0.4204371368423921 0.3335814160905045 -0.21092912614403572 -0.1017578119478663
0.00023278136299684083 0.6199158700137603 0.14647298451782345 -0.11485566942006721 -0.36324603199581235 1.0931196544944288 -0.5777189075751205
0.00023278136299684083 0.09441281434496747 0.5913525421318429 0.16043701229633092 -0.822189004442211 -0.05490151855333327 0.5620600734832059
