0 15 0
0.9311254519873633 -0.00028578062482177577 0.0005262719239683733 -0.00013481221605460142 -0.00032999365482789926 -0.0016537818096211512 0.00011604396428156077
0.00023278136299684083 -0.35069207964055943 -0.5789113635644568 0.16559183956113493 0.6028183050574819 0.9983182883174417 -0.28304803018432645
0.00023278136299684083 0.6526297514180305 -0.5236965036309936 0.0932338505833265 -1.0620367260756467 -0.3236768237944623 0.056059291554448436
0.00023278136299684083 0.11186627093820921 -0.0886915088813247 0.05456239601431432 3.1364052049798063 0.3935765347264153 0.6838443275842557
0.00023278136299684083 -0.024596236720838365 -0.28423518124786623 0.08588480468360389 -1.8023640434275605 1.0606655824224436 -0.05599220092740352
0.00023278136299684083 1.2445486403139105 -0.11911540503948775 0.1920479742364632 0.48899983883140347 0.4683331325075756 -0.07749576010268172
0.00023278136299684083 0.7521658010419793 0.3628602882761089 -0.07382910282807181 -0.8347725073865936 0.041704398377884845 0.027462147036647896
0.00023278136299684083 -1.3680718470071018 -0.08242143269181905 0.05980425878093586 0.3240352133106845 -0.37436241708543966 0.03367759884994884
0.00023278136299684083 -0.40894648366064185 0.1459674588653444 0.0976371813957033 0.5027662244692443 1.5227261023296976 -0.43404488816101666
0.00023278136299684083 -0.41394269667053063 -0.10163667049059753 0.01719928575194716 -0.028255145364375754 1.623947564650745 -0.2932207563731832
0.00023278136299684083 -0.2702887893190751 -0.3327348762733848 0.09216378928568762 0.1489965952768478 1.4061529278944298 -0.1444570869721491
0.00023278136299684083 -0.10006345872534439 -0.7771814243337855 0.03579805681187271 -0.35539639154524566 -0.03914130621302297 -0.12871668171555217
0.00023278136299684083 0.33064588990134025 -0.328334349523467 -0.21949127831537305 -1.357368918371466 0.051925376090796 0.2367883516110475
0.00023278136299684083 0.49557843606671265 -0.21805788964878134 -0.015939207536942963 1.288666834270838 0.4925647144199587 -0.16678176628184985
0.00023278136299684083 0.49228930135376386 0.8211011623126546 -0.04541498420618716 0.2674801352861796 -0.7076068361598509 0.0817495969555713
