0 15 0
0.9311254519873633 -0.00030260039449591704 0.0006740131388935839 -1.2922466510926365e-05 -0.0005220395069715647 0.00028844985443894487 3.1421415848822285e-05
0.00023278136299684083 -0.14666176858144603 -0.170421091965937 0.010810588025812735 1.7413883079294794 2.0370911999296406 -0.12410024146706494
0.00023278136299684083 -0.1130274007982709 -0.49199907012797045 -0.21383525658788705 -0.5738210007700726 -0.8728491408467316 0.2456083412681777
0.00023278136299684083 -0.3090726692123427 -0.23849591510059262 0.1657579138161361 0.11401905037409027 -1.7000860099942567 0.20185666472341862
0.00023278136299684083 -0.3672087853893128 -0.5231308378825296 0.046652452254501084 0.10829867711589347 0.5474746152249342 -0.26885299774027344
0.00023278136299684083 0.47897538111622345 -0.36646035812901256 0.04718623477949932 1.458034554786851 0.41495883957457463 -0.12433379234830659
0.00023278136299684083 0.5185520454770847 0.7680385738081069 -0.11186731727227271 0.6176502320833722 0.7057021831430755 0.0689700903946936
0.00023278136299684083 -1.1678749590024737 -0.8967951804394803 0.19794170111407752 0.780873783124413 0.11327319799944227 -0.07975296189549219
0.00023278136299684083 0.7816780356427647 -0.38336660702746755 -0.050316340400881586 -0.26355138863664923 -0.6132882408657473 0.3228782581491064
0.00023278136299684083 -0.04640209217349008 -0.6211211256380925 0.03321256201246497 -1.314263371335296 0.09427579065842483 -0.1408762425529894
0.00023278136299684083 0.14583458327286636 -0.5398491375404759 -0.024318293810618914 -1.122745411833698 -0.5280515557973608 0.21383646471113868
0.00023278136299684083 0.6913208792839831 0.7581972305693241 -0.19872198894186674 0.4625297490024973 -0.6915173345117276 -0.059512113656903946
0.00023278136299684083 0.11281075762514323 -0.25905426315734337 -0.02446001785997737 0.0952735707812855 -2.0415466547439176 -0.0988759601020442
0.00023278136299684083 0.43535126658759976 -0.40215620662218227 -0.0403853868717039 -0.58277445256816 0.9760725906011654 -0.03716219669602867
0.00023278136299684083 0.1961263041385146 0.670561433674884 0.2140330157864267 0.5672457278322515 0.40469110187270674 -0.2453689761827209
