0 30 0
0.9311254519873633 -0.0008471329676194427 -0.0027303112622745302 -0.00025403258053834104 -0.0002740051972108104 0.00045735728623817263 0.0007911663320326316
0.00023278136299684083 -0.19536376905904032 0.18843988597695918 -0.9435127353999948 -0.23181213058800326 0.3157511085490703 -0.9052720555475299
0.00023278136299684083 -0.6017801183595282 -0.866795112654521 0.9007720708379909 0.12677093146978033 -0.30311081908121 0.03391051987547996
0.00023278136299684083 0.28730924349812886 0.40465583505801167 0.49430560908289123 0.543510716904212 0.8822382405188923 -0.057789137963162186
0.00023278136299684083 -0.2603583515405812 0.17051731388651303 -0.16470727485612988 0.05520807801427781 -1.844900047463892 0.1804260238232035
0.00023278136299684083 0.5335740461583679 1.27243327379823 -0.6069615271694805 0.31031887628279786 -0.309193962665949 0.02734342055511205
0.00023278136299684083 0.022354380427995334 0.2753217597974543 0.43372561018514677 -0.027465834703758837 -0.3157169902299055 -0.48198491444091995
0.00023278136299684083 -0.4022069932807362 0.5757282174672114 -0.015273802617485373 0.41473945532680806 -0.043873713777836304 -0.453533197704886
0.00023278136299684083 0.5805623463943238 0.6269713795885542 0.056277526302819895 -0.41510535725443065 -0.5517165842058293 0.4294500516789126
0.00023278136299684083 0.49856548815039586 -0.04496577170013947 -0.4251739866064749 -0.6946156954685039 -0.7196874008858182 -0.19161916549737595
0.00023278136299684083 0.47769194503425744 0.6184113526298463 -0.03414021946356545 0.4948350347518612 -0.7461651917552896 0.624427057384075
0.00023278136299684083 -0.2524896626639409 0.11709913384021568 0.16246585771736843 -0.5058722249886667 1.9825245945044516 0.2714139052125007
0.00023278136299684083 -0.4408119411402038 0.029489010824513287 -0.35679322379084627 -0.8429934764418355 -0.5765062716209909 -1.016658631297404
0.00023278136299684083 0.27223850011630746 -1.0713569804826506 0.4546496737162315 0.7892454864084244 -0.2557678906058291 0.20327992592937316
0.00023278136299684083 0.20298591813652989 0.5893278179233908 0.9081310025845204 -0.16883036728596176 -0.7325153985196718 0.38383571856898596
0.00023278136299684083 0.1753137916010639 0.9438223399638276 -0.06258438712682175 -0.23893775891199537 0.5036833986658831 -0.01695908425034419
0.00023278136299684083 0.33851781922390356 1.0626273997965276 -0.07824897050402313 0.248396706310581 0.1067043947882837 -0.36439945016565994
0.00023278136299684083 0.2618785718696835 0.4154188602747603 -0.07756050148304108 -0.6730019598348176 1.6205478433837253 -0.06987192645088161
0.00023278136299684083 -0.11117163246947712 1.1975078233511363 -0.25500297811900596 -0.33334619693404843 0.01251350503842679 0.3726625518244336
0.00023278136299684083 0.7031073841014523 -1.0169413374780558 0.6160563595878072 -0.11239761700455239 0.1423129467565146 0.29969781229221126
0.00023278136299684083 -0.6995576638509254 0.66583815911023 -0.45963634271157827 0.4291096349437451 -0.33934103583678243 0.1002292402554317
0.00023278136299684083 0.5518920112021465 -0.06962205394480984 0.05288014194580894 1.0722396621484307 0.6871902082694743 0.030503721655215418
0.00023278136299684083 -0.6363410585345141 0.6156079724876878 0.4155777034154666 0.21876695179918795 0.07997079837304062 0.1862683592236943
0.00023278136299684083 -0.9226303277167557 1.065043209224849 0.9051537966052566 0.25098263982755437 -0.39918590459158093 -0.40083020652299
0.00023278136299684083 0.6183824173385871 0.70646530262423 0.20178315392568355 0.5240214564268484 -0.29566199809291543 -0.28502373686134064
0.00023278136299684083 0.49867191933389604 0.008940394926608424 -0.12421782169091815 -0.8109585439454035 0.6836093049364921 0.7943890750625635
0.00023278136299684083 0.018528770268343746 0.6608873512087725 -0.39581252940078204 -0.48772417641273935 0.16136487544363312 0.2471963172592104
0.00023278136299684083 -0.02113708507610214 -0.0988804057062512 0.05939551736716078 0.596711717379332 -1.430469472207496 -3.1563296457140257
0.00023278136299684083 0.16940247573193 0.9843076902519766 -0.060988734381185794 0.42518753458209296 -0.002690881867355744 -0.015247185628779919
0.00023278136299684083 1.7214034455946805 0.8949452270447492 -0.5844286657994567 0.13903724604202444 -0.14133680077224386 0.06581930931436986
