0 10 0
0.9311254519873633 -5.58496626022035e-05 0.0014253921328072586 -0.000760332558284219 0.00041469593725399574 -3.801791860017827e-05 -0.0003579205976108881
0.00023278136299684083 1.8227639896216474 -1.7615327763931998 0.14970108618020453 0.07192368555562324 0.1077207759931514 -0.10510340844503392
0.00023278136299684083 -0.2758711402457301 -0.86358516206765 0.46245981507951445 -0.7018575618190028 0.31017246050951475 0.20077643626087457
0.00023278136299684083 0.12325884443040933 -0.09521796847163395 0.8572955760533889 -0.9407439011050001 0.3641583250521029 -0.1507325796357026
0.00023278136299684083 -2.0257512980740233 -0.6623317129862015 -0.5625619821579582 0.011165792187703966 -0.19590032701365578 0.296564215598771
0.00023278136299684083 -0.5960578569875785 -0.2152536085881716 1.4006966125187992 -0.19671118519918557 -0.5401173151526224 0.3191360149126929
0.00023278136299684083 0.901323283102718 -0.5319598208750704 0.2645268172519811 -0.3080111843969961 0.46405709896461983 0.1280153695691257
0.00023278136299684083 0.29454492600915205 -0.34437597734256487 0.0982124646121908 -0.982178542553326 1.1464762174994265 -0.3249769581841771
0.00023278136299684083 -0.2567324145283235 0.02868124393627375 -0.2171766178001286 1.0384564131560998 -1.3240000859246648 0.9569495994584276
0.00023278136299684083 0.2359203170736819 -1.2559927484510258 0.5881764613988879 0.3491727351581016 -0.18049547552715864 0.11105370090857405
