0 30 0
0.9311254519873633 -0.001647130354936617 0.0010978165453210628 -0.0002804341567515554 0.000415471714466768 -0.00014425026923149003 -0.0003017072150483049
0.00023278136299684083 -1.5883500257685683 -2.188469774075313 -0.02531045664241034 0.090475450329759 0.01696394737457813 -0.009769577776003345
0.00023278136299684083 0.6126688599212443 -0.2697214759448845 -0.2589510218607151 -0.6226881024464311 0.23127145902844715 0.2407930647505249
0.00023278136299684083 0.7553625062627486 0.20516794608528943 -0.049197443976078156 0.5692356658960903 0.5963157447950368 -0.21726577503842637
0.00023278136299684083 -0.116316338164772 -0.34682018846961815 0.3192486789013784 -1.3602075372643796 0.21026541753715278 0.5857174147583741
0.00023278136299684083 0.3491620621047269 -0.12075326422425509 -0.26422528818420704 -0.7976700125076165 0.2697087023079173 0.5959669415982053
0.00023278136299684083 -0.8321412023088613 -0.8027657284615489 0.12387135444317472 -0.8893331888427681 -0.05304705832408075 -0.015448413065482001
0.00023278136299684083 -0.16043504064968503 0.7074862591472851 -0.38608695588995984 -0.37658713253679454 -0.23127017533891653 0.27398827319000385
0.00023278136299684083 1.1191924870404317 -0.09733841320688322 -0.1695565425919039 -0.022633762382180563 -0.5353097302884259 -0.1742056596814651
0.00023278136299684083 0.9118308717895236 0.06830147446466157 -0.318329413380252 -0.15199143771604562 -0.21033073084665294 0.12004558861315412
0.00023278136299684083 -0.2712160853243811 -0.714043068700851 -0.02991572582661763 1.0421917699211198 -0.1362548171566028 0.15341474705510344
0.00023278136299684083 0.47115468875957794 -0.25742021945695504 0.04429709862297964 -0.1699380957639203 1.5284779565890123 0.252313676623284
0.00023278136299684083 -0.06377778630056773 1.4790974240038899 0.3272014453711936 0.11610655881293526 0.5580052168545014 -0.12392407855751963
0.00023278136299684083 0.6514864848157926 -0.08703726380297394 -0.2698181691938615 1.0108851547196847 0.2963278536285885 -0.156980549438302
0.00023278136299684083 0.43423696186898664 -0.23725355677013196 0.004299398679694362 0.9436027672981727 0.9774986540783259 -0.4837491420986378
0.00023278136299684083 1.7854407815962048 0.9375047501473791 -0.7233207249771847 0.01551784503029561 0.19833181029827032 -0.03625788237005783
0.00023278136299684083 0.023994231042337263 -0.8809763068117654 -0.0026655170950801686 0.9140802271569328 0.16163195981667877 0.3752400316773427
0.00023278136299684083 -0.6435831200007621 -0.40141274674919925 0.12841960592392573 -0.6347900099067797 0.6318554366736348 -0.21730925991968086
0.00023278136299684083 0.2318372726359663 0.5420258634625027 -0.08666759837802508 -0.7315401293233617 -0.39749719793520033 0.3294082030945442
0.00023278136299684083 -0.39678923741654026 0.3564032398876257 0.31607209210856496 -1.283356227649535 0.6513903672654474 0.270355336933961
0.00023278136299684083 -0.022987089705655994 -0.33781210900156267 1.181890594550096 0.11902131875143852 -0.4608303253810071 -0.13745820944425094
0.00023278136299684083 0.48125199480536096 0.03778172347799041 0.490216255982465 0.5097491946061667 0.9049169504654 0.00459306342977408
0.00023278136299684083 0.3309285340917278 0.07515736855638522 0.319689403906414 1.4775632068874633 0.35579216805964786 0.2613831843850512
0.00023278136299684083 0.9251816175671873 -1.1750253569110356 0.046758885095361254 0.23658458729316514 -0.32111791263573797 -0.1141530807914194
0.00023278136299684083 0.24169898911490031 0.18045629998719584 -0.06347210813155559 1.6931333907185513 1.0566244557123634 -0.6154119652267066
0.00023278136299684083 0.01646650034501724 0.05261030945986261 0.010128424510176922 -3.1551313321241965 -4.580753847339813 0.10560947258630858
0.00023278136299684083 -0.996001645242383 0.1072539777993965 -0.013299170890251705 0.4200449515136342 0.6614985817512096 -0.27325949602559274
0.00023278136299684083 1.3992615787167937 -0.44269995463406664 0.6645846641023344 0.003369975608507999 -0.34707410442481534 0.23654066241903027
0.00023278136299684083 0.490780242334119 0.39234219654696256 -0.1059654896483328 -0.26006658744659034 -0.9404164095007703 0.16609660274975746
0.00023278136299684083 0.4481823258086429 -1.1733055870927045 -0.08815964852511199 -0.3675153665003854 -0.5159732961382317 -0.18944431423765484
