0 35 0
0.9311254519873633 -0.0012881693782003888 -0.002642361829261439 -0.0007597798623999676 0.0003894258999356469 0.0007452281450860093 -0.0017128105390237641
0.00023278136299684083 0.011466054727076085 -1.0005245128160143 0.010280313018778171 0.6570607469445323 0.6001205965170953 0.18023226384027943
0.00023278136299684083 0.14061909914795387 0.04401325033561218 -0.21326088385394382 1.8924287733917826 0.10555097957050125 -0.6721649047500917
0.00023278136299684083 0.1716487954588412 0.8163967781818652 -0.1464544158300258 -0.43705448453287243 0.45608970914248154 0.04591889990696076
0.00023278136299684083 -0.12551709935043526 -0.20189763305952974 -0.04701994838183968 1.71278866709661 -0.8652805161724316 -1.5950522822760045
0.00023278136299684083 -0.5586838214389693 1.2462629645884247 0.3950323881362259 -0.19605946333520777 -0.3367761861164041 0.29615636571243065
0.00023278136299684083 0.19766680195072664 -0.23927679330012702 0.12095573891251031 -1.2613514992642216 0.02088527117535225 0.8126885453347851
0.00023278136299684083 0.14500430710839454 -0.26127803399821026 0.00850219847583702 -1.7217114031782048 -1.246997986611088 -0.3818935302296129
0.00023278136299684083 0.14263978349217474 0.08161090494984212 -0.2512174888757442 -1.6178983020410391 -1.4495064462350788 -0.2592695632122583
0.00023278136299684083 -0.4481643286308749 0.18816404796883163 -0.21266083013981937 0.29536592165925835 -1.6228241171354272 -0.035654730468495675
0.00023278136299684083 -0.4464013818022429 0.9919980746395645 0.4160341524982966 0.2835201630454533 0.24991847882217894 -0.11918776359271685
0.00023278136299684083 -0.08331723368909397 0.21981249639511186 -0.20158213564031593 -2.049914834500911 0.663993160025135 -0.3707166712243429
0.00023278136299684083 0.34363470131640284 0.1500034093271663 -0.2878440734868368 -1.1706529367565468 -0.3865107623801533 0.12766146981785725
0.00023278136299684083 0.34756169389136593 -1.7236997455517906 -0.41419315944343377 -0.056365890347969023 0.3120111120031391 0.22318106134195734
0.00023278136299684083 -0.1137397484192083 0.07238885979668283 0.1078616708385453 0.8634307496926527 2.4334743122935683 1.3372962951864291
0.00023278136299684083 0.6421063583746571 0.3302311916979536 0.2725531332094688 -0.2661355826980108 0.6125339181886682 0.40471782303319137
0.00023278136299684083 0.18121845632552483 1.2274131334973428 0.13332689636412845 -0.22455752759588507 -0.30089170122125325 0.2546563572531717
0.00023278136299684083 -0.5562100311863891 1.0211767461789345 0.030718189856160802 0.5933104913118943 0.25820087764193184 0.21862456997462934
0.00023278136299684083 -0.13554378941092624 -0.004628415325129747 0.07681796983271555 2.0294772987618446 -2.326870620750892 -0.03339911477191523
0.00023278136299684083 0.015224117699930007 -0.01479522161609125 -0.024280807524754342 -3.9637809494093945 2.908605576537273 5.516484591735529
0.00023278136299684083 0.5455600564385431 0.3347797180391466 -0.10940244885584226 0.6790675920465032 -0.7857953480035227 -0.30224611561850584
0.00023278136299684083 0.8868607128818354 0.6894586559253629 -0.2761027740464084 0.37697530598522994 0.6645897535048191 -0.029481854495708712
0.00023278136299684083 0.4898319704652941 0.6250206769929021 0.3577312399769653 -0.12887093213364595 -0.8076328267999295 0.6929055584708184
0.00023278136299684083 -0.04076569399821646 1.057958657340068 0.12513574299720803 -0.05079387150143118 -0.4890562541995661 -0.15619722348575318
0.00023278136299684083 3.459576059038256 0.41316700230690345 -1.1331751973443065 0.014891147691346246 -0.03180006191281181 0.018638446322713567
0.00023278136299684083 0.2254959932326263 -0.6052427295493973 2.820765805871007 0.0921399732244743 -0.06788682246912874 0.06401336166672114
0.00023278136299684083 -0.07048007984793052 0.7636506211363357 0.08729649692271634 0.5730555058003418 -0.20208041866496765 -0.4996958893960796
0.00023278136299684083 -0.012675577214629164 0.3360766755459235 0.3098422514619202 -1.0239546448547434 -1.092399948193266 -0.4114114022807058
0.00023278136299684083 -1.8167124476457788 2.4431612414619686 1.26857660882359 -0.11422834793812095 -0.3078634311992989 -0.01738245658506687
0.00023278136299684083 -0.9838901286541523 0.40394119974800674 0.23544990681276512 0.17891468213607958 -0.26565308924915637 0.2697347057542437
0.00023278136299684083 0.3183763936437133 1.0166566204098906 -0.007022444145436228 -0.7260902737974478 0.0952222555859937 0.1246906987206131
0.00023278136299684083 1.8330821357070517 -0.22239689800546053 -0.3074401871113681 0.654601348175509 0.2588490542302048 -0.0868556161841886
0.00023278136299684083 0.28654566450038627 0.03822457224569488 -0.05199940006841301 1.8623270342988145 0.20801605036837342 0.06640757545450228
0.00023278136299684083 0.3785718626499588 0.48270387540297915 0.18085209116953313 -0.575642503800897 1.1510819113836117 0.44254804158296596
0.00023278136299684083 -0.21791214395595282 -0.1510840738479243 -0.23495715082993202 1.2680044466816252 -1.3942290600199896 0.7252946435567068
