0 20 0
0.9311254519873633 0.000251621335806092 -0.001263435402848477 0.0008195902508396229 0.0002525361241232901 0.0006495077193023528 0.00022231099029976554
0.00023278136299684083 -0.135251590246989 -0.09373002354450291 0.03833767837186165 0.402095802726962 -3.104926439889614 -0.38703474024571116
0.00023278136299684083 1.5129473148303336 -0.4319297236613195 -0.7425835034786299 0.325520555401249 -0.22670245200120845 -0.1220248023838774
0.00023278136299684083 -0.5240743714061231 1.2136831243662662 -0.17573944562333052 -0.49778647857367325 0.21970666103455483 -0.14567227466708574
0.00023278136299684083 -0.8260877236937745 0.7007948646943337 -0.1275301372896902 0.0645802492837744 -0.39133224917682247 0.22237720275381034
0.00023278136299684083 0.2189345015157226 0.5449728447022496 0.03771668394889611 -0.716896097363962 0.8934200323896919 -0.5613602973509005
0.00023278136299684083 -0.21487075830118366 0.5902360221230684 -0.2477975655680923 -0.04267721869874463 0.2736628351741909 -0.08451425984780012
0.00023278136299684083 -0.5031822921849892 1.0677853804612125 -1.0588172789791794 0.2996052846147785 -0.13872525436404848 -0.0941972332242813
0.00023278136299684083 0.7140441840353273 -0.031119630778597536 -0.3318989819471352 0.22047335670186202 0.7979025250354269 0.3370032687115137
0.00023278136299684083 0.5923461731164267 0.31023495662530237 0.1898003660493711 -1.0608605913406786 -0.5601361397062656 -0.33698068711496726
0.00023278136299684083 -0.053587645567707586 -0.14136102028321038 0.06692425926563 3.026107888185896 0.3363074424884809 -0.06283020566787845
0.00023278136299684083 -0.179753215470821 0.15031253382573376 -0.11199437901627363 -1.990586690419022 -1.0774904927919182 0.2873344726017843
0.00023278136299684083 -0.3021087344389631 0.951845351807048 -0.6389534140897423 -0.4976629395957786 0.4408864703995206 -0.2182498266678507
0.00023278136299684083 -0.4129681937484329 0.5328565456167321 -0.13121791253790058 -0.9527398816607646 -0.1180516785720964 0.7758260696885756
0.00023278136299684083 -0.6682647088150473 0.00023711882349500973 -0.2117490413615299 0.556134854950888 -0.5693382864639864 0.15841572556536576
0.00023278136299684083 1.0104510364309955 -0.08219508284512456 -0.13359092343324433 0.05849795774058249 -0.626110007383714 0.4016692233209821
0.00023278136299684083 -0.6451379618126963 -0.14779693534963992 0.10432277867784945 -1.1065022859789577 0.8307967217869716 -0.23793743906085252
0.00023278136299684083 -0.5385632461491381 0.17888743424749087 -0.08493638775230343 0.8853562001076475 -0.4768138127605177 0.23784376423064021
0.00023278136299684083 0.5858047269609457 -0.48625379784859624 0.27373413723201356 0.15036296631209792 0.7898063572969974 -0.7190879913666619
0.00023278136299684083 -0.6371628382864611 0.22628164841534465 0.0076120641728888265 -0.13316742888731548 0.10910689029494268 -0.33982393047386705
