0 20 0
0.9311254519873633 -0.0010695018310366818 -0.0017624896893438755 0.00022083998237830725 0.0005446572028606534 0.00024359075704834048 -0.00012084437573030167
0.00023278136299684083 -0.5852033647355075 -0.04941261900865405 0.054610491614873136 0.10167280748361499 1.4829687310690245 -0.07405567317220008
0.00023278136299684083 0.20895750444104472 -0.3146720189977677 0.037006475431628466 0.00655412367085153 -1.902111512283866 0.11500869719645399
0.00023278136299684083 0.19430486826403032 0.4862683781009405 0.03268429713126567 -0.7413481625783078 0.7258925387207746 0.00573530269270132
0.00023278136299684083 0.6457657438581705 0.26428247256881193 -0.049631243651574966 -0.013232280029661408 1.1149082478037855 -0.13016001843500047
0.00023278136299684083 -0.03774917735535373 0.9187250894294323 0.00542555398791413 -0.7639929471617982 0.45967710709409343 0.0017216638625050735
0.00023278136299684083 -0.061747878174573945 -0.510015055427878 -0.004024487270628137 1.3062090959148707 -0.06812120760846642 -0.0495407010176236
0.00023278136299684083 0.55271767112761 0.8425577946083966 -0.08108118181704609 0.9494849775046168 -0.08899333769622601 -0.0030975041805453704
0.00023278136299684083 -0.5419221117189225 0.3667331044310167 -0.11457580642553383 -0.0977337667205099 -0.8768798797384518 0.10109491423494907
0.00023278136299684083 0.3014911628617527 0.41416747915542734 -0.030823834152256813 -0.956430949861281 -1.3114744177024082 0.10080544966924312
0.00023278136299684083 0.31877683160771253 0.3284863493303808 -0.04394662508202002 -0.5459060189349157 1.3916662803912305 -0.08106721742074237
0.00023278136299684083 0.7150352772747142 0.22983525882940894 -0.15748413548944576 0.12493253036113668 -0.6246167294701215 -0.17407687503365965
0.00023278136299684083 0.05723321977446273 0.48641268851204356 -0.027659681854964906 -1.063293099663912 0.6864255657422369 0.09913119614168675
0.00023278136299684083 0.9808799177639838 0.7225918156770551 -0.14065478248800928 -0.6136460434058472 -0.37895644874757256 0.0015316484431947596
0.00023278136299684083 0.5842227524989563 0.36951684298386545 -0.1498372524038014 0.3572958893007924 0.8157360579295967 0.2548085461379362
0.00023278136299684083 -1.0397590513167843 0.22824122714823358 -0.0509976254481758 -0.2900715956452019 -0.14373614435698842 0.018136693576237418
0.00023278136299684083 0.8711343877832851 0.8215084584847389 -0.044529721514357606 -0.25301795960015416 -0.26801204895451214 0.022430166022882798
0.00023278136299684083 0.24277094788124848 1.0471216812194557 -0.10646326623696804 -0.6810128426253036 0.030069244312265972 -0.13835243457010526
0.00023278136299684083 1.2111315411066783 0.45937093589096356 0.010627044118970232 0.1439676589301092 -0.28776691751844025 0.03477948435270754
0.00023278136299684083 -0.3400329187961672 -0.06176112556171769 -0.02200414796309338 0.8509397716182843 -1.731038157179314 0.3785441644205854
