0 15 0
0.9311254519873633 -0.00043707379860116654 0.0009064499561415425 0.0001539388724015716 0.0009057628916844857 -0.001570643561389691 -0.0010936997463677077
0.00023278136299684083 0.5909110655294776 0.4052155033396718 -0.09954188961119131 -0.011758522564183872 1.2811692363896925 -0.11980260156994658
0.00023278136299684083 0.6836035291956656 0.1306135419513177 0.041206116785123995 -0.8755511847348117 0.680592149884136 0.31100926221366226
0.00023278136299684083 0.46421707124677225 -1.8250123133530771 -0.05644436727898655 -0.41366394221022545 -0.01050183418094079 0.08140886859883281
0.00023278136299684083 0.03113923404289203 -0.18057887186962127 0.011691329740794199 -0.4975421971066714 2.8137145339503107 -0.17445031041204778
0.00023278136299684083 0.6163577654659153 -0.47145898483887494 -0.06648540986050544 -0.3587837390090138 -0.4218721217745367 -0.5221192193097859
0.00023278136299684083 -0.5601503199922582 -1.3605153253474862 0.24610946814383894 -0.21022071811464116 -0.15089299711045012 0.08766384386179778
0.00023278136299684083 -0.7260814740870991 1.4469814806696293 -0.15729036826363318 0.03623599960343123 -0.7702865093509966 0.13068892434999654
0.00023278136299684083 0.00823916624414569 0.3153858338123593 0.07064786613908211 1.4402400816807577 -0.18877992624296558 -0.3004836924068552
0.00023278136299684083 -0.19846508823993364 -0.629549592344505 0.053472626445397166 -0.5521549176267445 0.7963840270465007 -0.04541798764185144
0.00023278136299684083 -0.054773751760727935 -0.005010850535787427 -0.05222568489545494 -1.3707777848600406 1.167389102350662 4.3192369198352525
0.00023278136299684083 -0.241324021073628 -0.5439313658652039 0.14350718475404362 -0.1596814914457723 0.9954825164794787 0.2171198698912047
0.00023278136299684083 0.7974976970166707 0.36179313718209827 -0.23916405353911413 -0.002615821733988999 -0.8332746253103399 0.013604641584209877
0.00023278136299684083 0.10197003222409748 -0.4300223462364205 -0.43305912987232303 0.38533175615328885 0.94698460411767 0.12703568328479348
0.00023278136299684083 0.23515428859332108 -0.8397096711211737 -0.07817917829321581 -1.0321090847693268 -0.023533910689452514 0.24930478319156793
