0 10 0
0.9311254519873633 -0.0003558895044728451 0.00026085669119585225 -0.00014200774437070641 -0.0009270508350452803 -0.0003973556817256354 0.0007328538205335954
0.00023278136299684083 -2.8372538224590764 -0.44547885961217576 0.3908971784207724 0.1710462066459909 0.08393769506104094 -0.05351106405575861
0.00023278136299684083 1.8610661874512509 -0.38641602449612233 0.03459305814775476 0.03558143863337183 0.33921152594723986 0.053297878767016645
0.00023278136299684083 0.47271543293227636 -0.26814573718567986 0.09620873183088684 -0.5104245762057285 0.28501074575299595 -0.09865445425710824
0.00023278136299684083 0.027272207833089826 0.3953113994888337 0.06067468129212184 -1.9104713437893122 -0.08741821510609803 -0.2718287581561476
0.00023278136299684083 0.28058934339740454 -0.7282695897385599 0.8306123238409469 0.7881318325389638 -0.23801432914096315 0.20791048572186935
0.00023278136299684083 0.8863472219230447 0.5875971815945664 -0.13576825330491846 -0.17227731531078702 0.3704412157448972 -0.41201889139851366
0.00023278136299684083 0.6997005576054627 -0.15385277969929956 -0.4946003477423842 0.44958463575159935 0.4317441241038495 0.4744579016882211
0.00023278136299684083 0.058175623624100586 0.06552632736906701 -0.16443249456489786 1.8180997137066874 1.7342206051061235 -1.2445633695755554
0.00023278136299684083 -0.025054734409083602 -0.10969868252514633 -0.05015390043733299 3.038932748210333 -1.3297106405665446 -1.5865050108684045
