0 10 0
0.9311254519873633 0.000330602992070512 -1.8440732661049902e-06 0.00022637581398545043 -0.0006729980121735208 0.0002339992505626763 2.6599034354611008e-05
0.00023278136299684083 -0.2169206914565589 -2.347846387720792 -0.272847668920447 -0.22522095123501928 0.20955997286592742 0.01671100604911309
0.00023278136299684083 -0.6132896069549781 0.3643377723637081 -0.03439587007720527 -0.9930901421096874 -0.35344837900901804 -0.025416487405885615
0.00023278136299684083 -0.390945165867678 0.6911357457939974 -0.1645663399611619 -0.2879332570465251 -1.1085097206891295 0.1623010718191498
0.00023278136299684083 -0.7987988710828814 0.10879960731939442 -0.09532647824468983 0.33056859349533113 -0.6561179889699323 0.2657896265498265
0.00023278136299684083 -0.13654884548832352 1.9932464245017225 -0.16977492965106417 0.20388410192947165 0.30840035385133796 -0.1298828673254255
0.00023278136299684083 -0.42825525233107037 -0.3619630591235204 -0.06698308627926468 1.1659387929887866 -0.13954025581515217 0.035711026191907705
0.00023278136299684083 0.3687323830292158 -0.34018109854666595 -0.151161801834419 1.461219456841386 0.24889972735791863 -0.31802206423745044
0.00023278136299684083 -0.6567563671700292 -0.4546484677416036 0.01803675685197819 1.0130574342087255 -0.125052811275689 -0.059788627669082585
0.00023278136299684083 1.5503704490472832 0.3544957562205283 0.031516162174450975 0.023568019621613912 0.6798120994330313 -0.05379882139059702
