0 25 0
0.9311254519873633 -0.00013982393149507453 3.615537743428386e-05 -0.00010797019581047407 0.0007860896052308744 0.0010343071900859554 -0.0001839847289150296
0.00023278136299684083 -0.5078927753192485 -0.2383497329707639 0.05996810642663027 -0.4987933056724768 1.2608526509732356 -0.02693650948413637
0.00023278136299684083 -0.5832586767901706 0.015536182383673882 -0.03625789572683489 0.22679378562201086 -1.1571433953982384 0.13994745618290366
0.00023278136299684083 1.0250583259597044 0.30271637919011557 0.05840451689535252 -0.24484610102909293 -0.45139323499391 0.004386902357255423
0.00023278136299684083 0.7073326264581782 0.38298311968434007 0.1648726966411295 -0.7218443291387473 -0.6832709591732278 -0.0600914942521378
0.00023278136299684083 -0.7859389689918095 -1.0595522810974796 -0.060993496613943717 -0.045876129347322527 0.06264967898508289 0.20666316870059095
0.00023278136299684083 0.6888792283828775 0.4638344279979822 0.22976444446220168 0.70328350126552 0.4849395585277909 0.060804935153944334
0.00023278136299684083 0.3277027623027245 1.1555789189256902 0.028997563200966355 -0.5863892441027022 0.4101812220742559 -0.02006452860008471
0.00023278136299684083 0.07050501430208107 -0.6389581483190673 0.010225612808724886 -1.0847104161407013 0.13177999833286017 -0.010545245848801696
0.00023278136299684083 -0.36886763106757964 0.30465030319594744 0.03705908537045268 -0.16252502015255407 -1.3253014402714443 0.030295093289684702
0.00023278136299684083 -0.38880708531529995 -0.6556007825469501 0.0130357352086461 -0.16355289063715545 1.0025233344356972 -0.003602117278526763
0.00023278136299684083 -1.0046796240194926 -1.4079989883245392 -0.03499852058504454 -0.008683013120208668 0.09744396882766992 -0.03185787940646244
0.00023278136299684083 0.025304640184726702 -0.4783636173569509 0.044286333752565285 1.4820349970893272 0.23972672469368056 0.15311642845791376
0.00023278136299684083 1.0195919443966397 0.8143539237608107 -0.0403635921213482 0.6027191754591742 -0.0756390253747944 0.030503665447431706
0.00023278136299684083 0.760469216477291 1.2436039566944848 0.14815871069110031 -0.01538067802431642 -0.12354277439156053 0.0374633177706587
0.00023278136299684083 -0.4789362492937755 -0.23008409703444874 0.04002211892224749 0.6407329235481853 -1.0459540470285456 0.03618699525715533
0.00023278136299684083 -1.1748308919515087 0.33458436994215507 -0.06508143476917667 -0.3094911402209743 -0.311914315310843 0.007241149544817956
0.00023278136299684083 0.34633391909735156 -0.4675916629285538 0.05332199648225681 -0.3036422949020225 -1.1113991402595904 0.08741355919801386
0.00023278136299684083 -0.2171967359144569 1.0664530913122494 -0.045258526439659885 -0.6807846268195156 -0.23381210888387777 -0.07033862443423265
0.00023278136299684083 -0.7192118013711879 -0.35627376571611985 0.10176841116184453 0.7508048968955664 -0.19774016809132947 0.1457535937103864
0.00023278136299684083 0.8705505464317835 -0.10486609893922728 -0.31949457079021554 -0.005809490623215363 -0.7424780779046809 -0.0544287719499547
0.00023278136299684083 0.4447277666654558 0.06205445069375262 0.059854755028699066 0.8402839094760651 -1.303354831205556 0.15612918804806564
0.00023278136299684083 0.6022749288792788 0.17847487477806953 -0.11546604823611355 -0.6608441775799327 -0.19835641163105475 0.12451886607513583
0.00023278136299684083 0.0196214694655361 -0.33227152014693234 0.031607114925889995 -1.7063417064931756 0.3988096418360354 -0.15476053230592005
0.00023278136299684083 -0.11943622298844395 -0.4995348129153418 0.06844766654552599 -1.1914970462752352 0.7351643908885253 -0.051859699973582835
