0 15 0
0.9311254519873633 5.344416851535969e-05 0.0001571338919616332 5.374549575320961e-05 0.0004998497941819027 0.00030450127168296886 -0.00010376915690070265
0.00023278136299684083 -0.4396335809800525 -1.5119153062786317 -0.06787478566765398 -0.35328504582885667 -0.5505316874626043 -0.003954569253496787
0.00023278136299684083 -0.3390550405701852 -0.13602436998618808 0.009922599382925555 -0.34722466788549344 1.5210584214364402 -0.24780346764707276
0.00023278136299684083 -0.3072103282966736 0.3783808224458605 0.00573767759348501 -0.47784378523539467 -1.4233340412997504 0.0023775221702228263
0.00023278136299684083 -0.4980302839738968 0.1595616080264604 -0.05983672047202896 0.6863264053996218 1.0923348006755702 0.08006586828254954
0.00023278136299684083 -0.515368828156203 0.8046921551390408 -0.30759382701087634 -0.336402543430745 -0.6877700051483632 0.3019984520220157
0.00023278136299684083 0.7995263820965464 0.6135995710950422 0.013980060474367078 0.2925894253889838 0.5023836454844576 -0.005970473502394102
0.00023278136299684083 -2.233103925735628 -1.5483067312875354 0.03592087096197636 0.13475010071426988 -0.021466491639196342 0.01730652382949737
0.00023278136299684083 -0.2738430537778159 -0.38253619913516346 -0.022327444175822553 -0.60721210651584 1.1368762383760105 -0.1138971644270362
0.00023278136299684083 0.8415643715758108 0.48537541973588516 0.02723396938754975 0.6005473670044609 -0.5104162941278132 -0.04385538808497609
0.00023278136299684083 0.428217295214457 -0.6718360766748769 -0.20236983447550635 -0.3856643594616822 -0.4952891778506201 0.09906279166088917
0.00023278136299684083 0.9582871347461277 0.24450300951335502 0.025704559522949862 0.6335480612615537 -0.4372268411626208 0.02705783437978938
0.00023278136299684083 0.3344061064340189 -0.44493792590181386 0.22974199637939494 -0.5903523667559992 -0.930503131647165 0.5262077105184955
0.00023278136299684083 0.6218950182892847 0.8218422765766105 -0.011675415174364679 -0.703971216424735 0.3376696731771561 -0.07761048470503448
0.00023278136299684083 0.40857205907346 0.559066178885116 0.10845431026076605 -0.5452044449577581 -0.7517901955433777 -0.14590852764063822
