0 20 0
0.9311254519873633 -0.0013174149475860012 -0.002733330979760985 0.000273033294522596 0.001278582590486898 -0.00014952176661200094 5.1857369766669786e-05
0.00023278136299684083 -0.3856526971700868 -0.2554539793352363 0.01844994571947702 -0.8116585322385421 1.4876846056183735 0.14195013439764198
0.00023278136299684083 0.1979843361863816 -0.2863180664598276 0.02503812249872885 0.1864210092738591 -1.9559790942963187 -0.026934164825276895
0.00023278136299684083 -0.14248018555148154 1.1189648069223979 -0.10980887588411983 -0.49089332446078304 0.4521329520411801 0.055888378946592675
0.00023278136299684083 -0.2012669158355256 0.7159429854053954 -0.06207166068943146 -0.9593518839441912 -0.02793284005135514 -0.0448943189343108
0.00023278136299684083 -0.77782920753465 1.030501187002206 -0.21885119434006584 -0.24982525821650436 -0.6341362062827494 0.048544263045882705
0.00023278136299684083 0.4813148077130507 0.07575047119336306 -0.056842080356359216 -0.08936094286758683 1.4008996207351359 -0.2267233159890728
0.00023278136299684083 1.7946992377755255 -0.06669097914236785 -0.07132175675434738 -0.19401839148969938 -0.379163498063532 -0.012224984683078442
0.00023278136299684083 -0.5617095222458804 1.05459878044628 -0.11684599275388904 -0.3497942855911646 -0.19146935118999336 -0.07386215677211133
0.00023278136299684083 0.9154367809885703 1.474057831923101 0.02513097872631177 -0.46633404574025045 -0.24977373815849252 0.035780864008157894
0.00023278136299684083 -0.477412038503221 0.06571729318113649 0.11634281431841056 0.3313755076836586 -1.1358683535641139 -0.1568835494882196
0.00023278136299684083 0.5404112271637773 0.4320481806208083 -0.30752445466748807 -0.026174015901907155 -0.695560479649462 0.04374549128117641
0.00023278136299684083 0.22513476740176305 0.22295940540840598 0.003081131279471079 -0.5354752280660966 1.6355655393828665 -0.012876078141972907
0.00023278136299684083 1.1680288031172448 0.7725242137771621 -0.06507192201589657 -0.6562583266106212 -0.2864120464107074 0.03423672541459207
0.00023278136299684083 0.7593858936089696 0.7796539927961937 -0.10219969890482819 -0.37357758268905916 0.1582290720849966 0.126128000729581
0.00023278136299684083 -0.17806559515159456 -0.3729523239587572 -0.024815415043563785 0.04548734152923416 0.08098883980060263 0.0070179244431896725
0.00023278136299684083 0.6361608667837203 1.8842780476817784 -0.06720193667056487 0.2144567344261721 0.030295429082448574 -0.058665721141951746
0.00023278136299684083 0.4093605255657226 1.056119608065777 -0.03035882079307463 -0.41729420781079984 0.4460682211904607 -0.0794504297059445
0.00023278136299684083 0.9509582165281886 0.6907632323910674 -0.05693073281869788 0.438277429064714 0.1737969693675877 0.010668660067352587
0.00023278136299684083 -0.08479951049741906 0.5408592311230087 0.009668371059529482 -0.7103323582980274 0.28872142481106877 -0.018875201718907025
