0 10 0
0.9311254519873633 0.0007911115914950097 -0.00028500110462994165 0.0001839054153844054 0.013987950948341356 0.010339518458591842 0.0020420492550173434
0.00023278136299684083 -1.339645317962986 -2.660920102570559 0.21840889413293343 -0.04301233700465238 0.14826127380488402 0.0023795647189589495
0.00023278136299684083 0.0007354573733464679 -0.000294468029819313 0.0001243331962603532 -59.123594526852436 -41.66124345962553 -8.649639193516087
0.00023278136299684083 -0.4395576135150802 -0.28021670977469604 0.041440835036138206 1.2023297916645002 -0.6652202825326587 0.17070401033715535
0.00023278136299684083 -1.0596991016299384 -0.3758707215610924 0.027035546959210954 0.479021524451895 -0.48397530552984375 0.049799326535887124
0.00023278136299684083 0.23933389146990228 0.04934864097760415 0.06824126120304277 2.066219432393536 1.2375397117760578 0.2522936380150574
0.00023278136299684083 0.15552551191108127 0.5383881198378577 0.07306719891424984 -0.6773114910927741 0.9479273634518706 -0.12065597158213345
0.00023278136299684083 0.6229151551018286 1.2614603624642229 -0.5056248808898027 0.3234037267409077 0.42454076925349393 0.0012063137376257874
0.00023278136299684083 -0.8993824730498807 1.4306945129452422 -0.6032692613999744 -0.10597421161935397 -0.5379339820448767 0.04470288930910142
0.00023278136299684083 -0.44467187568034944 1.1774147842284692 -0.055045588689744615 -0.07288570204703017 -0.7679699229207642 0.08101240237506128
