0 30 0
0.9311254519873633 -6.481494715580038e-05 -0.0003134540133902787 0.0001359031882966735 0.001626117814323991 -0.000278453331618495 8.008040339285195e-05
0.00023278136299684083 -1.032380631537954 -1.6521152327126338 0.0051225306431878555 -0.359485525186116 -0.3794019746619114 -9.286522313307898e-05
0.00023278136299684083 0.18904095517708672 -0.11862196184206027 0.01988248780399289 1.985113833345985 1.6657251088654146 -0.04138425338528449
0.00023278136299684083 0.5257547581434152 -0.003208195919161763 -0.03594108725371751 1.2417613323577716 0.5944909977386514 -0.3167186937592683
0.00023278136299684083 -0.06477414677741063 0.569786336539887 -0.06402394006210282 -0.7939190726899128 -1.0119094310592596 0.16404354215497607
0.00023278136299684083 0.24871727513266026 -0.4403283183072534 0.1654371938950238 1.3177076691090692 0.870370567970482 -0.15541610973072287
0.00023278136299684083 -0.8194117897047861 1.0195102972154504 0.07795580127118043 -0.2926534964054134 -0.5075381997677979 -0.04482292376056969
0.00023278136299684083 0.24146742198028956 -0.21663415558884563 -0.063649378851503 0.33992036651701846 -1.964492619337734 0.01839267455781134
0.00023278136299684083 -0.4776091188489979 0.2751158273404513 -0.022092262100628438 0.016337351930077838 -1.1595656823312035 -0.1758855770383878
0.00023278136299684083 0.18736885401676395 0.4943279741529268 -0.010506532299508743 -0.7008578083980607 1.1031337757437898 -0.05180094490695299
0.00023278136299684083 0.37226308440880723 -0.36266982739901443 -0.09260216361708548 -1.3173444704252195 -0.14121691353435775 0.030355816637129992
0.00023278136299684083 -0.10364090310841945 -0.6948531246358237 -0.0070401504784290405 -0.7371682547566801 0.7292621743908048 0.05023208925015259
0.00023278136299684083 0.44532296917686015 0.19895691439593727 -0.03811656143983798 0.9833278771696504 1.05060971790728 -0.004541888063876778
0.00023278136299684083 0.20670156981950616 -0.4049235654361931 -0.05906219536638483 -1.6541542706323535 0.3367885428663591 0.10463377741754153
0.00023278136299684083 0.8120417793407012 0.6865442675142489 -0.2458485515195363 0.48972570468260607 0.25856946883383275 -0.004450881134203234
0.00023278136299684083 0.37106545894553206 0.7291896062103908 0.17181931268360273 -0.6096523064806851 -0.5715031926172216 0.1577270426608543
0.00023278136299684083 0.3773667007552036 -0.8104238540433746 -0.02976608123384291 -0.7620897925669327 0.012000593260022426 0.030516591023947708
0.00023278136299684083 0.12589656615296227 0.08092453972924485 -0.042678826229335755 -2.3237099846058564 -1.5078717021711374 0.8000071959808516
0.00023278136299684083 0.45998049629660326 0.8015553238255224 -0.17849121865991135 -0.04704411780747819 -0.41542605620607276 -0.2695801226437575
0.00023278136299684083 -0.8906880737870726 -1.038929846233643 0.09204552707976617 0.28340045078427517 0.23227296151541973 -0.33482557505982224
0.00023278136299684083 -0.5347474123989249 -1.1818612366570131 -0.00621932034172816 -0.47492208410169434 -0.403346469030762 -0.07918519069772553
0.00023278136299684083 -0.2682627365522371 -0.13334337079196565 0.0558224013820218 -0.3424299627577133 2.0393559740113463 -0.3133275318601153
0.00023278136299684083 -0.5156330599694238 0.6903438730814129 0.0025388693235111584 -0.8294282834259126 0.21569569603251895 -0.08468498785662947
0.00023278136299684083 -0.2849711884470998 -0.3531567416313247 0.0008587054968538659 0.8450666292346748 1.4680084883215558 -0.04707322296049357
0.00023278136299684083 0.1460513552062262 0.4230922770616757 -0.07891595804156176 -0.7410157840954886 -1.4835980874917858 0.16605194471368012
0.00023278136299684083 0.49338200832957874 0.45426154361145404 0.09973443522770642 0.8595276845651009 -0.1686254078898541 -0.1498139363423544
0.00023278136299684083 0.13495749121549047 0.8494801912106623 0.016498933934820395 -0.5828757207955285 0.45888553949941524 0.00948460096168949
0.00023278136299684083 -0.5231298313464192 1.0735246067606332 -0.18914832206613533 -0.2729762714221556 -0.6571734256028532 0.011663744884917056
0.00023278136299684083 0.21227095503295346 -0.4598685056786793 0.04161457218064128 -1.4770673396896277 0.016644560938355268 0.192749721687766
0.00023278136299684083 0.22485898197049956 0.7781404117876799 -0.12884097454775612 -0.5475656107493762 0.43366832028067603 0.017424348920571948
