0 20 0
0.9311254519873633 -0.0013153552547421905 0.002349072640348412 0.00023151527703065456 0.010196181781778143 0.0030359213938343146 -0.010093190561988246
0.00023278136299684083 1.3852097448803875 -3.10939640976017 0.9518455340431471 0.26085559699668487 0.0025755710383422335 -0.10370670493840163
0.00023278136299684083 0.3154572712539251 -0.44774258154250784 -0.1260076775402622 -0.12934183846134698 0.5572888598551332 -0.07119974705844591
0.00023278136299684083 0.11390680331980402 0.022821238250929358 -0.12207402363473382 -2.122107338692391 1.520073050874338 0.17421153779810652
0.00023278136299684083 0.6103022094179547 -1.637581613305994 -0.7307357087818386 0.24064079690606477 -0.034882704653784694 0.38301335665764286
0.00023278136299684083 -0.11428275769627375 -0.6108656374701709 -0.5501363907228312 0.5129771876495792 0.7451239914048557 -0.4607867767323719
0.00023278136299684083 0.791993545891455 -0.21957344667778406 -0.24957519427899288 -0.1945583552551946 0.2569462641998957 -0.7679532700986689
0.00023278136299684083 0.22697366452336487 -0.04242644605046792 -0.08608438148852217 2.0912455516840454 -0.861792366600985 0.3581038042203493
0.00023278136299684083 0.24227294795466078 -0.4310607157242359 -0.23756425468295853 -0.14436732794216833 -0.10963939833919273 -0.8570834080033457
0.00023278136299684083 0.4372437006401369 0.0279417756126652 -0.520826569295769 -0.4283817096356134 -0.999003733373377 -0.18976904873178246
0.00023278136299684083 0.373007986623046 -0.6759692420267881 -0.23558220419234116 -0.22379082486027918 0.7711032134402733 0.2586018078144956
0.00023278136299684083 0.06650594808557252 -0.34458583730007103 -0.5067870493393377 0.009547577106725552 0.21985539918168548 -1.346792389568133
0.00023278136299684083 -1.3618475056458328 -0.0044419880038864545 -1.0485276088776112 -0.6366575511766798 0.3604177704966734 -0.2374806492807983
0.00023278136299684083 0.04917227418558963 -0.1358711082950263 2.0350093141638594 -0.0168378474613618 0.08479847056292522 -0.04728595838663996
0.00023278136299684083 0.9074825261437927 1.7827172207533208 -0.40434748227431927 -0.45309839356661336 0.14095399182437005 0.20786424757895225
0.00023278136299684083 0.28982549811092156 -1.051805588468569 1.7614358780088606 0.08277041871900986 0.1572121147042213 0.5677735301089044
0.00023278136299684083 -0.001418748782927803 0.002365316743714841 0.00038539496509086194 -40.39019573318204 -15.765630789449824 41.660899683228244
0.00023278136299684083 -0.13123061683689435 -1.4419371436229929 -0.7843550141460985 -0.011782625351968725 0.1223598406853633 0.20141657481500114
0.00023278136299684083 0.43764254323000906 -0.7523634926158147 -0.7050027661634666 0.7347086535729876 0.106385796498148 0.6314486646305919
0.00023278136299684083 0.6232039836758605 -0.3265148619131272 0.6328690961151089 0.0336466358379716 0.5821690823136783 0.011486993899295007
