0 35 0
0.9311254519873633 0.0011583562632876214 0.0005099725316977317 -4.639959095936487e-05 0.0019156080014930252 0.00014764990284382953 -0.00027011007954414655
0.00023278136299684083 -0.5988383807825463 0.746767712229558 0.5063011499020229 0.2621396717112982 0.650239635291864 0.03254756961138178
0.00023278136299684083 -0.2173960226905965 0.24195747292104836 -0.02726400935180136 -1.5841457930122174 -0.15011185335669497 -0.4602346957786389
0.00023278136299684083 0.29936447993069915 -0.0698817360626976 -0.12262015656658483 -0.6023714895545752 -0.9283701017138184 -1.6032768772046255
0.00023278136299684083 -0.43616521839924094 -0.22546177239407492 -0.19208088663948852 -0.2922993661458368 1.1915691104296222 -0.15187100201946674
0.00023278136299684083 -0.9496809433084971 0.4789116259603868 0.5340233071470175 -0.03739599481796424 -0.3787974314177234 -0.11657943444156593
0.00023278136299684083 0.294613597611228 0.05541043902020272 0.9011859213775943 -0.14733780881506653 0.08298495053068858 -0.4941793038859753
0.00023278136299684083 -0.4737655465361669 -0.6426700084890131 -0.6170208848753698 -0.8500217226414861 0.41406384537231034 0.3391531236230315
0.00023278136299684083 -0.8066816147946889 -0.5713857648361229 -0.3742792117722782 0.11367893680501032 -1.0220477462067261 -0.3014268246646139
0.00023278136299684083 0.08196684952259857 0.4411505210082509 -0.03335131863564167 -0.945631058036765 0.2096199627359308 -1.4104321212375075
0.00023278136299684083 0.17355068252937705 -0.2745041149268739 -0.2899005981952762 1.1553819867570898 0.8643017345492537 0.5860871199582913
0.00023278136299684083 0.1592604490829729 1.9376372386862912 0.017833595249018536 -0.2197463359522105 0.3929790957144623 0.28035234851354945
0.00023278136299684083 0.17552850861218924 -0.181121203497179 -0.19371192646506377 -1.1732295467583675 -1.1559231918196387 -1.2348416972019154
0.00023278136299684083 0.2631100480657379 -0.01807215842869838 -0.30522002999858455 0.25282304929240734 0.8230916967795323 1.3699662763288591
0.00023278136299684083 -0.7882485087999255 -0.09077515062958703 0.02870012310176345 0.12531708708222286 -0.20820314854947228 0.5741691284801511
0.00023278136299684083 0.2975702770973449 0.7360176423303798 0.27750785934988376 -0.9619150525096515 -0.87307683629342 0.19913653233754885
0.00023278136299684083 -0.29205002569653504 0.48088769535415166 0.3473692024686765 0.609607158753024 -0.03797746351562354 0.6162483254954858
0.00023278136299684083 0.10336685718219987 -0.4266217364546406 -0.16224794480739235 1.2655278490112178 -0.301748316086183 0.943425192997556
0.00023278136299684083 0.09371323992694128 -0.1595492053361317 -0.08679187410129449 -2.3215533178079313 -1.4360902685902277 0.25996096973285543
0.00023278136299684083 0.12137305179991185 0.4153453122749097 -0.06401660051284161 -1.0430035903286994 0.7166726866747866 0.22637063735840293
0.00023278136299684083 -0.1619224245569825 0.38675075882698745 0.2690984306198635 -1.0094185165061151 0.3826984502903194 0.22012073813647565
0.00023278136299684083 -0.6603673856633033 0.03833837008641659 -0.18168188350349812 0.46453060783817285 1.1415164069018313 0.3345947188566113
0.00023278136299684083 -0.5603596197213242 0.307386186420519 0.01040357436852197 0.961408926810942 -0.5212723846555107 -0.01324768714933098
0.00023278136299684083 -1.0167933246548904 0.18631599164247933 0.19178034462352833 0.13564677132334996 -0.48409343308192154 -0.2996521281004429
0.00023278136299684083 0.367821185635986 0.2334881390481006 0.23358349898489694 -1.3577527979674615 -0.37382087024570176 -0.4313753901304591
0.00023278136299684083 -0.03180693774068386 -1.0124572803215723 -0.20962364676920364 0.02029713462495732 0.11262080619890726 -0.43223216477980775
0.00023278136299684083 0.9436684658270071 -1.0391729660282982 0.01061255836179352 0.554290154962178 0.37542990454904535 0.3626732384572117
0.00023278136299684083 -1.864291181263799 -1.7207360209609415 -0.12278425388704199 -0.09950331006523695 0.32707661200006205 0.11651725890653658
0.00023278136299684083 0.10887756608338457 -0.4377543176621335 -0.1924599833930232 -1.244703158252487 -0.634266741311596 0.17785619833123792
0.00023278136299684083 0.27474533425545045 0.5819419480069848 0.38075150343271646 0.48377879448688726 -0.2278454572942599 0.3330336343566659
0.00023278136299684083 0.24052387927630642 -0.07728340830309371 0.06897498101448561 -0.08340231237537367 1.2673153475981658 1.8022847643008988
0.00023278136299684083 0.3841040331959539 -3.57333451061631 -1.1067653075367356 0.29106218530524414 -0.22850855264655018 -0.07733818994828222
0.00023278136299684083 -0.14739262903678757 0.628499368652605 0.31530614639177407 -0.8578792919668214 -0.5068142010384978 -0.4966165886189676
0.00023278136299684083 -0.609789713911551 0.17766162704924537 0.5027932416914486 0.3717717419432834 -0.8381265785345573 -0.577364233106874
0.00023278136299684083 0.5989659187312155 0.406423178622034 -0.12880655723636306 0.10161640083488528 0.7643147193660146 0.4066108806623094
