0 15 0
0.9311254519873633 0.0003146509726734932 0.0007431961171743357 0.0001032664902896792 0.005320452355975324 -0.0015478141476433283 0.006062240695716638
0.00023278136299684083 0.1570248056473011 -1.1398231220080985 0.006882945355947259 -0.12314015269254462 0.4213796467647111 -0.38060413561218903
0.00023278136299684083 0.5566944141514785 1.2089846202886096 0.5758006050567623 0.3490013607458997 -0.5116670546580993 -0.038137446510265065
0.00023278136299684083 -0.44446369865343255 -0.4892557235875629 -0.8446701976312281 0.7126477038014191 -0.1378394998095678 0.00148881331022255
0.00023278136299684083 0.043415813108825925 -0.8467089120101912 0.11801874799536753 -0.8239788737829232 0.44408576382982706 -0.7043819392101391
0.00023278136299684083 -0.13087489080678782 -1.3022944205214362 -0.6414869063247632 -0.2567880147159731 -0.3427427302992144 0.40607941011494064
0.00023278136299684083 0.4981166929594691 0.24243584259397433 -0.06863839268669618 0.8772136208205653 0.05962919427975497 -0.14027452638474097
0.00023278136299684083 -1.6175894080882354 -0.38900533965134726 -0.3829372351223459 0.1277906276038408 0.4301735589996925 0.0449445488269937
0.00023278136299684083 0.3928474914312669 0.5511947326633021 0.21330593850161483 -0.44568369383161716 -0.3905011933416765 -0.8372253429999231
0.00023278136299684083 0.02843673375532132 0.19920485167226443 0.005954106672155784 -0.6823556009043004 -2.402802361775448 -0.29931877066984464
0.00023278136299684083 0.35729995857182945 -0.5732396804591948 -0.09999384563477796 -0.7266307910159231 -0.7612776148904511 0.06567151424212017
0.00023278136299684083 -0.02670168676524381 -0.05209130760242851 -0.005066358203788464 -3.2165319089929723 3.79723135495205 -2.0797741873215343
0.00023278136299684083 0.0003124913159922229 0.0008711336520378484 -3.882594801088788e-05 -16.326024217439706 5.960475597530965 -21.4375064572327
0.00023278136299684083 0.2242737552814621 -0.2760328590898686 0.3559526124906763 -0.8318590445515608 0.19243544592470266 1.1582759749140836
0.00023278136299684083 -1.2973963626256344 -0.10702428464282877 0.35385084432032954 0.08452956105449834 -0.5673235169339346 -0.00820023833358061
