0 40 0
0.9311254519873633 -0.0024321560572619573 -0.0024490370491333764 0.0012608841142234932 0.0012297068274741056 0.002635575371062333 -0.000517675543553641
0.00023278136299684083 0.8615484807483895 1.0023774827375542 -0.3970787064373111 0.5887421953838854 0.20037109234882292 -0.163355469675197
0.00023278136299684083 -0.7629559891267557 0.8344166592236487 -0.24388138561099845 -0.2737556922368447 0.31933966824369425 -0.13319621936691853
0.00023278136299684083 0.16018564651422165 -0.7233921203933726 0.0646258091895908 0.11366501726976376 -0.3876790109579568 -0.24417971409494366
0.00023278136299684083 1.1788374626218763 0.61812855244911 -0.5693268951945936 -0.13682820086205416 0.1949273601605092 -0.27579633117536556
0.00023278136299684083 -0.002447305651707064 0.16444253054762514 0.05842216264291129 -2.072678552053383 -2.084545083303937 0.05840932802976294
0.00023278136299684083 0.09209747328635075 0.9542021262295677 -0.1775651455831059 0.020025328547642322 -0.14254312170027453 -0.454269149061222
0.00023278136299684083 0.021307082462330006 0.6119714108976845 -0.6168513056166826 -0.0802110421554623 -0.8759946318764373 0.26647365015708135
0.00023278136299684083 0.039271937385668955 0.8111758399977719 0.03032484230983993 -0.8270445382667011 -0.6585466328076885 0.25100525718488775
0.00023278136299684083 0.10109939214275775 -0.2299951076611204 -0.03534742112165976 -2.06169713813538 -0.041520920183213676 0.9815969541209115
0.00023278136299684083 0.6837591719077123 -0.5267230840941677 0.021225819016888747 0.5959389369804785 0.5301935800547398 -0.13427925183486106
0.00023278136299684083 0.673183802970254 0.5712461524988791 -0.27566250757057525 -0.7371002854005195 0.10076803056645278 0.13245965794025244
0.00023278136299684083 0.34329843735628673 0.3407848791040975 -0.14290937591852146 -0.756087577863652 0.6277140658418661 0.4049093690339563
0.00023278136299684083 0.0061566046619717435 -0.1596055540802867 0.04794316444929242 3.1801870216618853 -0.03015878931708946 0.6304795051453088
0.00023278136299684083 0.10614576408965133 0.18298319360484044 -0.04962091028451655 1.6729463245279714 -1.7874275487825646 0.5862612476307297
0.00023278136299684083 -0.3525802215269392 0.041711372356678676 -0.01668451482865319 0.3987438195496349 -1.6428012989488412 0.05320130009090956
0.00023278136299684083 0.2213160259251764 -0.08538002782411354 -0.0051657986550462266 -1.4065261351359097 0.5175080528817027 0.05432193742418708
0.00023278136299684083 -0.5057478941886974 0.4270356409574652 -0.18091914889284574 0.9583327829134571 -0.7169638784287274 0.2523578697457585
0.00023278136299684083 -0.03204805083122592 0.7540799204795755 -0.3365070504443372 0.33391348617022265 0.11442906896309932 0.03659839102136937
0.00023278136299684083 0.8771115647952386 0.34890193837382655 -0.2473005113562342 -0.20458655374350185 0.15399785128844198 -0.2580042959409762
0.00023278136299684083 0.8562733420008957 0.46458887466690396 -0.06300070167114052 0.4024468577238665 0.3312223674945234 -0.23318263822212143
0.00023278136299684083 0.4597958747825576 0.4686145943450924 -0.25496571783086974 0.6690952850473327 -0.6170830005015805 -0.35225239822040844
0.00023278136299684083 0.3941321766869444 0.8309436407437965 -0.2808970364668731 0.029857484574386826 -0.6659872566288741 0.19662717374402616
0.00023278136299684083 0.8322258129214919 0.33643162281574907 -0.45934862899944834 -0.7771597941237196 -0.24322668902715652 0.1674402164729554
0.00023278136299684083 0.22147204710466986 0.48275709573548725 -0.023735539543707055 0.8828806365357271 -0.5176023267459872 0.06229074562739009
0.00023278136299684083 0.23526277421075567 0.8953935619626552 -0.1444708820280192 0.5092914393433255 -0.10939629784069943 -0.15213081386557317
0.00023278136299684083 0.24834324199923577 0.9056876517398789 -0.17513412625146493 -0.11600142552477116 0.026797614581610566 -0.11174041557314203
0.00023278136299684083 0.4114806374373029 0.663053740859405 -0.13834255719496216 -0.2703092971345837 -0.9845257798780797 -0.06906032652023465
0.00023278136299684083 -2.569076913653948 -1.2116433807360687 0.2589521105051033 -0.18703029591527887 -0.13994886306192253 -0.022221846365750614
0.00023278136299684083 0.08675767333350563 -0.7617646874490305 -0.10091781599842152 0.8688923728603697 -0.006878916456436205 -0.193989632509707
0.00023278136299684083 1.2036323692189967 0.49991756815365446 -0.3821934773725048 -0.38045808196591746 -0.36912020309036453 0.11717440490451682
0.00023278136299684083 1.520644388055637 1.235679340627667 -0.16442760509047777 -0.1037357622045033 0.19883928204563595 0.03420424229424556
0.00023278136299684083 0.09195658047215555 -0.04942155781123578 0.014276202019182968 -3.4797110821933668 -1.8944743290571466 0.720569879742406
0.00023278136299684083 0.46519676340228233 0.9342122358587018 -0.1428419074377288 0.15809076863667473 0.020328491925137603 0.1844820816046593
0.00023278136299684083 -0.27749998946416643 -1.1996071961412282 0.3425136555868079 -0.26213602283804116 -0.5652955579822835 -0.021460813348716537
0.00023278136299684083 0.8564618922878768 -1.4039049169422488 -0.21011992584795133 -0.07147721751775707 -0.1314561881367288 -0.07075485348892419
0.00023278136299684083 -1.2770919765495057 -0.043042688020154506 0.3149599154980827 -0.6546250443155693 -0.02220390804915905 -0.027978090903851876
0.00023278136299684083 1.234171822091363 0.44433384856727154 -0.07027242287687109 -0.07166605015460013 0.05044290613176275 -0.30877383310067036
0.00023278136299684083 0.5814225905541651 0.21786311680236214 -0.10945604343166689 -1.1968583737492349 -0.3793065856730556 0.36536693503770296
0.00023278136299684083 0.4435237366116407 0.14769392534793208 -0.18183507255446812 -0.1741929041323029 1.0855059016588686 -0.2589018794698675
