0 15 0
0.9311254519873633 -5.624623260505509e-05 0.00022800716382734932 9.956050523788885e-06 -0.001443755693895801 -0.0002795197823546478 0.00013688466283771173
0.00023278136299684083 -0.5765530143204495 -1.4853581463445111 0.40319188719285637 0.22086885378326387 0.5103165526930922 -0.10845689513290609
0.00023278136299684083 -0.08126136502363085 -0.38864599409372236 -0.07962734010222962 -1.6739810952660383 0.6644750122341774 -0.009506109333979459
0.00023278136299684083 -0.10256756540752975 0.6459800671601856 0.03580303904225208 0.9297178699004598 -0.15898299195025278 -0.2179754129673513
0.00023278136299684083 -0.29837432563851407 -0.44460067551097343 0.12352255426821283 0.1815104086567997 -0.7702755172459596 0.000944286585942719
0.00023278136299684083 -0.08355367148461594 0.2861310840932925 0.008229518910502307 -1.1608589179248967 -1.8972964635486647 0.23774152613884417
0.00023278136299684083 0.5641059755455144 -0.34393158455336253 -0.0034140867894378733 1.100064418829181 -0.23465747945745835 0.03769181679001024
0.00023278136299684083 -0.11901138084535891 -0.26961534262387243 0.025116481611910216 2.130499808207239 0.8815561664424536 -0.2324213553071625
0.00023278136299684083 0.08737037260638496 0.4800882716522618 -0.07486333608626837 1.1381146771635422 0.16027182029616455 -0.2582421359658915
0.00023278136299684083 0.4442465777076843 -0.21112461458606352 -0.0049605427132785075 0.953159111140737 -0.8989674998699312 0.1256176903821586
0.00023278136299684083 -0.07108791454972961 0.24686058626223928 0.006969818940738159 2.0941532054445067 1.0347658368068329 0.05316554008831896
0.00023278136299684083 -0.11451136942993441 0.40444593883808994 -0.026061605866356384 1.33413607920421 0.9942012576005662 -0.4197197598240375
0.00023278136299684083 0.5127651664663979 -0.6412018527233551 -0.06341770169435297 -0.5108150601106759 -0.30099446441092303 0.1781282996933794
0.00023278136299684083 0.8260755097921685 0.5426538245049447 -0.36865896436687917 -0.8771758838615 0.17120549883690198 0.1689120486613409
0.00023278136299684083 -0.7626580650011141 0.26628978262025765 -0.02165392444280605 -0.08437069958362287 0.9624614009915892 -0.10341819115951331
