0 35 0
0.9311254519873633 -0.0011458783592404407 -0.004460714696893843 -0.0007968381568946332 0.00197946674749235 -0.0011084122075062756 4.733192011330021e-06
0.00023278136299684083 1.5095058218640747 0.46107921623424136 0.5109165170003195 0.18542974296851303 -0.32760407501524413 0.1309735834154473
0.00023278136299684083 0.39695370364145066 0.6075630355244646 0.3133855297878607 -0.6570555831265181 -0.4416485225808778 -0.08254487046321252
0.00023278136299684083 0.6399087315100339 0.18835233089896927 0.1486902672696639 0.1053190268370104 -0.9380510294634838 -0.1644171857161922
0.00023278136299684083 0.7504162408254395 0.6157865804503202 -0.10292258160723992 0.17261084957818815 -0.15028857444949728 0.033579746562352304
0.00023278136299684083 0.714532871113759 0.7368210330512067 0.1702447653617427 -0.7790558721206394 -0.1060650160914045 0.029451260192797032
0.00023278136299684083 -0.8952411043199138 -0.32324061689854827 0.20803759838458444 0.3398158114373372 0.4504787650159556 -0.19520842920660902
0.00023278136299684083 0.879283921829895 1.0223482167662385 0.34102916865130595 -0.6324563744548716 -0.005102409616185164 -0.0034202297288905706
0.00023278136299684083 0.008920559560790148 0.5077119885223627 -0.07130003067794154 -0.6857529918586279 1.0616494547076119 0.2325727315696169
0.00023278136299684083 0.6537180399947375 1.1076894159596222 0.21888783099292028 -0.24789138432056965 0.30492628562080193 -0.13929355055560763
0.00023278136299684083 -1.7347665511486028 1.710429836482923 0.27937312154435495 0.027216001200864672 0.08776636465254363 0.0534566096166856
0.00023278136299684083 0.9077739780130097 -0.46719613772890367 0.14033105196794854 0.0777251328561939 0.24384009701589124 -0.1631815404926929
0.00023278136299684083 0.011101133652732081 0.7902243332447589 0.06891474494974777 -0.34299070970521306 0.07009840262699435 0.13180743152349342
0.00023278136299684083 -0.5974296678827801 -1.089433215716705 0.049758294791292804 0.12894591943478834 0.7474101075426461 0.09242021988381978
0.00023278136299684083 0.20318819107642877 0.22654035018963112 0.04569190252498179 -0.14672917874816788 2.0101909046829576 0.1792565861274064
0.00023278136299684083 -0.22673463315815062 0.1755173189570276 -0.020455266797029675 0.010608376318056905 2.052736989660547 0.43442022328680524
0.00023278136299684083 0.782359697663943 0.5464250370007647 0.09308868648008756 0.46905367597885317 1.0066749736789995 0.1552222484664803
0.00023278136299684083 -1.129019486521103 1.1464858434393765 -0.1450566445092477 -0.2328151779975902 -0.5530561176489969 -0.041962518164729845
0.00023278136299684083 0.14891307972010318 0.27895757578755825 -0.091079803959079 -0.0018466741220662453 0.01175532293321742 -0.007437188099597966
0.00023278136299684083 0.5388668124681395 1.0006950998088198 0.07219527640047206 -0.34872392834528954 0.501245903368681 -0.019147885099856488
0.00023278136299684083 0.2635325357690722 -0.34861833612127907 -0.053169577878964536 -1.7821905477667042 0.04442875242864244 0.019277132853725235
0.00023278136299684083 0.6082538282261392 0.03378353585774154 0.165602892151295 0.6908925313598587 0.5594972206433032 0.08059254487065329
0.00023278136299684083 0.8258468275331795 0.3372016365459816 -0.15970969371673183 0.21227629740202075 -0.3147461296623933 0.04948742750838617
0.00023278136299684083 -0.2960710133201146 0.5036993221934449 0.10975207627354025 -0.4553264564064497 -0.18765810576632558 -0.028748103040832664
0.00023278136299684083 -0.6376508422162759 0.5768893401048508 0.16015804098920985 0.013365218771356088 0.24040223518761233 -0.19404260671334445
0.00023278136299684083 -0.30636630263965675 -0.3523830398466307 -0.04098968253789611 0.5712851680055139 1.5890252454530538 -0.21017049072094654
0.00023278136299684083 -0.04409218808437797 0.45828098491047 0.0048674984482881736 -0.8119813448652224 -0.7479241446089301 0.07326555826092972
0.00023278136299684083 -1.048462108403212 1.49627988492684 0.5140698015902692 0.1341209540107377 -0.6025718051383027 -0.13590155176526286
0.00023278136299684083 -0.8597910949613623 2.3975617849413813 0.5280275241885023 -0.2860999175754851 -0.1224860143986013 0.02536057603470041
0.00023278136299684083 0.5671676177183679 -0.0356585704904254 0.18332299690181783 -1.2802064317557151 0.1426799775035914 -0.15327175441016194
0.00023278136299684083 0.40652836389567854 -0.0426529692268744 -0.05056539675216973 -1.0543269009418692 -1.5445138016379467 -0.29814914476511445
0.00023278136299684083 1.566300057392816 1.777166448781046 -0.1965598565933175 0.017205536516420566 0.1406633532392404 -0.04986183455726836
0.00023278136299684083 -0.597869884328884 0.6384436701312182 0.0410700202789039 -0.0035589154844480045 -0.5879387758345349 0.08948784844615117
0.00023278136299684083 0.566771277181728 0.259815721992787 -0.17361121596748244 -0.6759654492040797 -0.6303156367123249 -0.16156822230145682
0.00023278136299684083 0.00716502329026105 0.9002921308971886 -0.07464322835347478 -0.6487633938455897 0.42814863268785813 0.21876260913700707
