0 20 0
0.9311254519873633 -0.000734960733293584 -0.0009630699119882048 7.996641481232483e-05 0.0002660909532280032 -0.00031383092271260074 -0.0002938273399177232
0.00023278136299684083 1.1595913802121425 -0.009576309316310693 -0.05736651505660781 0.08095307720812196 -0.7334148762797855 -0.13089459852166063
0.00023278136299684083 -0.538630105390934 -0.6200648553654842 -0.04180425817574281 0.17677392477709086 0.7355567073758071 -0.0938283247359043
0.00023278136299684083 0.6726805709144194 0.33783804437492326 -0.07334814329145833 -0.12136275378380915 1.0135508134120879 -0.013966683075690392
0.00023278136299684083 0.030223023102397148 0.8030697896949429 -0.05888615892923936 -0.8779135614916583 -0.0307447431208291 -0.2424422134682747
0.00023278136299684083 -0.6112995676527956 -0.2409697096273563 0.07218994039247835 0.8843170589101208 -0.6537298198198765 0.10485523582997704
0.00023278136299684083 -0.46472512124273296 0.04420144053881529 0.02983763711200678 0.03305485897712501 -1.4577081047257683 0.1226600966822405
0.00023278136299684083 1.2960572626296207 0.33086906333033816 -0.23370694766870576 0.36002088179378017 -0.5989141459580093 -0.11889318307828493
0.00023278136299684083 -0.34346722216875897 -0.3502565514762505 -0.20428341943881906 1.1783813571968291 -0.8785640106754611 0.20630103628197546
0.00023278136299684083 0.42190753858948643 0.4048019309122044 -0.18344664391528562 0.8973861270847242 1.108463088766571 -0.29122180935902864
0.00023278136299684083 -0.2759187299364793 -0.05768878019098134 0.00720189632582851 1.4260222144999894 -1.6698883784246428 -0.006413268302479755
0.00023278136299684083 0.049795728481595594 0.4595896212805894 0.09990848935549176 1.2803059952116616 0.41972365372548903 0.18930666712793992
0.00023278136299684083 0.15951167236135838 0.24557605595201049 0.023009259849099364 -1.355963915134643 1.3408586332453771 0.15869076776912605
0.00023278136299684083 1.5425791418027337 1.194394946640742 0.09346497991308082 0.010538522717913442 0.0003120214501318083 -0.014157739231045933
0.00023278136299684083 0.3246626819575291 0.8142636217237693 0.05891091446353861 -0.6492393994646392 -0.3567625008161343 -0.0012310775016815736
0.00023278136299684083 0.038790382521786 0.073912731842488 0.0062219430210023585 -2.535839270524504 3.6325627108578984 0.7960309444851563
0.00023278136299684083 0.18340621757662917 0.2787450264244704 -0.03921154895694946 -1.1710268893427087 -1.7843601798320612 0.24421322118260716
0.00023278136299684083 -0.4813957849686624 -0.28495861099792924 0.074991212250702 1.0015540618617336 -0.931903194276755 0.0498319303418974
0.00023278136299684083 -0.24843048722191569 -0.16813519695064966 0.004384222570954641 -0.8055022138915816 2.064402209807506 0.08680381515995471
0.00023278136299684083 0.02450435160666805 0.596667389163071 0.10206748092932838 -0.876823889517557 0.03588380613886019 0.12966454208406927
