0 20 0
0.9311254519873633 -0.0014109110168648087 -0.001653363955483085 0.00031421226750069566 -0.0012508961515413683 0.0008081642090028425 -0.00028180932777197026
0.00023278136299684083 0.8990003652565632 1.723627886880232 -0.4666813294150083 0.40891439591244055 0.09175579780304179 0.027524012434290767
0.00023278136299684083 0.31891967969900403 -0.11474086777508542 -0.07872716108692042 1.8804917726856076 -0.7768173355306476 -0.3195529629440411
0.00023278136299684083 0.37454867900847905 0.8366160865960512 -0.2613435779059222 -0.3648621694358036 0.2382288556407177 -0.015240583228173574
0.00023278136299684083 -0.007793045337499417 -0.2527014212671482 0.020776796203787147 2.258618244745981 -0.8143064774096553 0.3608035018942012
0.00023278136299684083 0.7935898993928672 -0.5647331233573745 -0.013031898832093564 0.6840521033510213 0.575845741351631 -0.14829540621462278
0.00023278136299684083 0.030772207527541673 0.7923504000428114 0.049545181145514 -0.4728708816603074 -0.5366247010495201 0.11603933992820215
0.00023278136299684083 -0.06538665682568606 0.2193044744801711 -0.20148000143765277 0.32519045320541995 -1.1404319669618224 1.0332747870053611
0.00023278136299684083 -0.36472106189674036 -0.43665090060864914 0.1081232905118221 -1.0692206859775246 0.27474578563675806 -0.1959187268174037
0.00023278136299684083 0.5669187093371635 0.10933200905267142 0.1693236017771728 0.5393122622126156 1.3332136352202668 -0.14344444779100993
0.00023278136299684083 0.18280091875582838 0.2905358725167046 0.11985192693331057 0.8737109641341042 -1.2214958882957663 0.07732001500493407
0.00023278136299684083 -0.30138946970789576 -0.046671472145490084 -0.061615976877513905 0.03284774695155847 -1.791136191322368 0.9933682281165696
0.00023278136299684083 -0.05822598860417265 0.938915183276348 -0.07628621462304148 -0.5188731506093964 -0.2652769063884638 -0.12337953840259767
0.00023278136299684083 1.8768220476595805 1.6098780487397724 -0.3401030508549962 -0.2457034493035736 -0.04749506333049596 0.05494607412841559
0.00023278136299684083 -0.2479085482380879 -0.5138143971444086 -0.07214180280379896 1.26640850889535 -0.334981401982624 0.12941781752866782
0.00023278136299684083 0.4631519265404205 -0.06669983924542008 -0.06703154172397478 0.5707364543233275 -1.2771255150307985 -0.15752988270914015
0.00023278136299684083 0.3070109239505483 0.728646602262626 -0.017192458660765218 1.032544272168204 -0.12389285709749978 0.23319590678306415
0.00023278136299684083 0.6049899962373568 1.0144076159844237 -0.1187090875961162 -0.6921427070802947 -0.01782585319526308 -0.08849258698524688
0.00023278136299684083 0.505595170605895 0.047707131423122745 0.10244249284787128 -0.6238213203835122 1.3318629158097988 -0.11603616170563542
0.00023278136299684083 -0.23505168590747375 0.2981465322179982 -0.052568257604451586 -0.8817482079697497 1.2691005901213375 -0.5907620749379536
