0 35 0
0.9311254519873633 -0.0019942923684645496 -0.003122164419374206 -0.0006373873902351102 -0.00012408556639324355 0.0003246683979560511 -0.00012001631726743437
0.00023278136299684083 1.7420126918085224 0.3429946131578753 0.21192463341923085 0.09265371589386745 -0.2990221780018355 0.04930258797266671
0.00023278136299684083 0.4192569892314328 0.28260831918754065 0.022175057060092755 -0.5484887761456938 1.1445584636076853 -0.3452211042869688
0.00023278136299684083 0.47733121339434764 0.1318867691720088 -0.012209583886201244 0.33991736386160554 -1.1974547006771967 -0.2719473341982517
0.00023278136299684083 0.6496414898527725 0.8191602991402774 0.03776332526716873 0.5745293556914625 -0.056031397194952634 -0.10392970603238298
0.00023278136299684083 1.297623542947696 0.6319450341408674 0.046331188924461975 0.03516120873570588 0.0367016337883122 0.04093104607546778
0.00023278136299684083 -0.8488390861828963 0.3353462204404651 0.030459576280294692 -0.6488190472054974 -0.004916911791200713 0.057805032207910105
0.00023278136299684083 1.0671374113789618 1.8714522987445839 0.6835829364562515 -0.3860364335356937 -0.22238555694627438 -0.099470402617685
0.00023278136299684083 0.13064974250604536 -0.2112699484283899 0.001902192677474433 1.7508068772201948 1.4960875384788948 0.43865342600148344
0.00023278136299684083 0.34837251603595953 -0.0602178996613952 0.023467594411680504 1.048353084053909 1.4594276484798085 0.46114565874205826
0.00023278136299684083 0.9968262305119676 1.0112729922597135 -0.18171160345110213 -0.10171838989248695 0.42282762786355854 0.025028544943986587
0.00023278136299684083 1.4825824042108995 -0.00392829521474219 0.24102174382974687 0.15139043736928567 -0.27420511369502437 -0.10509443345710681
0.00023278136299684083 -0.6106972892846133 0.8291555502832048 0.17928599485270064 -0.24927527335056227 -0.40430379489845325 0.07436095644728531
0.00023278136299684083 -0.615208512558302 -2.042958280716372 -0.22115850514227545 -0.21398434409527584 -0.24742567541867988 0.008007874717436402
0.00023278136299684083 0.3416737850478294 0.016447117079783278 -0.04254778577686902 0.4131923555523273 1.9275334773470507 0.4246880524829641
0.00023278136299684083 -0.3844069375679259 -0.2769952695036355 -0.011815966367559197 -1.1346623357173757 1.228508398454521 -0.10811577829836365
0.00023278136299684083 0.16467365103933065 1.1141344878732131 0.0881466406535685 -0.4227757930827767 0.270622657283189 0.041665940636613545
0.00023278136299684083 -0.2803368114670336 0.9578162642570881 0.14262104669721606 -0.5588339865798513 -0.6987631965912622 0.13300658211459476
0.00023278136299684083 0.48226365224359713 0.027909040505791315 -0.12109429697145839 -0.7878709487662242 -1.3248639349910798 0.10420853603541821
0.00023278136299684083 -0.44376641225334335 0.4865988518954815 0.08343374317221854 -0.49676583554671255 -0.747229392051284 -0.08140573891876947
0.00023278136299684083 0.7167671401263681 0.19423731802959118 0.08111187309595944 0.29853109656023874 -0.17877010243240893 -0.07237215164105452
0.00023278136299684083 -0.10021062315902683 0.4614026352180433 0.1281063302837092 0.9401595702013555 0.5157813214632426 -0.09417818164134045
0.00023278136299684083 0.4327794935233737 0.3194946030069164 -0.06571244137042073 0.6583809847237583 -0.792250854420692 -0.1554715616838219
0.00023278136299684083 -0.40476867645050785 0.5388980404931241 0.10344730901612956 -0.8843690017507047 -0.6867833706832344 -0.013153916165630136
0.00023278136299684083 -0.0714918769505291 0.21892657036366145 -0.1232030805765705 -0.10603210318161514 0.36691528566155973 -0.19201401606801385
0.00023278136299684083 0.2004853393930442 -0.1289101442073374 0.1393419666769429 0.6508189127997392 -2.0101167850529724 1.003048718303245
0.00023278136299684083 0.4606083459954535 0.7334948873339313 0.053395303306185096 -0.5922079276576228 0.7663689431242082 0.026960950560072038
0.00023278136299684083 -0.7917029345040149 0.853102985393499 0.13213396458535515 -0.7617057055387362 0.44286373954732466 0.17002988252282558
0.00023278136299684083 -1.002313202050427 0.6157851917429309 0.2601585313321287 0.15305731314584445 -0.821298213511688 -0.28615200035699284
0.00023278136299684083 0.729014017535131 -0.036022217052954504 0.015585297161041244 1.0527877503789365 -0.47642479900738355 0.043087595192746964
0.00023278136299684083 1.0173953683297596 0.5375629777955396 0.3543067353482335 0.21235704972627492 0.39127427818137434 0.046790375581340596
0.00023278136299684083 1.9597125458662386 2.14700549405086 0.20097140203896954 -0.1250081958903742 -0.1633207640246383 -0.020894796254619954
0.00023278136299684083 -0.25455869141093973 -0.12240124834116915 0.016909854461153475 1.0669061785461404 -1.2112026866098218 -0.09209598440633433
0.00023278136299684083 -0.22284684756994685 -0.4603111665730924 -0.08698408984086112 -1.2133631195861478 0.8560303712812021 -0.48129862624509984
0.00023278136299684083 -1.1084901957128588 0.35303358563038084 0.1384026733158499 0.28925622863566874 -0.8074055483860582 -0.1458407591959425
