0 10 0
0.9311254519873633 -0.0007801769506592353 -0.0002340723202550875 -0.00028255673615463383 -9.013462664889657e-05 0.0018180826000682559 0.00035889097729971164
0.00023278136299684083 1.7645282988567519 1.089449609899114 -0.23678738727125445 0.036576614092845745 -0.0865793115283227 0.13945667974753265
0.00023278136299684083 0.5661515586723505 -0.0011196566927139339 0.559463319778098 1.2388010834027734 0.5216574335951049 0.33234853980232376
0.00023278136299684083 -0.34654382764699626 -0.337218952266189 0.17911089869142993 0.9346159915528528 -0.4406957496399618 -0.49864555611193806
0.00023278136299684083 -0.508952361220322 -0.5008141426774232 0.7855976459962968 -0.2975590614063719 -0.13541265056532875 -0.3257857828030337
0.00023278136299684083 2.2421300930143895 1.6956142454938652 0.03878945659116377 -0.38433916627864384 -0.02537340665158346 0.20896603093201704
0.00023278136299684083 -0.4869882730719855 -0.7706205554113889 -0.03928507533191623 0.9043464961839344 -0.17781378199543 0.30245940738774557
0.00023278136299684083 0.4681824119035935 0.27949297128055994 -0.1414702458257232 -1.0102381678867551 0.6031219686142424 -0.8778461701472988
0.00023278136299684083 -0.0005883113433301361 0.001494955633671549 0.00040459466991189243 -1.8569219511990556 -6.848877551142643 -0.9143859623924397
0.00023278136299684083 -0.5772117865315837 -0.5199891942335398 -0.01559626267954018 0.795256668134007 -0.6823573509590973 0.19786890438624552
