0 25 0
0.9311254519873633 -0.003196907185558004 -0.001944368117158263 0.00037310910723391933 0.0005453663263376065 0.0012592322519106832 0.0020701298478862282
0.00023278136299684083 0.41521489968662917 0.36895690041333246 0.034038220203014335 -1.3047836683996077 -0.4015539424501175 -0.11763443997677013
0.00023278136299684083 -0.13890049495750614 0.6413063058801379 -0.1265549393276941 0.37241517880862507 0.24280764783521988 -0.10117353143750288
0.00023278136299684083 1.1474007013106358 -0.4862526546602582 0.08928134298058626 0.6231252291732894 0.3508791812934386 -0.07825662914750223
0.00023278136299684083 1.1673226189771264 0.7594974261219164 -0.2471447675408969 0.04874412494780037 -0.405613363603806 -0.07060756099031128
0.00023278136299684083 -0.7762967562684913 -0.10105106702098769 -0.22452553816823667 -0.6843334368989378 -0.39674935068313366 0.00209894154027439
0.00023278136299684083 0.9718914141737641 0.37639623963563035 -0.013210432208293071 -0.03362387205715487 -0.9105125208355513 0.10866139259301155
0.00023278136299684083 0.8357023447844485 1.765955511228315 -0.5711320550864131 -0.3605637347859969 -0.28384345584829274 0.037986965567093904
0.00023278136299684083 0.3309188336142367 0.12865125156143822 0.02317150669247156 -1.7306837644562167 -0.6788058223897528 -0.11926083332979355
0.00023278136299684083 0.5849105035742211 0.4279699237586966 0.019642460981106943 0.6237069869018282 0.7721145984709584 -0.15175017853069173
0.00023278136299684083 1.125936647242376 -0.9819253737778263 0.0669850547200956 -0.08700286881697547 0.06231123154483708 -0.19441748492842115
0.00023278136299684083 0.006257568558918989 0.01528561421964744 -0.014596130975528619 2.5036127496598026 -3.3442801959545583 -7.497753393978537
0.00023278136299684083 0.4514072052309641 0.49632013363343824 -0.15008494058359156 -0.320749776952277 -0.7650242575389 0.2549032798922086
0.00023278136299684083 1.268287226938013 0.8340180541384349 -0.05846119649493354 -0.024120563072304875 -0.32181286090975414 0.143802479735779
0.00023278136299684083 0.49518508904055064 0.9436757963638497 -0.2412375388275111 0.3718491611046284 -0.23795802840671376 0.3393850994367065
0.00023278136299684083 0.5780369806357449 0.621959692226667 -0.19109945599212327 0.15027870503737345 0.5813391069309046 -0.3438711452230304
0.00023278136299684083 -0.48975955318215114 0.8931343282043629 -0.09274691608344977 0.12192892526997694 -0.6030636898061518 0.025891556586823797
0.00023278136299684083 1.3542255891914965 -0.8773731768976409 0.0010439860152922067 -0.06550423950203384 -0.09044790938994579 0.1268574991566598
0.00023278136299684083 0.13954775427707583 0.7860731396593169 0.03283763947083546 0.006487130899627265 0.5198676697346233 -0.2060535128488823
0.00023278136299684083 -0.7387024573802126 0.557013876129473 -0.08522458266932405 -0.5412163851397955 0.42857467186934184 -0.01429114784211863
0.00023278136299684083 1.3873997852702604 0.3221065797465488 0.2029018241356626 -0.15189281295997545 -0.06751963158334615 0.3508810878820086
0.00023278136299684083 0.3650493953400285 -0.1845916788455575 -0.010931855011983732 -1.0021386014817761 0.635587316530757 -0.09188067433446485
0.00023278136299684083 0.7882851941828496 0.35242404201623123 0.027580359594663487 0.7958845947695616 -0.2360729715097868 -0.2345959973829026
0.00023278136299684083 0.405661249190947 -0.08157590223725782 0.13114145310617187 -1.4928734788436238 0.08685301028696689 -0.2376456614951783
0.00023278136299684083 1.112647002798451 0.1994975071318735 -0.09410992786558833 -1.088855627285077e-05 0.02599455877003685 -0.21179550248937462
