0 10 0
0.9311254519873633 5.0382880472845105e-05 -0.0005212690719274141 -0.0001986892805773169 0.0026857684433558987 -0.0008355104237953562 -0.003337964804472536
0.00023278136299684083 2.475510267987022 -1.9842535026448178 0.2454707076934541 -0.46316600098945543 0.1538411933733855 -0.008183449367854001
0.00023278136299684083 -0.21664745979879196 1.0926454723795702 -0.21390287091635685 -0.19079360503068973 0.2467372774076719 -0.5363010405552402
0.00023278136299684083 -0.04968170135321218 0.7693443189696578 1.000750675796908 0.010967811694742435 0.17870334572479843 0.6261572206422502
0.00023278136299684083 -1.1087161761133046 -0.14043133762928736 -0.003022499646996306 0.39911473577433926 -0.5011367533728568 -0.03347175471629595
0.00023278136299684083 -0.011288683045819313 0.6645269424340532 0.05826884921643487 -1.0819985136719386 0.1688399177545947 -0.4999090217829656
0.00023278136299684083 -0.5713875398150015 -0.19705430339372548 0.08030609634000817 0.6285820953528976 -0.747447563768276 0.01095782813699294
0.00023278136299684083 0.0008098425271289696 -0.0011202330923510044 -0.0016976784065594298 -8.729514572902676 4.216330310691448 13.975048679441441
0.00023278136299684083 -0.9614725698424614 0.7901719625637291 0.37469516454065444 -0.6408719589893943 -0.5259793183884235 -0.187569764655208
0.00023278136299684083 0.24134249751917253 1.0912469681257186 -0.7461113223083363 -0.6753937646614189 0.1521532857590827 0.005130520747027472
