0 20 0
0.9311254519873633 -0.0009100181401913157 -0.0018417057198548282 0.0005535484970756319 0.00038548105220018554 -0.0002487397711096473 9.10479709533891e-05
0.00023278136299684083 1.5302516511273778 1.3308622241027621 -0.4672980413833437 0.3597632631411404 0.09983854280371203 -0.03670123179752604
0.00023278136299684083 0.5416735070926735 -0.3971792028101786 -0.1239689025815418 0.8563422329417084 -0.535272728858041 -0.007523477677703755
0.00023278136299684083 -0.3230201876290219 0.08979387067093818 -0.0015740663856989307 -1.1619887803853475 1.2672436006912384 -0.3754551690617856
0.00023278136299684083 0.6415872210309019 0.13273289605313804 0.08728336827073539 0.2822887966050495 1.152649307991579 -0.001400805808341402
0.00023278136299684083 0.2650425521301444 0.6950758475259248 -0.23499092268140842 -0.7553893722145988 0.03428443961531667 -0.19023799739693883
0.00023278136299684083 -0.39920386144253533 0.31214267984989036 -0.047546290223422286 0.9851959829959179 -0.7695531615886008 0.11788686023534546
0.00023278136299684083 -0.7242657736321225 -0.5105806115034297 -0.02925936649983922 0.33307772428029203 -0.9088775134518167 -0.01763166346410515
0.00023278136299684083 -0.8332649424429449 0.6494749776126941 -0.23014192309819098 -0.07545081743401724 -0.0017456399228583204 -0.11788254527573801
0.00023278136299684083 -0.1840400211526792 1.1524467243996512 -0.13118056515786922 0.4151614105597657 -0.41249926159598427 0.10746145629028718
0.00023278136299684083 -0.3878900744555282 0.5169164534017493 -0.002599515187348614 0.002836247361121923 0.7370236317513387 -0.0456826478635483
0.00023278136299684083 -0.11898814347561892 -0.48247433583433624 -0.01985983408722287 1.2854700031097355 -0.6776101101720526 -0.012153385531308961
0.00023278136299684083 -0.037854959881207 0.717976074351464 -0.17495711289240512 -0.7352401334011306 -0.7711565282138938 0.16404856206402615
0.00023278136299684083 1.383363059795793 0.9686371655193655 -0.28860331601776035 -0.39540575141534384 0.12252386807377588 0.17815710817909908
0.00023278136299684083 -0.6298237573819707 0.07589064816320933 -0.22486653132950402 -0.34205472563224226 0.7315306530710635 -0.04081685584287951
0.00023278136299684083 -0.23208375774067558 -0.8969842933796688 -0.24606890129629508 -0.6405005901327525 0.3239201304819186 -0.10888729582928763
0.00023278136299684083 0.6245285402317553 0.4058670415986489 0.005688539762016178 -0.24350009112715257 0.9621501860265486 -0.06736141714691993
0.00023278136299684083 0.822209904805396 0.8049480786768445 0.21881667739975924 -0.5714635529815172 0.2191849518116046 -0.05501314154694398
0.00023278136299684083 0.4601571265836091 0.4932948485504342 -0.3348112198979105 -0.9827649229806308 -0.7066600981214408 0.26717029649349017
0.00023278136299684083 1.2416944772012197 1.3079817924681456 0.03174393498471786 -0.1583011320907447 0.12798481404518502 -0.12216853283277733
